#   DETECTOR OUTPUT MSH/DMSH
#   X BIN:    20 Y BIN:     1 Z BIN:     1
#                DETECTOR TYPE: DLET      
#   X START:-0.130D+02 Y START:-0.500D+00 Z START:-0.100D+00
#   X END  :-0.110D+02 Y END  : 0.500D+00 Z END  : 0.100D+00
#   PRIMARIES: 0.858D+06
-0.1295000E+02  0.0000000E+00  0.0000000E+00  0.1048969366466880E+01  0.4360630760115738E+00
-0.1285000E+02  0.0000000E+00  0.0000000E+00  0.1263808608596246E+02  0.4890253097670305E+01
-0.1275000E+02  0.0000000E+00  0.0000000E+00  0.7665412190695318E+01  0.2681225183645989E+01
-0.1265000E+02  0.0000000E+00  0.0000000E+00  0.4888294065950592E+01  0.2322626169606321E+01
-0.1255000E+02  0.0000000E+00  0.0000000E+00  0.4791960301534428E+01  0.2719474728685022E+01
-0.1245000E+02  0.0000000E+00  0.0000000E+00  0.6038788690062384E+01  0.4372665756297914E+01
-0.1235000E+02  0.0000000E+00  0.0000000E+00  0.3860731987315391E+01  0.1483211104225134E+01
-0.1225000E+02  0.0000000E+00  0.0000000E+00  0.3979740664403215E+01  0.1988136100317040E+01
-0.1215000E+02  0.0000000E+00  0.0000000E+00  0.2267872542641292E+01  0.9297901440796992E+00
-0.1205000E+02  0.0000000E+00  0.0000000E+00  0.1772114468704149E+01  0.8665706823425138E+00
-0.1195000E+02  0.0000000E+00  0.0000000E+00  0.8843986169189254E+01  0.4272178749303045E+01
-0.1185000E+02  0.0000000E+00  0.0000000E+00  0.5913957969117244E+01  0.2146441230279847E+01
-0.1175000E+02  0.0000000E+00  0.0000000E+00  0.5250478317760568E+01  0.2268706401621103E+01
-0.1165000E+02  0.0000000E+00  0.0000000E+00  0.8940181573809914E+01  0.3726613182501135E+01
-0.1155000E+02  0.0000000E+00  0.0000000E+00  0.4775288832857733E+01  0.2523389171934164E+01
-0.1145000E+02  0.0000000E+00  0.0000000E+00  0.7180571145596090E+01  0.3210135344716097E+01
-0.1135000E+02  0.0000000E+00  0.0000000E+00  0.5218985555530159E+01  0.2689477455063080E+01
-0.1125000E+02  0.0000000E+00  0.0000000E+00  0.6856211538775416E+01  0.2409094018508260E+01
-0.1115000E+02  0.0000000E+00  0.0000000E+00  0.1600385431363034E+02  0.4410198259371153E+01
-0.1105000E+02  0.0000000E+00  0.0000000E+00  0.9441787096068250E+01  0.2831266112682643E+01
