#   DETECTOR OUTPUT MSH/DMSH
#   X BIN:    20 Y BIN:     1 Z BIN:     1
#                DETECTOR TYPE: TQ-EFF    
#   X START:-0.700D+01 Y START:-0.500D+00 Z START:-0.100D+00
#   X END  :-0.500D+01 Y END  : 0.500D+00 Z END  : 0.100D+00
#   PRIMARIES: 0.114D+07
-0.6950000E+01  0.0000000E+00  0.0000000E+00  0.1632583309536573E+02  0.3680339598585132E+00
-0.6850000E+01  0.0000000E+00  0.0000000E+00  0.1632739362542943E+02  0.4100797246217486E+00
-0.6750000E+01  0.0000000E+00  0.0000000E+00  0.1591984851613212E+02  0.3276262413820989E+00
-0.6650000E+01  0.0000000E+00  0.0000000E+00  0.1597874856211637E+02  0.3464266772716343E+00
-0.6550000E+01  0.0000000E+00  0.0000000E+00  0.1516295247744353E+02  0.2915261978617458E+00
-0.6450000E+01  0.0000000E+00  0.0000000E+00  0.1563481071626975E+02  0.2775708665385925E+00
-0.6350000E+01  0.0000000E+00  0.0000000E+00  0.1498710020555199E+02  0.2450035020064177E+00
-0.6250000E+01  0.0000000E+00  0.0000000E+00  0.1448679584106480E+02  0.2122111380085415E+00
-0.6150000E+01  0.0000000E+00  0.0000000E+00  0.1391786241616071E+02  0.1939676395935369E+00
-0.6050000E+01  0.0000000E+00  0.0000000E+00  0.1367133584122097E+02  0.1552093443774204E+00
-0.5950000E+01  0.0000000E+00  0.0000000E+00  0.1314749452176748E+02  0.1279539096327204E+00
-0.5850000E+01  0.0000000E+00  0.0000000E+00  0.1260673096458344E+02  0.8326231469224615E-01
-0.5750000E+01  0.0000000E+00  0.0000000E+00  0.1225915076235671E+02  0.7236866145345211E-01
-0.5650000E+01  0.0000000E+00  0.0000000E+00  0.1197417859416120E+02  0.6990751906884768E-01
-0.5550000E+01  0.0000000E+00  0.0000000E+00  0.1173590862991485E+02  0.5257558769020880E-01
-0.5450000E+01  0.0000000E+00  0.0000000E+00  0.1147371799957590E+02  0.4550504827010526E-01
-0.5350000E+01  0.0000000E+00  0.0000000E+00  0.1137192497711393E+02  0.3555016492111431E-01
-0.5250000E+01  0.0000000E+00  0.0000000E+00  0.1120850062945631E+02  0.3183267696925658E-01
-0.5150000E+01  0.0000000E+00  0.0000000E+00  0.1112168888588905E+02  0.2911595179850944E-01
-0.5050000E+01  0.0000000E+00  0.0000000E+00  0.1107614389399925E+02  0.2441742566400668E-01
