#   DETECTOR OUTPUT MSH/DMSH
#   X BIN:    20 Y BIN:     1 Z BIN:     1
#                DETECTOR TYPE: FLUENCE   
#   X START:-0.700D+01 Y START:-0.500D+00 Z START:-0.100D+00
#   X END  :-0.500D+01 Y END  : 0.500D+00 Z END  : 0.100D+00
#   PRIMARIES: 0.114D+07
-0.6950000E+01  0.0000000E+00  0.0000000E+00  0.4530611929097236E-03  0.6306486358610098E-05
-0.6850000E+01  0.0000000E+00  0.0000000E+00  0.4738724010350718E-03  0.6175159317287366E-05
-0.6750000E+01  0.0000000E+00  0.0000000E+00  0.4986010781472707E-03  0.6426156911594492E-05
-0.6650000E+01  0.0000000E+00  0.0000000E+00  0.5174446491262093E-03  0.6298939406714685E-05
-0.6550000E+01  0.0000000E+00  0.0000000E+00  0.5501424808343861E-03  0.6253528212856153E-05
-0.6450000E+01  0.0000000E+00  0.0000000E+00  0.5714567316805812E-03  0.6606034184639537E-05
-0.6350000E+01  0.0000000E+00  0.0000000E+00  0.5945748019680452E-03  0.5897364002460538E-05
-0.6250000E+01  0.0000000E+00  0.0000000E+00  0.6325540881808713E-03  0.6964861317114493E-05
-0.6150000E+01  0.0000000E+00  0.0000000E+00  0.7105895468379046E-03  0.7163672399096045E-05
-0.6050000E+01  0.0000000E+00  0.0000000E+00  0.7794430836040348E-03  0.7442138894128093E-05
-0.5950000E+01  0.0000000E+00  0.0000000E+00  0.8857498366936152E-03  0.8438349070101383E-05
-0.5850000E+01  0.0000000E+00  0.0000000E+00  0.1015641400693487E-02  0.8805930592118580E-05
-0.5750000E+01  0.0000000E+00  0.0000000E+00  0.1193096438377971E-02  0.9467923251403034E-05
-0.5650000E+01  0.0000000E+00  0.0000000E+00  0.1478219013474861E-02  0.1085981222859093E-04
-0.5550000E+01  0.0000000E+00  0.0000000E+00  0.1787238033681264E-02  0.1182242400494751E-04
-0.5450000E+01  0.0000000E+00  0.0000000E+00  0.2181138138417038E-02  0.1395064499300758E-04
-0.5350000E+01  0.0000000E+00  0.0000000E+00  0.2622381470597704E-02  0.1375037203993615E-04
-0.5250000E+01  0.0000000E+00  0.0000000E+00  0.3183253864912166E-02  0.1769580626139070E-04
-0.5150000E+01  0.0000000E+00  0.0000000E+00  0.3805497470004993E-02  0.1918940599916392E-04
-0.5050000E+01  0.0000000E+00  0.0000000E+00  0.4505821733385889E-02  0.2077144363202061E-04
