#   DETECTOR OUTPUT MSH/DMSH
#   X BIN:    20 Y BIN:     1 Z BIN:     1
#                DETECTOR TYPE: TLET      
#   X START:-0.130D+02 Y START:-0.500D+00 Z START:-0.100D+00
#   X END  :-0.110D+02 Y END  : 0.500D+00 Z END  : 0.100D+00
#   PRIMARIES: 0.104D+07
-0.1295000E+02  0.0000000E+00  0.0000000E+00  0.1221924662417483E+01  0.5078846632698009E+00
-0.1285000E+02  0.0000000E+00  0.0000000E+00  0.1128538761198460E+02  0.4280972981397325E+01
-0.1275000E+02  0.0000000E+00  0.0000000E+00  0.7465710834100511E+01  0.2358866038839265E+01
-0.1265000E+02  0.0000000E+00  0.0000000E+00  0.4386822144246837E+01  0.1890417861762017E+01
-0.1255000E+02  0.0000000E+00  0.0000000E+00  0.4324701148862786E+01  0.2312318397014618E+01
-0.1245000E+02  0.0000000E+00  0.0000000E+00  0.6472546823989787E+01  0.4545667120258240E+01
-0.1235000E+02  0.0000000E+00  0.0000000E+00  0.3968979222709201E+01  0.1353732033579343E+01
-0.1225000E+02  0.0000000E+00  0.0000000E+00  0.3975944215853849E+01  0.1734235479742331E+01
-0.1215000E+02  0.0000000E+00  0.0000000E+00  0.2643916711204587E+01  0.1084698277657613E+01
-0.1205000E+02  0.0000000E+00  0.0000000E+00  0.1964319068682744E+01  0.9295759027164147E+00
-0.1195000E+02  0.0000000E+00  0.0000000E+00  0.7061774682870113E+01  0.3501524561424291E+01
-0.1185000E+02  0.0000000E+00  0.0000000E+00  0.5660287468081856E+01  0.1836678071992426E+01
-0.1175000E+02  0.0000000E+00  0.0000000E+00  0.5016675042891215E+01  0.1934590339507303E+01
-0.1165000E+02  0.0000000E+00  0.0000000E+00  0.8158691699452845E+01  0.3251960348365572E+01
-0.1155000E+02  0.0000000E+00  0.0000000E+00  0.4241458641922500E+01  0.2092912620647783E+01
-0.1145000E+02  0.0000000E+00  0.0000000E+00  0.6829346127492109E+01  0.2828492835156490E+01
-0.1135000E+02  0.0000000E+00  0.0000000E+00  0.5235311766142781E+01  0.2448707198143652E+01
-0.1125000E+02  0.0000000E+00  0.0000000E+00  0.6809135322772771E+01  0.2104274818835843E+01
-0.1115000E+02  0.0000000E+00  0.0000000E+00  0.1375106270626818E+02  0.3590011000472857E+01
-0.1105000E+02  0.0000000E+00  0.0000000E+00  0.9711291567287262E+01  0.2648697212403108E+01
