#   DETECTOR OUTPUT MSH/DMSH
#   X BIN:    20 Y BIN:     1 Z BIN:     1
#                DETECTOR TYPE: TQ-EFF    
#   X START:-0.700D+01 Y START:-0.500D+00 Z START:-0.100D+00
#   X END  :-0.500D+01 Y END  : 0.500D+00 Z END  : 0.100D+00
#   PRIMARIES: 0.114D+07
-0.6950000E+01  0.0000000E+00  0.0000000E+00  0.1840802913701495E+02  0.8862433043564755E+00
-0.6850000E+01  0.0000000E+00  0.0000000E+00  0.1895227124319782E+02  0.9383881522474115E+00
-0.6750000E+01  0.0000000E+00  0.0000000E+00  0.1781378585138603E+02  0.6342542450832657E+00
-0.6650000E+01  0.0000000E+00  0.0000000E+00  0.1814037985086077E+02  0.6422883001746493E+00
-0.6550000E+01  0.0000000E+00  0.0000000E+00  0.1601924114683378E+02  0.3820100948093283E+00
-0.6450000E+01  0.0000000E+00  0.0000000E+00  0.1607792195757018E+02  0.3583493823588726E+00
-0.6350000E+01  0.0000000E+00  0.0000000E+00  0.1610500693516841E+02  0.3611637951365991E+00
-0.6250000E+01  0.0000000E+00  0.0000000E+00  0.1530073859459859E+02  0.3146376104699343E+00
-0.6150000E+01  0.0000000E+00  0.0000000E+00  0.1498293171835887E+02  0.2913667005932977E+00
-0.6050000E+01  0.0000000E+00  0.0000000E+00  0.1462753904991849E+02  0.3018591705253363E+00
-0.5950000E+01  0.0000000E+00  0.0000000E+00  0.1419912972766728E+02  0.2454090527122072E+00
-0.5850000E+01  0.0000000E+00  0.0000000E+00  0.1331087480569737E+02  0.1394861834412424E+00
-0.5750000E+01  0.0000000E+00  0.0000000E+00  0.1313749674529411E+02  0.1489912773822765E+00
-0.5650000E+01  0.0000000E+00  0.0000000E+00  0.1291239461749028E+02  0.1172959934968773E+00
-0.5550000E+01  0.0000000E+00  0.0000000E+00  0.1247033185146923E+02  0.9505867474891991E-01
-0.5450000E+01  0.0000000E+00  0.0000000E+00  0.1211777436169490E+02  0.8856655158972906E-01
-0.5350000E+01  0.0000000E+00  0.0000000E+00  0.1210236132838845E+02  0.7512934816681405E-01
-0.5250000E+01  0.0000000E+00  0.0000000E+00  0.1185894776010700E+02  0.6317228763094550E-01
-0.5150000E+01  0.0000000E+00  0.0000000E+00  0.1170961822068943E+02  0.5105129084467920E-01
-0.5050000E+01  0.0000000E+00  0.0000000E+00  0.1175711824960900E+02  0.5203112408911934E-01
