#   DETECTOR OUTPUT MSH/DMSH
#   X BIN:    20 Y BIN:     1 Z BIN:     1
#                DETECTOR TYPE: TLET      
#   X START:-0.700D+01 Y START:-0.500D+00 Z START:-0.100D+00
#   X END  :-0.500D+01 Y END  : 0.500D+00 Z END  : 0.100D+00
#   PRIMARIES: 0.117D+07
-0.6950000E+01  0.0000000E+00  0.0000000E+00  0.1543992565990617E+02  0.1334395712244023E+00
-0.6850000E+01  0.0000000E+00  0.0000000E+00  0.1540807651708553E+02  0.1203900621367364E+00
-0.6750000E+01  0.0000000E+00  0.0000000E+00  0.1526434902345269E+02  0.1342163021362926E+00
-0.6650000E+01  0.0000000E+00  0.0000000E+00  0.1504647432472438E+02  0.1176576216362060E+00
-0.6550000E+01  0.0000000E+00  0.0000000E+00  0.1495982256918991E+02  0.1148091596474790E+00
-0.6450000E+01  0.0000000E+00  0.0000000E+00  0.1479471737486306E+02  0.8815412996738314E-01
-0.6350000E+01  0.0000000E+00  0.0000000E+00  0.1447179659457207E+02  0.8116715578568391E-01
-0.6250000E+01  0.0000000E+00  0.0000000E+00  0.1415502829982893E+02  0.6545977853992932E-01
-0.6150000E+01  0.0000000E+00  0.0000000E+00  0.1391461988394346E+02  0.4595007016757949E-01
-0.6050000E+01  0.0000000E+00  0.0000000E+00  0.1367902678905866E+02  0.3521006997209813E-01
-0.5950000E+01  0.0000000E+00  0.0000000E+00  0.1342383295414803E+02  0.3121074866155817E-01
-0.5850000E+01  0.0000000E+00  0.0000000E+00  0.1326411829240878E+02  0.2540054002429694E-01
-0.5750000E+01  0.0000000E+00  0.0000000E+00  0.1312520129710101E+02  0.1802922886764883E-01
-0.5650000E+01  0.0000000E+00  0.0000000E+00  0.1297878177858101E+02  0.1274935283417895E-01
-0.5550000E+01  0.0000000E+00  0.0000000E+00  0.1287643297402791E+02  0.1213349115573821E-01
-0.5450000E+01  0.0000000E+00  0.0000000E+00  0.1279729421042217E+02  0.7995653122467330E-02
-0.5350000E+01  0.0000000E+00  0.0000000E+00  0.1274610094109053E+02  0.7441129100330517E-02
-0.5250000E+01  0.0000000E+00  0.0000000E+00  0.1269304184806618E+02  0.6664147662992839E-02
-0.5150000E+01  0.0000000E+00  0.0000000E+00  0.1265688770705902E+02  0.4618180718666969E-02
-0.5050000E+01  0.0000000E+00  0.0000000E+00  0.1263825372108125E+02  0.4923322329975569E-02
