#   DETECTOR OUTPUT MSH/DMSH
#   X BIN:    20 Y BIN:     1 Z BIN:     1
#                DETECTOR TYPE: TLET      
#   X START:-0.130D+02 Y START:-0.500D+00 Z START:-0.100D+00
#   X END  :-0.110D+02 Y END  : 0.500D+00 Z END  : 0.100D+00
#   PRIMARIES: 0.858D+06
-0.1295000E+02  0.0000000E+00  0.0000000E+00  0.1139810706042972E+02  0.1034848619001854E+02
-0.1285000E+02  0.0000000E+00  0.0000000E+00  0.9584181222271487E+01  0.3613380484769080E+01
-0.1275000E+02  0.0000000E+00  0.0000000E+00  0.4644268286216150E+02  0.3015280297612356E+02
-0.1265000E+02  0.0000000E+00  0.0000000E+00  0.3974697744622127E+01  0.1656437306435199E+01
-0.1255000E+02  0.0000000E+00  0.0000000E+00  0.6490200028503234E+02  0.6056187012655988E+02
-0.1245000E+02  0.0000000E+00  0.0000000E+00  0.1482787263696371E+02  0.1009829515717804E+02
-0.1235000E+02  0.0000000E+00  0.0000000E+00  0.1260289879156378E+02  0.8399537270116124E+01
-0.1225000E+02  0.0000000E+00  0.0000000E+00  0.3072828602372926E+02  0.2143113246660976E+02
-0.1215000E+02  0.0000000E+00  0.0000000E+00  0.7478450013213309E+02  0.4214232780687455E+02
-0.1205000E+02  0.0000000E+00  0.0000000E+00  0.3322578682688902E+02  0.3153656854839818E+02
-0.1195000E+02  0.0000000E+00  0.0000000E+00  0.1431074490228453E+03  0.8890969255168628E+02
-0.1185000E+02  0.0000000E+00  0.0000000E+00  0.1307832140359572E+03  0.5394532887740969E+02
-0.1175000E+02  0.0000000E+00  0.0000000E+00  0.1980233637629740E+02  0.1282141072374996E+02
-0.1165000E+02  0.0000000E+00  0.0000000E+00  0.1751864993552370E+03  0.1062981871548805E+03
-0.1155000E+02  0.0000000E+00  0.0000000E+00  0.3750101687602297E+01  0.1791237840472028E+01
-0.1145000E+02  0.0000000E+00  0.0000000E+00  0.5805953476208857E+01  0.2396558464545536E+01
-0.1135000E+02  0.0000000E+00  0.0000000E+00  0.4538934342927453E+01  0.2082245342952629E+01
-0.1125000E+02  0.0000000E+00  0.0000000E+00  0.5762979223112605E+02  0.3630279563879937E+02
-0.1115000E+02  0.0000000E+00  0.0000000E+00  0.1240163509591632E+03  0.6209754873801266E+02
-0.1105000E+02  0.0000000E+00  0.0000000E+00  0.3594220509742284E+02  0.1898926052074209E+02
