#   DETECTOR OUTPUT MSH/DMSH
#   X BIN:    20 Y BIN:     1 Z BIN:     1
#                DETECTOR TYPE: DOSE      
#   X START:-0.700D+01 Y START:-0.500D+00 Z START:-0.100D+00
#   X END  :-0.500D+01 Y END  : 0.500D+00 Z END  : 0.100D+00
#   PRIMARIES: 0.114D+07
-0.6950000E+01  0.0000000E+00  0.0000000E+00  0.1389609208768768E-02  0.4878291594421650E-04
-0.6850000E+01  0.0000000E+00  0.0000000E+00  0.1545199448906941E-02  0.4778877149398221E-04
-0.6750000E+01  0.0000000E+00  0.0000000E+00  0.1735539493934947E-02  0.5761325918726303E-04
-0.6650000E+01  0.0000000E+00  0.0000000E+00  0.1920737460102068E-02  0.5372739204767984E-04
-0.6550000E+01  0.0000000E+00  0.0000000E+00  0.2108841331725156E-02  0.5636247400897373E-04
-0.6450000E+01  0.0000000E+00  0.0000000E+00  0.2356730356312875E-02  0.6553008084336811E-04
-0.6350000E+01  0.0000000E+00  0.0000000E+00  0.2813962398923994E-02  0.6410629834482644E-04
-0.6250000E+01  0.0000000E+00  0.0000000E+00  0.3202734967274702E-02  0.6365956675772962E-04
-0.6150000E+01  0.0000000E+00  0.0000000E+00  0.3876498131875658E-02  0.6676397034925145E-04
-0.6050000E+01  0.0000000E+00  0.0000000E+00  0.4631064129175031E-02  0.8366976271758581E-04
-0.5950000E+01  0.0000000E+00  0.0000000E+00  0.5898294013680457E-02  0.9061696685371633E-04
-0.5850000E+01  0.0000000E+00  0.0000000E+00  0.7365241959088262E-02  0.9540026157151435E-04
-0.5750000E+01  0.0000000E+00  0.0000000E+00  0.9490937681521186E-02  0.1090179938959418E-03
-0.5650000E+01  0.0000000E+00  0.0000000E+00  0.1284832590504713E-01  0.1211427569541266E-03
-0.5550000E+01  0.0000000E+00  0.0000000E+00  0.1661187061207317E-01  0.1481884397940649E-03
-0.5450000E+01  0.0000000E+00  0.0000000E+00  0.2151269937459769E-01  0.1743826097458356E-03
-0.5350000E+01  0.0000000E+00  0.0000000E+00  0.2687545926185146E-01  0.1643166238434054E-03
-0.5250000E+01  0.0000000E+00  0.0000000E+00  0.3386715911973425E-01  0.2259718726325597E-03
-0.5150000E+01  0.0000000E+00  0.0000000E+00  0.4150416661622123E-01  0.2383954678872604E-03
-0.5050000E+01  0.0000000E+00  0.0000000E+00  0.5014659621864205E-01  0.2742305293898341E-03
