#   DETECTOR OUTPUT MSH/DMSH
#   X BIN:    20 Y BIN:     1 Z BIN:     1
#                DETECTOR TYPE: DQ-EFF    
#   X START:-0.700D+01 Y START:-0.500D+00 Z START:-0.100D+00
#   X END  :-0.500D+01 Y END  : 0.500D+00 Z END  : 0.100D+00
#   PRIMARIES: 0.114D+07
-0.6950000E+01  0.0000000E+00  0.0000000E+00  0.2140754276667452E+03  0.5815686641248398E+02
-0.6850000E+01  0.0000000E+00  0.0000000E+00  0.3664869259823557E+03  0.9840322127628441E+02
-0.6750000E+01  0.0000000E+00  0.0000000E+00  0.2636501577890668E+03  0.6332756971317552E+02
-0.6650000E+01  0.0000000E+00  0.0000000E+00  0.3067085499054935E+03  0.7467725827462399E+02
-0.6550000E+01  0.0000000E+00  0.0000000E+00  0.1375415136556347E+03  0.3076193114999691E+02
-0.6450000E+01  0.0000000E+00  0.0000000E+00  0.1024875824231613E+03  0.4010543305842695E+02
-0.6350000E+01  0.0000000E+00  0.0000000E+00  0.1897749905402171E+03  0.3874601332579130E+02
-0.6250000E+01  0.0000000E+00  0.0000000E+00  0.1192138589318374E+03  0.2074911090050112E+02
-0.6150000E+01  0.0000000E+00  0.0000000E+00  0.1779788474412878E+03  0.3340209947119209E+02
-0.6050000E+01  0.0000000E+00  0.0000000E+00  0.1446362108888182E+03  0.3253458048596796E+02
-0.5950000E+01  0.0000000E+00  0.0000000E+00  0.1870925647981249E+03  0.2985545682942254E+02
-0.5850000E+01  0.0000000E+00  0.0000000E+00  0.1535739128627309E+03  0.2188818060382275E+02
-0.5750000E+01  0.0000000E+00  0.0000000E+00  0.1608830691051376E+03  0.1943484800801875E+02
-0.5650000E+01  0.0000000E+00  0.0000000E+00  0.1730173718173453E+03  0.1775540488047537E+02
-0.5550000E+01  0.0000000E+00  0.0000000E+00  0.1420400346699421E+03  0.1361274263956024E+02
-0.5450000E+01  0.0000000E+00  0.0000000E+00  0.1295051849052263E+03  0.1227947367088233E+02
-0.5350000E+01  0.0000000E+00  0.0000000E+00  0.1498549088387850E+03  0.1333287971343594E+02
-0.5250000E+01  0.0000000E+00  0.0000000E+00  0.1479815677249831E+03  0.1267065411777718E+02
-0.5150000E+01  0.0000000E+00  0.0000000E+00  0.1331850614313874E+03  0.8514142165435818E+01
-0.5050000E+01  0.0000000E+00  0.0000000E+00  0.1426583950822810E+03  0.8957132890770122E+01
