#   DETECTOR OUTPUT MSH/DMSH
#   X BIN:    20 Y BIN:     1 Z BIN:     1
#                DETECTOR TYPE: TLET      
#   X START:-0.700D+01 Y START:-0.500D+00 Z START:-0.100D+00
#   X END  :-0.500D+01 Y END  : 0.500D+00 Z END  : 0.100D+00
#   PRIMARIES: 0.114D+07
-0.6950000E+01  0.0000000E+00  0.0000000E+00  0.2117033144358109E+02  0.4342130827627080E+00
-0.6850000E+01  0.0000000E+00  0.0000000E+00  0.2108727032265832E+02  0.3963104588012196E+00
-0.6750000E+01  0.0000000E+00  0.0000000E+00  0.2072525340151930E+02  0.3506904076595927E+00
-0.6650000E+01  0.0000000E+00  0.0000000E+00  0.2081451535130198E+02  0.3749824138832509E+00
-0.6550000E+01  0.0000000E+00  0.0000000E+00  0.1962798565316002E+02  0.2592211114625642E+00
-0.6450000E+01  0.0000000E+00  0.0000000E+00  0.1980397912459841E+02  0.2256383220071495E+00
-0.6350000E+01  0.0000000E+00  0.0000000E+00  0.1929862349846938E+02  0.2121203501050433E+00
-0.6250000E+01  0.0000000E+00  0.0000000E+00  0.1891921794374941E+02  0.2012010060284095E+00
-0.6150000E+01  0.0000000E+00  0.0000000E+00  0.1844801216930865E+02  0.1808529875133841E+00
-0.6050000E+01  0.0000000E+00  0.0000000E+00  0.1810674328586037E+02  0.1575961513592213E+00
-0.5950000E+01  0.0000000E+00  0.0000000E+00  0.1762029822983226E+02  0.1359622891440755E+00
-0.5850000E+01  0.0000000E+00  0.0000000E+00  0.1698461695881768E+02  0.7903249693290126E-01
-0.5750000E+01  0.0000000E+00  0.0000000E+00  0.1671237836969356E+02  0.7569657335442587E-01
-0.5650000E+01  0.0000000E+00  0.0000000E+00  0.1643314905786410E+02  0.6669131056912865E-01
-0.5550000E+01  0.0000000E+00  0.0000000E+00  0.1612647464795039E+02  0.5379626348616463E-01
-0.5450000E+01  0.0000000E+00  0.0000000E+00  0.1586437966201527E+02  0.5026483206909284E-01
-0.5350000E+01  0.0000000E+00  0.0000000E+00  0.1577275180193998E+02  0.3482457421991893E-01
-0.5250000E+01  0.0000000E+00  0.0000000E+00  0.1558836804763233E+02  0.3332165559237569E-01
-0.5150000E+01  0.0000000E+00  0.0000000E+00  0.1547886392873948E+02  0.2753804001773680E-01
-0.5050000E+01  0.0000000E+00  0.0000000E+00  0.1547102767515706E+02  0.2624348660237503E-01
