#   DETECTOR OUTPUT MSH/DMSH
#   X BIN:    20 Y BIN:     1 Z BIN:     1
#                DETECTOR TYPE: DQ-EFF    
#   X START:-0.130D+02 Y START:-0.500D+00 Z START:-0.100D+00
#   X END  :-0.110D+02 Y END  : 0.500D+00 Z END  : 0.100D+00
#   PRIMARIES: 0.104D+07
-0.1295000E+02  0.0000000E+00  0.0000000E+00  0.2337494486291173E+00  0.1740528406176562E+00
-0.1285000E+02  0.0000000E+00  0.0000000E+00  0.0000000000000000E+00  0.0000000000000000E+00
-0.1275000E+02  0.0000000E+00  0.0000000E+00  0.1701848236270220E+00  0.1701848236270221E+00
-0.1265000E+02  0.0000000E+00  0.0000000E+00  0.1582108712733651E+00  0.1582108712733651E+00
-0.1255000E+02  0.0000000E+00  0.0000000E+00  0.9220916362173776E-01  0.9220916362173777E-01
-0.1245000E+02  0.0000000E+00  0.0000000E+00  0.1964975365813615E+00  0.1462496845910560E+00
-0.1235000E+02  0.0000000E+00  0.0000000E+00  0.1259867563426903E+00  0.1259867563426905E+00
-0.1225000E+02  0.0000000E+00  0.0000000E+00  0.0000000000000000E+00  0.0000000000000000E+00
-0.1215000E+02  0.0000000E+00  0.0000000E+00  0.0000000000000000E+00  0.0000000000000000E+00
-0.1205000E+02  0.0000000E+00  0.0000000E+00  0.1357886795702758E+00  0.1357886795702758E+00
-0.1195000E+02  0.0000000E+00  0.0000000E+00  0.0000000000000000E+00  0.0000000000000000E+00
-0.1185000E+02  0.0000000E+00  0.0000000E+00  0.0000000000000000E+00  0.0000000000000000E+00
-0.1175000E+02  0.0000000E+00  0.0000000E+00  0.0000000000000000E+00  0.0000000000000000E+00
-0.1165000E+02  0.0000000E+00  0.0000000E+00  0.2175239947637167E+00  0.1531796868409883E+00
-0.1155000E+02  0.0000000E+00  0.0000000E+00  0.7022031618734236E+00  0.4113404219499724E+00
-0.1145000E+02  0.0000000E+00  0.0000000E+00  0.0000000000000000E+00  0.0000000000000000E+00
-0.1135000E+02  0.0000000E+00  0.0000000E+00  0.6972904100168290E+00  0.6972904100168290E+00
-0.1125000E+02  0.0000000E+00  0.0000000E+00  0.8361785695251773E+00  0.4842124579369420E+00
-0.1115000E+02  0.0000000E+00  0.0000000E+00  0.1154821580851137E+02  0.5464514310807520E+01
-0.1105000E+02  0.0000000E+00  0.0000000E+00  0.1944100000746881E+01  0.7891356973591381E+00
