#   DETECTOR OUTPUT MSH/DMSH
#   X BIN:    20 Y BIN:     1 Z BIN:     1
#                DETECTOR TYPE: TLET      
#   X START:-0.130D+02 Y START:-0.500D+00 Z START:-0.100D+00
#   X END  :-0.110D+02 Y END  : 0.500D+00 Z END  : 0.100D+00
#   PRIMARIES: 0.104D+07
-0.1295000E+02  0.0000000E+00  0.0000000E+00  0.1351603866747772E+02  0.1229226185589243E+02
-0.1285000E+02  0.0000000E+00  0.0000000E+00  0.1132711901295859E+02  0.4282998629046852E+01
-0.1275000E+02  0.0000000E+00  0.0000000E+00  0.5657365953125793E+02  0.3721527719687964E+02
-0.1265000E+02  0.0000000E+00  0.0000000E+00  0.4635412829510179E+01  0.1940834654543639E+01
-0.1255000E+02  0.0000000E+00  0.0000000E+00  0.7857489762253661E+02  0.7354810694412778E+02
-0.1245000E+02  0.0000000E+00  0.0000000E+00  0.1769392339791800E+02  0.1204637253159192E+02
-0.1235000E+02  0.0000000E+00  0.0000000E+00  0.1479641190714920E+02  0.9902916548143839E+01
-0.1225000E+02  0.0000000E+00  0.0000000E+00  0.3986744479172224E+02  0.2870083218159307E+02
-0.1215000E+02  0.0000000E+00  0.0000000E+00  0.9985602012009727E+02  0.5644393590301424E+02
-0.1205000E+02  0.0000000E+00  0.0000000E+00  0.4362613518329870E+02  0.4165234397465462E+02
-0.1195000E+02  0.0000000E+00  0.0000000E+00  0.1751385069898544E+03  0.1078199254826206E+03
-0.1185000E+02  0.0000000E+00  0.0000000E+00  0.1704904131030926E+03  0.7092066884344241E+02
-0.1175000E+02  0.0000000E+00  0.0000000E+00  0.2337950241329595E+02  0.1522005137514464E+02
-0.1165000E+02  0.0000000E+00  0.0000000E+00  0.2135980332486813E+03  0.1285624153653406E+03
-0.1155000E+02  0.0000000E+00  0.0000000E+00  0.4426671417790041E+01  0.2120222149838086E+01
-0.1145000E+02  0.0000000E+00  0.0000000E+00  0.6829346127492109E+01  0.2828492835156490E+01
-0.1135000E+02  0.0000000E+00  0.0000000E+00  0.5330758726453777E+01  0.2461786655214727E+01
-0.1125000E+02  0.0000000E+00  0.0000000E+00  0.7623066472249307E+02  0.4866723269734737E+02
-0.1115000E+02  0.0000000E+00  0.0000000E+00  0.1523943880054111E+03  0.7706168457932617E+02
-0.1105000E+02  0.0000000E+00  0.0000000E+00  0.4299267226141237E+02  0.2298342756051002E+02
