#   DETECTOR OUTPUT MSH/DMSH
#   X BIN:    20 Y BIN:     1 Z BIN:     1
#                DETECTOR TYPE: DLET      
#   X START:-0.700D+01 Y START:-0.500D+00 Z START:-0.100D+00
#   X END  :-0.500D+01 Y END  : 0.500D+00 Z END  : 0.100D+00
#   PRIMARIES: 0.114D+07
-0.6950000E+01  0.0000000E+00  0.0000000E+00  0.8003285875709234E+02  0.1978669056005504E+02
-0.6850000E+01  0.0000000E+00  0.0000000E+00  0.1152685464713504E+03  0.2855424353344050E+02
-0.6750000E+01  0.0000000E+00  0.0000000E+00  0.9496247362111178E+02  0.2155991128941011E+02
-0.6650000E+01  0.0000000E+00  0.0000000E+00  0.1249995964543831E+03  0.2970660753071559E+02
-0.6550000E+01  0.0000000E+00  0.0000000E+00  0.5589129268772486E+02  0.9570241264390956E+01
-0.6450000E+01  0.0000000E+00  0.0000000E+00  0.4500025749528842E+02  0.8641394060725805E+01
-0.6350000E+01  0.0000000E+00  0.0000000E+00  0.6434047268473104E+02  0.1101376130713552E+02
-0.6250000E+01  0.0000000E+00  0.0000000E+00  0.4827611766130784E+02  0.5726541743900510E+01
-0.6150000E+01  0.0000000E+00  0.0000000E+00  0.6417515291425859E+02  0.9335094513401710E+01
-0.6050000E+01  0.0000000E+00  0.0000000E+00  0.5624680675934300E+02  0.1013172901971192E+02
-0.5950000E+01  0.0000000E+00  0.0000000E+00  0.6902677458413397E+02  0.1138746623549046E+02
-0.5850000E+01  0.0000000E+00  0.0000000E+00  0.5352140832808492E+02  0.6386981087632198E+01
-0.5750000E+01  0.0000000E+00  0.0000000E+00  0.6113405973020083E+02  0.6814085232759513E+01
-0.5650000E+01  0.0000000E+00  0.0000000E+00  0.6441074293407267E+02  0.6043292385260208E+01
-0.5550000E+01  0.0000000E+00  0.0000000E+00  0.5377417079207847E+02  0.4459484977211758E+01
-0.5450000E+01  0.0000000E+00  0.0000000E+00  0.4887113161750468E+02  0.4138781292326159E+01
-0.5350000E+01  0.0000000E+00  0.0000000E+00  0.5637454653791458E+02  0.4571991877209757E+01
-0.5250000E+01  0.0000000E+00  0.0000000E+00  0.5521646116146886E+02  0.4795651819668742E+01
-0.5150000E+01  0.0000000E+00  0.0000000E+00  0.4923933677306476E+02  0.3129791053702245E+01
-0.5050000E+01  0.0000000E+00  0.0000000E+00  0.5358901141412237E+02  0.3261689384644742E+01
