#   DETECTOR OUTPUT MSH/DMSH
#   X BIN:    20 Y BIN:     1 Z BIN:     1
#                DETECTOR TYPE: TQ-EFF    
#   X START:-0.700D+01 Y START:-0.500D+00 Z START:-0.100D+00
#   X END  :-0.500D+01 Y END  : 0.500D+00 Z END  : 0.100D+00
#   PRIMARIES: 0.114D+07
-0.6950000E+01  0.0000000E+00  0.0000000E+00  0.1334460305964046E+02  0.1772311690244138E+00
-0.6850000E+01  0.0000000E+00  0.0000000E+00  0.1323165222377742E+02  0.1570801631505042E+00
-0.6750000E+01  0.0000000E+00  0.0000000E+00  0.1313051005358688E+02  0.1700628758484838E+00
-0.6650000E+01  0.0000000E+00  0.0000000E+00  0.1291769619293182E+02  0.1587932796855882E+00
-0.6550000E+01  0.0000000E+00  0.0000000E+00  0.1283742013433817E+02  0.1469805198224361E+00
-0.6450000E+01  0.0000000E+00  0.0000000E+00  0.1265446376864513E+02  0.1125618187752462E+00
-0.6350000E+01  0.0000000E+00  0.0000000E+00  0.1231356494914866E+02  0.1121899921803649E+00
-0.6250000E+01  0.0000000E+00  0.0000000E+00  0.1195551988998321E+02  0.7712729152406458E-01
-0.6150000E+01  0.0000000E+00  0.0000000E+00  0.1169101713655529E+02  0.5576800249779119E-01
-0.6050000E+01  0.0000000E+00  0.0000000E+00  0.1144331026061156E+02  0.4020084294334531E-01
-0.5950000E+01  0.0000000E+00  0.0000000E+00  0.1119738432586771E+02  0.3710991621629375E-01
-0.5850000E+01  0.0000000E+00  0.0000000E+00  0.1104319645359666E+02  0.3086555246535721E-01
-0.5750000E+01  0.0000000E+00  0.0000000E+00  0.1088890962252568E+02  0.2015061381304623E-01
-0.5650000E+01  0.0000000E+00  0.0000000E+00  0.1073530546676514E+02  0.1397113223201743E-01
-0.5550000E+01  0.0000000E+00  0.0000000E+00  0.1064655510694462E+02  0.1456835947049680E-01
-0.5450000E+01  0.0000000E+00  0.0000000E+00  0.1055868549903957E+02  0.9241288276626026E-02
-0.5350000E+01  0.0000000E+00  0.0000000E+00  0.1051879695565743E+02  0.9257657176981592E-02
-0.5250000E+01  0.0000000E+00  0.0000000E+00  0.1046245653469549E+02  0.8116211544250417E-02
-0.5150000E+01  0.0000000E+00  0.0000000E+00  0.1042071066023733E+02  0.4967608115832869E-02
-0.5050000E+01  0.0000000E+00  0.0000000E+00  0.1040606363567499E+02  0.5698878953680800E-02
