#   DETECTOR OUTPUT MSH/DMSH
#   X BIN:    20 Y BIN:     1 Z BIN:     1
#                DETECTOR TYPE: TQ-EFF    
#   X START:-0.130D+02 Y START:-0.500D+00 Z START:-0.100D+00
#   X END  :-0.110D+02 Y END  : 0.500D+00 Z END  : 0.100D+00
#   PRIMARIES: 0.104D+07
-0.1295000E+02  0.0000000E+00  0.0000000E+00  0.2334938999735554E+00  0.1738203174901579E+00
-0.1285000E+02  0.0000000E+00  0.0000000E+00  0.0000000000000000E+00  0.0000000000000000E+00
-0.1275000E+02  0.0000000E+00  0.0000000E+00  0.1702296782280335E+00  0.1702296782280336E+00
-0.1265000E+02  0.0000000E+00  0.0000000E+00  0.1575401426820931E+00  0.1575401426820930E+00
-0.1255000E+02  0.0000000E+00  0.0000000E+00  0.9218928781287293E-01  0.9218928781287296E-01
-0.1245000E+02  0.0000000E+00  0.0000000E+00  0.1966339678189423E+00  0.1463647903102396E+00
-0.1235000E+02  0.0000000E+00  0.0000000E+00  0.1259862820721154E+00  0.1259862820721153E+00
-0.1225000E+02  0.0000000E+00  0.0000000E+00  0.0000000000000000E+00  0.0000000000000000E+00
-0.1215000E+02  0.0000000E+00  0.0000000E+00  0.0000000000000000E+00  0.0000000000000000E+00
-0.1205000E+02  0.0000000E+00  0.0000000E+00  0.1354475931805553E+00  0.1354475931805553E+00
-0.1195000E+02  0.0000000E+00  0.0000000E+00  0.0000000000000000E+00  0.0000000000000000E+00
-0.1185000E+02  0.0000000E+00  0.0000000E+00  0.0000000000000000E+00  0.0000000000000000E+00
-0.1175000E+02  0.0000000E+00  0.0000000E+00  0.0000000000000000E+00  0.0000000000000000E+00
-0.1165000E+02  0.0000000E+00  0.0000000E+00  0.2174860270421703E+00  0.1531539700772034E+00
-0.1155000E+02  0.0000000E+00  0.0000000E+00  0.6958863765232377E+00  0.4056697055188908E+00
-0.1145000E+02  0.0000000E+00  0.0000000E+00  0.0000000000000000E+00  0.0000000000000000E+00
-0.1135000E+02  0.0000000E+00  0.0000000E+00  0.6101735425693522E+00  0.6101735425693521E+00
-0.1125000E+02  0.0000000E+00  0.0000000E+00  0.8314876658983377E+00  0.4814067148107180E+00
-0.1115000E+02  0.0000000E+00  0.0000000E+00  0.5693081298404881E+01  0.2569130924180612E+01
-0.1105000E+02  0.0000000E+00  0.0000000E+00  0.1920396910370730E+01  0.7754607989992015E+00
