#   DETECTOR OUTPUT MSH/DMSH
#   X BIN:    20 Y BIN:     1 Z BIN:     1
#                DETECTOR TYPE: DLET      
#   X START:-0.130D+02 Y START:-0.500D+00 Z START:-0.100D+00
#   X END  :-0.110D+02 Y END  : 0.500D+00 Z END  : 0.100D+00
#   PRIMARIES: 0.104D+07
-0.1295000E+02  0.0000000E+00  0.0000000E+00  0.1591380692168770E+02  0.1468743328039552E+02
-0.1285000E+02  0.0000000E+00  0.0000000E+00  0.1810317221437037E+02  0.6672035568636323E+01
-0.1275000E+02  0.0000000E+00  0.0000000E+00  0.1302032566000917E+03  0.6986011982103716E+02
-0.1265000E+02  0.0000000E+00  0.0000000E+00  0.3054002300413669E+02  0.2512977678521383E+02
-0.1255000E+02  0.0000000E+00  0.0000000E+00  0.1350837620898467E+03  0.9687326554655949E+02
-0.1245000E+02  0.0000000E+00  0.0000000E+00  0.2216564718353256E+02  0.1569127952326700E+02
-0.1235000E+02  0.0000000E+00  0.0000000E+00  0.2986763099763262E+02  0.1834791497063641E+02
-0.1225000E+02  0.0000000E+00  0.0000000E+00  0.8087061180380340E+02  0.4811183277466847E+02
-0.1215000E+02  0.0000000E+00  0.0000000E+00  0.1301042330852257E+03  0.7484742950468203E+02
-0.1205000E+02  0.0000000E+00  0.0000000E+00  0.6215801639381280E+02  0.6007573837378580E+02
-0.1195000E+02  0.0000000E+00  0.0000000E+00  0.2400412921940441E+03  0.1450147446965899E+03
-0.1185000E+02  0.0000000E+00  0.0000000E+00  0.3080897762897675E+03  0.1147490755227590E+03
-0.1175000E+02  0.0000000E+00  0.0000000E+00  0.4376086964118848E+02  0.2303566983340661E+02
-0.1165000E+02  0.0000000E+00  0.0000000E+00  0.3182654340074677E+03  0.1714235637801070E+03
-0.1155000E+02  0.0000000E+00  0.0000000E+00  0.1876361426167131E+02  0.1005384085098911E+02
-0.1145000E+02  0.0000000E+00  0.0000000E+00  0.8560778013230664E+01  0.3861761596279170E+01
-0.1135000E+02  0.0000000E+00  0.0000000E+00  0.1545719774263293E+02  0.7627937733454549E+01
-0.1125000E+02  0.0000000E+00  0.0000000E+00  0.1338829679008811E+03  0.7036362820498553E+02
-0.1115000E+02  0.0000000E+00  0.0000000E+00  0.2647696863114454E+03  0.1138908924947599E+03
-0.1105000E+02  0.0000000E+00  0.0000000E+00  0.9863302593242511E+02  0.4598023327316812E+02
