#   DETECTOR OUTPUT MSH/DMSH
#   X BIN:    20 Y BIN:     1 Z BIN:     1
#                DETECTOR TYPE: DOSE      
#   X START:-0.130D+02 Y START:-0.500D+00 Z START:-0.100D+00
#   X END  :-0.110D+02 Y END  : 0.500D+00 Z END  : 0.100D+00
#   PRIMARIES: 0.858D+06
-0.1295000E+02  0.0000000E+00  0.0000000E+00  0.1209956421985984E-04  0.6174323920237250E-05
-0.1285000E+02  0.0000000E+00  0.0000000E+00  0.1767518608925147E-04  0.6339209523899776E-05
-0.1275000E+02  0.0000000E+00  0.0000000E+00  0.4315758659864137E-04  0.1201195607230215E-04
-0.1265000E+02  0.0000000E+00  0.0000000E+00  0.1425999026987451E-04  0.5219637754079385E-05
-0.1255000E+02  0.0000000E+00  0.0000000E+00  0.1244086587061602E-04  0.5021041993306045E-05
-0.1245000E+02  0.0000000E+00  0.0000000E+00  0.1694697252236028E-04  0.7387383113055757E-05
-0.1235000E+02  0.0000000E+00  0.0000000E+00  0.2081119286116364E-04  0.7643550494173491E-05
-0.1225000E+02  0.0000000E+00  0.0000000E+00  0.1088977774280491E-04  0.4682205494673382E-05
-0.1215000E+02  0.0000000E+00  0.0000000E+00  0.6266454105941587E-05  0.2599889447508828E-05
-0.1205000E+02  0.0000000E+00  0.0000000E+00  0.1108092814653059E-04  0.4951299005697482E-05
-0.1195000E+02  0.0000000E+00  0.0000000E+00  0.1638766091762015E-04  0.5283129851731623E-05
-0.1185000E+02  0.0000000E+00  0.0000000E+00  0.2702889484485965E-04  0.8743174509657383E-05
-0.1175000E+02  0.0000000E+00  0.0000000E+00  0.2777434755518082E-04  0.1046378249733149E-04
-0.1165000E+02  0.0000000E+00  0.0000000E+00  0.2589142758756194E-04  0.6920860604449443E-05
-0.1155000E+02  0.0000000E+00  0.0000000E+00  0.1352220029923922E-04  0.4954063688772015E-05
-0.1145000E+02  0.0000000E+00  0.0000000E+00  0.1908626616488096E-04  0.7296841288963609E-05
-0.1135000E+02  0.0000000E+00  0.0000000E+00  0.1710425851027600E-04  0.6635536762235413E-05
-0.1125000E+02  0.0000000E+00  0.0000000E+00  0.2529646744592911E-04  0.7840604978013689E-05
-0.1115000E+02  0.0000000E+00  0.0000000E+00  0.5494808476703216E-04  0.1325186818493362E-04
-0.1105000E+02  0.0000000E+00  0.0000000E+00  0.3063971720654831E-04  0.6945015707775957E-05
