#   DETECTOR OUTPUT MSH/DMSH
#   X BIN:    20 Y BIN:     1 Z BIN:     1
#                DETECTOR TYPE: DLET      
#   X START:-0.700D+01 Y START:-0.500D+00 Z START:-0.100D+00
#   X END  :-0.500D+01 Y END  : 0.500D+00 Z END  : 0.100D+00
#   PRIMARIES: 0.114D+07
-0.6950000E+01  0.0000000E+00  0.0000000E+00  0.3242890880576942E+02  0.1819385626133851E+01
-0.6850000E+01  0.0000000E+00  0.0000000E+00  0.3245727427994244E+02  0.1840012279865714E+01
-0.6750000E+01  0.0000000E+00  0.0000000E+00  0.3116938359404609E+02  0.1533425054298740E+01
-0.6650000E+01  0.0000000E+00  0.0000000E+00  0.3322846287748105E+02  0.1638437424597861E+01
-0.6550000E+01  0.0000000E+00  0.0000000E+00  0.2980703070267558E+02  0.1331686472667816E+01
-0.6450000E+01  0.0000000E+00  0.0000000E+00  0.3325706748207581E+02  0.1368997816894792E+01
-0.6350000E+01  0.0000000E+00  0.0000000E+00  0.3173829797973285E+02  0.1288806559095047E+01
-0.6250000E+01  0.0000000E+00  0.0000000E+00  0.2921008818643095E+02  0.1145704619316112E+01
-0.6150000E+01  0.0000000E+00  0.0000000E+00  0.2740960440930629E+02  0.1000816272235186E+01
-0.6050000E+01  0.0000000E+00  0.0000000E+00  0.2780714706901561E+02  0.8895291593635669E+00
-0.5950000E+01  0.0000000E+00  0.0000000E+00  0.2622728130131333E+02  0.7601301924051632E+00
-0.5850000E+01  0.0000000E+00  0.0000000E+00  0.2419884176560175E+02  0.5263407388914918E+00
-0.5750000E+01  0.0000000E+00  0.0000000E+00  0.2332760862724243E+02  0.4782647617717129E+00
-0.5650000E+01  0.0000000E+00  0.0000000E+00  0.2250478273509804E+02  0.4824267639336250E+00
-0.5550000E+01  0.0000000E+00  0.0000000E+00  0.2170924644117937E+02  0.3495254327400527E+00
-0.5450000E+01  0.0000000E+00  0.0000000E+00  0.2061022188529885E+02  0.3240785929186677E+00
-0.5350000E+01  0.0000000E+00  0.0000000E+00  0.2030019455275556E+02  0.2657515407966723E+00
-0.5250000E+01  0.0000000E+00  0.0000000E+00  0.1951098185254418E+02  0.2154337862370102E+00
-0.5150000E+01  0.0000000E+00  0.0000000E+00  0.1928462355197784E+02  0.2136780432921002E+00
-0.5050000E+01  0.0000000E+00  0.0000000E+00  0.1900627473597667E+02  0.1733401686764089E+00
