#   DETECTOR OUTPUT MSH/DMSH
#   X BIN:    20 Y BIN:     1 Z BIN:     1
#                DETECTOR TYPE: TLET      
#   X START:-0.700D+01 Y START:-0.500D+00 Z START:-0.100D+00
#   X END  :-0.500D+01 Y END  : 0.500D+00 Z END  : 0.100D+00
#   PRIMARIES: 0.114D+07
-0.6950000E+01  0.0000000E+00  0.0000000E+00  0.1799604059390067E+02  0.1564619990581901E+00
-0.6850000E+01  0.0000000E+00  0.0000000E+00  0.1795905913689985E+02  0.1411918109626336E+00
-0.6750000E+01  0.0000000E+00  0.0000000E+00  0.1779146947721138E+02  0.1572680723920006E+00
-0.6650000E+01  0.0000000E+00  0.0000000E+00  0.1753718976628973E+02  0.1380761828827101E+00
-0.6550000E+01  0.0000000E+00  0.0000000E+00  0.1743552014076491E+02  0.1345929946391632E+00
-0.6450000E+01  0.0000000E+00  0.0000000E+00  0.1724217532439219E+02  0.1033281522793256E+00
-0.6350000E+01  0.0000000E+00  0.0000000E+00  0.1686465952149252E+02  0.9526681829824632E-01
-0.6250000E+01  0.0000000E+00  0.0000000E+00  0.1649381599247685E+02  0.7668346359928616E-01
-0.6150000E+01  0.0000000E+00  0.0000000E+00  0.1621330891775509E+02  0.5380464239932660E-01
-0.6050000E+01  0.0000000E+00  0.0000000E+00  0.1593762914445686E+02  0.4115564646565029E-01
-0.5950000E+01  0.0000000E+00  0.0000000E+00  0.1563983755915198E+02  0.3653703328740785E-01
-0.5850000E+01  0.0000000E+00  0.0000000E+00  0.1545344119123872E+02  0.2973538961242016E-01
-0.5750000E+01  0.0000000E+00  0.0000000E+00  0.1529141666747097E+02  0.2108673921708361E-01
-0.5650000E+01  0.0000000E+00  0.0000000E+00  0.1512040151150375E+02  0.1488914929850210E-01
-0.5550000E+01  0.0000000E+00  0.0000000E+00  0.1500081790344504E+02  0.1418742284501034E-01
-0.5450000E+01  0.0000000E+00  0.0000000E+00  0.1490847218727374E+02  0.9327145232117806E-02
-0.5350000E+01  0.0000000E+00  0.0000000E+00  0.1484873214507707E+02  0.8702319490093790E-02
-0.5250000E+01  0.0000000E+00  0.0000000E+00  0.1478684662041121E+02  0.7795227263668897E-02
-0.5150000E+01  0.0000000E+00  0.0000000E+00  0.1474462936366976E+02  0.5399311862458600E-02
-0.5050000E+01  0.0000000E+00  0.0000000E+00  0.1472286201684842E+02  0.5760234498945352E-02
