#   DETECTOR OUTPUT MSH/DMSH
#   X BIN:    20 Y BIN:     1 Z BIN:     1
#                DETECTOR TYPE: TLET      
#   X START:-0.130D+02 Y START:-0.500D+00 Z START:-0.100D+00
#   X END  :-0.110D+02 Y END  : 0.500D+00 Z END  : 0.100D+00
#   PRIMARIES: 0.104D+07
-0.1295000E+02  0.0000000E+00  0.0000000E+00  0.3230136036897118E+00  0.2372932027134433E+00
-0.1285000E+02  0.0000000E+00  0.0000000E+00  0.0000000000000000E+00  0.0000000000000000E+00
-0.1275000E+02  0.0000000E+00  0.0000000E+00  0.2245129611255799E+00  0.2245129611255798E+00
-0.1265000E+02  0.0000000E+00  0.0000000E+00  0.2104673140754862E+00  0.2104673140754862E+00
-0.1255000E+02  0.0000000E+00  0.0000000E+00  0.1329557780781192E+00  0.1329557780781193E+00
-0.1245000E+02  0.0000000E+00  0.0000000E+00  0.2788373359569971E+00  0.2048849412590490E+00
-0.1235000E+02  0.0000000E+00  0.0000000E+00  0.1736300573616963E+00  0.1736300573616961E+00
-0.1225000E+02  0.0000000E+00  0.0000000E+00  0.0000000000000000E+00  0.0000000000000000E+00
-0.1215000E+02  0.0000000E+00  0.0000000E+00  0.0000000000000000E+00  0.0000000000000000E+00
-0.1205000E+02  0.0000000E+00  0.0000000E+00  0.1852503452638044E+00  0.1852503452638044E+00
-0.1195000E+02  0.0000000E+00  0.0000000E+00  0.0000000000000000E+00  0.0000000000000000E+00
-0.1185000E+02  0.0000000E+00  0.0000000E+00  0.0000000000000000E+00  0.0000000000000000E+00
-0.1175000E+02  0.0000000E+00  0.0000000E+00  0.0000000000000000E+00  0.0000000000000000E+00
-0.1165000E+02  0.0000000E+00  0.0000000E+00  0.3065723993633516E+00  0.2158396568607452E+00
-0.1155000E+02  0.0000000E+00  0.0000000E+00  0.8932931118983808E+00  0.4972302500869869E+00
-0.1145000E+02  0.0000000E+00  0.0000000E+00  0.0000000000000000E+00  0.0000000000000000E+00
-0.1135000E+02  0.0000000E+00  0.0000000E+00  0.6384578704408326E+00  0.6384578704408326E+00
-0.1125000E+02  0.0000000E+00  0.0000000E+00  0.1014289891671765E+01  0.5850796544747504E+00
-0.1115000E+02  0.0000000E+00  0.0000000E+00  0.4871997894372743E+01  0.2030232265663162E+01
-0.1105000E+02  0.0000000E+00  0.0000000E+00  0.2312990055961623E+01  0.9104065331411156E+00
