#   DETECTOR OUTPUT MSH/DMSH
#   X BIN:    20 Y BIN:     1 Z BIN:     1
#                DETECTOR TYPE: TQ-EFF    
#   X START:-0.130D+02 Y START:-0.500D+00 Z START:-0.100D+00
#   X END  :-0.110D+02 Y END  : 0.500D+00 Z END  : 0.100D+00
#   PRIMARIES: 0.104D+07
-0.1295000E+02  0.0000000E+00  0.0000000E+00  0.9191491960280751E+00  0.3881177957359222E+00
-0.1285000E+02  0.0000000E+00  0.0000000E+00  0.1700842040331415E+02  0.7246673250862932E+01
-0.1275000E+02  0.0000000E+00  0.0000000E+00  0.8008841778697040E+01  0.2967152157998201E+01
-0.1265000E+02  0.0000000E+00  0.0000000E+00  0.4936567913824653E+01  0.2484660934918344E+01
-0.1255000E+02  0.0000000E+00  0.0000000E+00  0.5657622115929484E+01  0.3563732679798378E+01
-0.1245000E+02  0.0000000E+00  0.0000000E+00  0.1310570732685860E+02  0.1146965120458337E+02
-0.1235000E+02  0.0000000E+00  0.0000000E+00  0.3622727723573184E+01  0.1373511408303097E+01
-0.1225000E+02  0.0000000E+00  0.0000000E+00  0.4199944349499191E+01  0.2273470890457155E+01
-0.1215000E+02  0.0000000E+00  0.0000000E+00  0.2280247082921339E+01  0.9809613798774434E+00
-0.1205000E+02  0.0000000E+00  0.0000000E+00  0.1687787738354835E+01  0.8701780339410478E+00
-0.1195000E+02  0.0000000E+00  0.0000000E+00  0.1096024279327891E+02  0.6918111009760464E+01
-0.1185000E+02  0.0000000E+00  0.0000000E+00  0.5675268815307724E+01  0.2095276157948621E+01
-0.1175000E+02  0.0000000E+00  0.0000000E+00  0.5403671990522198E+01  0.2680560040843919E+01
-0.1165000E+02  0.0000000E+00  0.0000000E+00  0.1095880967125250E+02  0.5483932039593432E+01
-0.1155000E+02  0.0000000E+00  0.0000000E+00  0.5126589730052864E+01  0.3250533588742532E+01
-0.1145000E+02  0.0000000E+00  0.0000000E+00  0.8657740763149141E+01  0.4206944006280894E+01
-0.1135000E+02  0.0000000E+00  0.0000000E+00  0.6473351974872674E+01  0.3982062520236179E+01
-0.1125000E+02  0.0000000E+00  0.0000000E+00  0.6992788711367848E+01  0.2641278485318511E+01
-0.1115000E+02  0.0000000E+00  0.0000000E+00  0.1695028688436893E+02  0.5104437228435899E+01
-0.1105000E+02  0.0000000E+00  0.0000000E+00  0.1012827185954897E+02  0.3267840682023640E+01
