#   DETECTOR OUTPUT MSH/DMSH
#   X BIN:    20 Y BIN:     1 Z BIN:     1
#                DETECTOR TYPE: DLET      
#   X START:-0.130D+02 Y START:-0.500D+00 Z START:-0.100D+00
#   X END  :-0.110D+02 Y END  : 0.500D+00 Z END  : 0.100D+00
#   PRIMARIES: 0.858D+06
-0.1295000E+02  0.0000000E+00  0.0000000E+00  0.1336199350309928E+02  0.1231014969052245E+02
-0.1285000E+02  0.0000000E+00  0.0000000E+00  0.1499818715301969E+02  0.5504737726691741E+01
-0.1275000E+02  0.0000000E+00  0.0000000E+00  0.1074882601842471E+03  0.5704242174899124E+02
-0.1265000E+02  0.0000000E+00  0.0000000E+00  0.2800703922452175E+02  0.2344842914952399E+02
-0.1255000E+02  0.0000000E+00  0.0000000E+00  0.1167803530503295E+03  0.8199444641153686E+02
-0.1245000E+02  0.0000000E+00  0.0000000E+00  0.1841532730868358E+02  0.1306862766770494E+02
-0.1235000E+02  0.0000000E+00  0.0000000E+00  0.2566967423986140E+02  0.1581942811887578E+02
-0.1225000E+02  0.0000000E+00  0.0000000E+00  0.6518991570223388E+02  0.3870939210976065E+02
-0.1215000E+02  0.0000000E+00  0.0000000E+00  0.9775918509842073E+02  0.5616351702768367E+02
-0.1205000E+02  0.0000000E+00  0.0000000E+00  0.4762171481275892E+02  0.4583988838733165E+02
-0.1195000E+02  0.0000000E+00  0.0000000E+00  0.1963422679269057E+03  0.1198541527547200E+03
-0.1185000E+02  0.0000000E+00  0.0000000E+00  0.2454234633591947E+03  0.9261057139809604E+02
-0.1175000E+02  0.0000000E+00  0.0000000E+00  0.3774785167045296E+02  0.1967126939916853E+02
-0.1165000E+02  0.0000000E+00  0.0000000E+00  0.2635226568794166E+03  0.1425307643439052E+03
-0.1155000E+02  0.0000000E+00  0.0000000E+00  0.1479421420692886E+02  0.7784045908999007E+01
-0.1145000E+02  0.0000000E+00  0.0000000E+00  0.7180571145596090E+01  0.3210135344716097E+01
-0.1135000E+02  0.0000000E+00  0.0000000E+00  0.1333749434983554E+02  0.6669757005261628E+01
-0.1125000E+02  0.0000000E+00  0.0000000E+00  0.1022867691269723E+03  0.5291813685423003E+02
-0.1115000E+02  0.0000000E+00  0.0000000E+00  0.2160401461177134E+03  0.9295859239725223E+02
-0.1105000E+02  0.0000000E+00  0.0000000E+00  0.8625168307106263E+02  0.4040729551142062E+02
