#   DETECTOR OUTPUT MSH/DMSH
#   X BIN:    20 Y BIN:     1 Z BIN:     1
#                DETECTOR TYPE: DOSE      
#   X START:-0.130D+02 Y START:-0.500D+00 Z START:-0.100D+00
#   X END  :-0.110D+02 Y END  : 0.500D+00 Z END  : 0.100D+00
#   PRIMARIES: 0.104D+07
-0.1295000E+02  0.0000000E+00  0.0000000E+00  0.2318843899450068E-04  0.6803235330537887E-05
-0.1285000E+02  0.0000000E+00  0.0000000E+00  0.3162600537384344E-04  0.8182944384484041E-05
-0.1275000E+02  0.0000000E+00  0.0000000E+00  0.4632466547440629E-04  0.1203079327724989E-04
-0.1265000E+02  0.0000000E+00  0.0000000E+00  0.1933431432476898E-04  0.5801883415526698E-05
-0.1255000E+02  0.0000000E+00  0.0000000E+00  0.2692431428496785E-04  0.8045748468316735E-05
-0.1245000E+02  0.0000000E+00  0.0000000E+00  0.2619167499868034E-04  0.8762321218050716E-05
-0.1235000E+02  0.0000000E+00  0.0000000E+00  0.3036337874945214E-04  0.8880272323262054E-05
-0.1225000E+02  0.0000000E+00  0.0000000E+00  0.1634979567631579E-04  0.5119933012631796E-05
-0.1215000E+02  0.0000000E+00  0.0000000E+00  0.1827003635096011E-04  0.4640626965924085E-05
-0.1205000E+02  0.0000000E+00  0.0000000E+00  0.2017991782875319E-04  0.5771854096520808E-05
-0.1195000E+02  0.0000000E+00  0.0000000E+00  0.2863311037929641E-04  0.6558140510393326E-05
-0.1185000E+02  0.0000000E+00  0.0000000E+00  0.3167690577178268E-04  0.8866443219580950E-05
-0.1175000E+02  0.0000000E+00  0.0000000E+00  0.4204410396838781E-04  0.1139517029153107E-04
-0.1165000E+02  0.0000000E+00  0.0000000E+00  0.5337409405530498E-04  0.1120229780577383E-04
-0.1155000E+02  0.0000000E+00  0.0000000E+00  0.2778613721217791E-04  0.7700789846389557E-05
-0.1145000E+02  0.0000000E+00  0.0000000E+00  0.3095866348961014E-04  0.1028496584804324E-04
-0.1135000E+02  0.0000000E+00  0.0000000E+00  0.2231343171959726E-04  0.6912074685762216E-05
-0.1125000E+02  0.0000000E+00  0.0000000E+00  0.3010199739906303E-04  0.8355375415441908E-05
-0.1115000E+02  0.0000000E+00  0.0000000E+00  0.6493787677682560E-04  0.1377589711386250E-04
-0.1105000E+02  0.0000000E+00  0.0000000E+00  0.3544315558858126E-04  0.7151712510866209E-05
