#   DETECTOR OUTPUT MSH/DMSH
#   X BIN:    20 Y BIN:     1 Z BIN:     1
#                DETECTOR TYPE: TLET      
#   X START:-0.700D+01 Y START:-0.500D+00 Z START:-0.100D+00
#   X END  :-0.500D+01 Y END  : 0.500D+00 Z END  : 0.100D+00
#   PRIMARIES: 0.117D+07
-0.6950000E+01  0.0000000E+00  0.0000000E+00  0.1814120828169722E+02  0.3694990466493893E+00
-0.6850000E+01  0.0000000E+00  0.0000000E+00  0.1805462015306579E+02  0.3346391438186115E+00
-0.6750000E+01  0.0000000E+00  0.0000000E+00  0.1776370345992871E+02  0.2989506237855342E+00
-0.6650000E+01  0.0000000E+00  0.0000000E+00  0.1782681327505674E+02  0.3181458449510195E+00
-0.6550000E+01  0.0000000E+00  0.0000000E+00  0.1682519434388965E+02  0.2206879393490327E+00
-0.6450000E+01  0.0000000E+00  0.0000000E+00  0.1697283443570644E+02  0.1916709764608340E+00
-0.6350000E+01  0.0000000E+00  0.0000000E+00  0.1653804024539395E+02  0.1804045886383179E+00
-0.6250000E+01  0.0000000E+00  0.0000000E+00  0.1621807584003590E+02  0.1709555749923135E+00
-0.6150000E+01  0.0000000E+00  0.0000000E+00  0.1581316436382898E+02  0.1536825063061889E+00
-0.6050000E+01  0.0000000E+00  0.0000000E+00  0.1552247202589790E+02  0.1336525823114389E+00
-0.5950000E+01  0.0000000E+00  0.0000000E+00  0.1510730703161618E+02  0.1155018714016457E+00
-0.5850000E+01  0.0000000E+00  0.0000000E+00  0.1456470802326192E+02  0.6715907177160155E-01
-0.5750000E+01  0.0000000E+00  0.0000000E+00  0.1433186818911693E+02  0.6424762225524713E-01
-0.5650000E+01  0.0000000E+00  0.0000000E+00  0.1409446931329029E+02  0.5680791839325464E-01
-0.5550000E+01  0.0000000E+00  0.0000000E+00  0.1383232360891531E+02  0.4574956606833790E-01
-0.5450000E+01  0.0000000E+00  0.0000000E+00  0.1360876473622121E+02  0.4267297815879674E-01
-0.5350000E+01  0.0000000E+00  0.0000000E+00  0.1352999228678160E+02  0.2955006794404188E-01
-0.5250000E+01  0.0000000E+00  0.0000000E+00  0.1337372196541315E+02  0.2833457153241030E-01
-0.5150000E+01  0.0000000E+00  0.0000000E+00  0.1327990884354700E+02  0.2340826033216738E-01
-0.5050000E+01  0.0000000E+00  0.0000000E+00  0.1327275023538188E+02  0.2226197132428513E-01
