#   DETECTOR OUTPUT MSH/DMSH
#   X BIN:    20 Y BIN:     1 Z BIN:     1
#                DETECTOR TYPE: TLET      
#   X START:-0.700D+01 Y START:-0.500D+00 Z START:-0.100D+00
#   X END  :-0.500D+01 Y END  : 0.500D+00 Z END  : 0.100D+00
#   PRIMARIES: 0.114D+07
-0.6950000E+01  0.0000000E+00  0.0000000E+00  0.2056121151688877E+02  0.2974101401275395E+00
-0.6850000E+01  0.0000000E+00  0.0000000E+00  0.2053372626248943E+02  0.3309102038550826E+00
-0.6750000E+01  0.0000000E+00  0.0000000E+00  0.2021014186183879E+02  0.2673741123090611E+00
-0.6650000E+01  0.0000000E+00  0.0000000E+00  0.2012079985344874E+02  0.2829522536258341E+00
-0.6550000E+01  0.0000000E+00  0.0000000E+00  0.1944014604987933E+02  0.2454981831897793E+00
-0.6450000E+01  0.0000000E+00  0.0000000E+00  0.1974556794263623E+02  0.2224652044951212E+00
-0.6350000E+01  0.0000000E+00  0.0000000E+00  0.1910967346297777E+02  0.1988236111918312E+00
-0.6250000E+01  0.0000000E+00  0.0000000E+00  0.1872232625967498E+02  0.1766942890701955E+00
-0.6150000E+01  0.0000000E+00  0.0000000E+00  0.1818118879373825E+02  0.1618818106908399E+00
-0.6050000E+01  0.0000000E+00  0.0000000E+00  0.1786774353420943E+02  0.1285648446410740E+00
-0.5950000E+01  0.0000000E+00  0.0000000E+00  0.1735772226324128E+02  0.1053515179912026E+00
-0.5850000E+01  0.0000000E+00  0.0000000E+00  0.1685243992998349E+02  0.7076196797949909E-01
-0.5750000E+01  0.0000000E+00  0.0000000E+00  0.1648904117189011E+02  0.6008042370091950E-01
-0.5650000E+01  0.0000000E+00  0.0000000E+00  0.1619382676853620E+02  0.5642102279434646E-01
-0.5550000E+01  0.0000000E+00  0.0000000E+00  0.1594829659056012E+02  0.4420038291781606E-01
-0.5450000E+01  0.0000000E+00  0.0000000E+00  0.1570379146657638E+02  0.3715894750957613E-01
-0.5350000E+01  0.0000000E+00  0.0000000E+00  0.1559276897146708E+02  0.2860481965615424E-01
-0.5250000E+01  0.0000000E+00  0.0000000E+00  0.1544207210768018E+02  0.2693986629143593E-01
-0.5150000E+01  0.0000000E+00  0.0000000E+00  0.1535046838203355E+02  0.2350060431637047E-01
-0.5050000E+01  0.0000000E+00  0.0000000E+00  0.1530913053833702E+02  0.2004540393747411E-01
