#   DETECTOR OUTPUT MSH/DMSH
#   X BIN:    20 Y BIN:     1 Z BIN:     1
#                DETECTOR TYPE: DOSE      
#   X START:-0.700D+01 Y START:-0.500D+00 Z START:-0.100D+00
#   X END  :-0.500D+01 Y END  : 0.500D+00 Z END  : 0.100D+00
#   PRIMARIES: 0.117D+07
-0.6950000E+01  0.0000000E+00  0.0000000E+00  0.1378533965025763E-02  0.4890970659940863E-04
-0.6850000E+01  0.0000000E+00  0.0000000E+00  0.1549662551828140E-02  0.4682328882221752E-04
-0.6750000E+01  0.0000000E+00  0.0000000E+00  0.1739985727537786E-02  0.5804016507493736E-04
-0.6650000E+01  0.0000000E+00  0.0000000E+00  0.1910778814486246E-02  0.5304251003290908E-04
-0.6550000E+01  0.0000000E+00  0.0000000E+00  0.2126917779416147E-02  0.5605811226778963E-04
-0.6450000E+01  0.0000000E+00  0.0000000E+00  0.2376598587140901E-02  0.6653988904277571E-04
-0.6350000E+01  0.0000000E+00  0.0000000E+00  0.2815138724520839E-02  0.6549314925799503E-04
-0.6250000E+01  0.0000000E+00  0.0000000E+00  0.3234165146415314E-02  0.6554368141573935E-04
-0.6150000E+01  0.0000000E+00  0.0000000E+00  0.3915041728678658E-02  0.6830128655193258E-04
-0.6050000E+01  0.0000000E+00  0.0000000E+00  0.4687677827637183E-02  0.8466160158636884E-04
-0.5950000E+01  0.0000000E+00  0.0000000E+00  0.5981235879204286E-02  0.9104557380847217E-04
-0.5850000E+01  0.0000000E+00  0.0000000E+00  0.7493297618749839E-02  0.9672312925410095E-04
-0.5750000E+01  0.0000000E+00  0.0000000E+00  0.9648576990694064E-02  0.1112227180357715E-03
-0.5650000E+01  0.0000000E+00  0.0000000E+00  0.1307740264684223E-01  0.1256127627588936E-03
-0.5550000E+01  0.0000000E+00  0.0000000E+00  0.1692430288040853E-01  0.1510287242544514E-03
-0.5450000E+01  0.0000000E+00  0.0000000E+00  0.2191687426391595E-01  0.1767411594078857E-03
-0.5350000E+01  0.0000000E+00  0.0000000E+00  0.2737570092487009E-01  0.1654496315274293E-03
-0.5250000E+01  0.0000000E+00  0.0000000E+00  0.3451340597298340E-01  0.2306718593849729E-03
-0.5150000E+01  0.0000000E+00  0.0000000E+00  0.4232590932078841E-01  0.2435881922432302E-03
-0.5050000E+01  0.0000000E+00  0.0000000E+00  0.5113567491549882E-01  0.2803027608890413E-03
