#   DETECTOR OUTPUT MSH/DMSH
#   X BIN:    20 Y BIN:     1 Z BIN:     1
#                DETECTOR TYPE: TLET      
#   X START:-0.700D+01 Y START:-0.500D+00 Z START:-0.100D+00
#   X END  :-0.500D+01 Y END  : 0.500D+00 Z END  : 0.100D+00
#   PRIMARIES: 0.117D+07
-0.6950000E+01  0.0000000E+00  0.0000000E+00  0.1762446311185610E+02  0.2532195333677879E+00
-0.6850000E+01  0.0000000E+00  0.0000000E+00  0.1759979229370781E+02  0.2816708571896718E+00
-0.6750000E+01  0.0000000E+00  0.0000000E+00  0.1732522694142997E+02  0.2278130387227644E+00
-0.6650000E+01  0.0000000E+00  0.0000000E+00  0.1724586817376490E+02  0.2409011584178393E+00
-0.6550000E+01  0.0000000E+00  0.0000000E+00  0.1666724614562263E+02  0.2090909632617921E+00
-0.6450000E+01  0.0000000E+00  0.0000000E+00  0.1692557255947049E+02  0.1892573451958792E+00
-0.6350000E+01  0.0000000E+00  0.0000000E+00  0.1638290715590221E+02  0.1692699499338554E+00
-0.6250000E+01  0.0000000E+00  0.0000000E+00  0.1605380320802700E+02  0.1504572235388069E+00
-0.6150000E+01  0.0000000E+00  0.0000000E+00  0.1559132310513304E+02  0.1378410393738680E+00
-0.6050000E+01  0.0000000E+00  0.0000000E+00  0.1532313920313531E+02  0.1095096956595322E+00
-0.5950000E+01  0.0000000E+00  0.0000000E+00  0.1488771648645477E+02  0.8968804524556115E-01
-0.5850000E+01  0.0000000E+00  0.0000000E+00  0.1445661636692365E+02  0.6032057723228838E-01
-0.5750000E+01  0.0000000E+00  0.0000000E+00  0.1414564801778985E+02  0.5115788289742956E-01
-0.5650000E+01  0.0000000E+00  0.0000000E+00  0.1389327823980811E+02  0.4801810115947918E-01
-0.5550000E+01  0.0000000E+00  0.0000000E+00  0.1368386598130452E+02  0.3766017260603712E-01
-0.5450000E+01  0.0000000E+00  0.0000000E+00  0.1347485792926442E+02  0.3163360017323893E-01
-0.5350000E+01  0.0000000E+00  0.0000000E+00  0.1338001861601903E+02  0.2433768465422449E-01
-0.5250000E+01  0.0000000E+00  0.0000000E+00  0.1325140668908122E+02  0.2295435906486279E-01
-0.5150000E+01  0.0000000E+00  0.0000000E+00  0.1317303820479612E+02  0.1999810318813416E-01
-0.5050000E+01  0.0000000E+00  0.0000000E+00  0.1313783127469215E+02  0.1706941261406193E-01
