#   DETECTOR OUTPUT MSH/DMSH
#   X BIN:    20 Y BIN:     1 Z BIN:     1
#                DETECTOR TYPE: DLET      
#   X START:-0.700D+01 Y START:-0.500D+00 Z START:-0.100D+00
#   X END  :-0.500D+01 Y END  : 0.500D+00 Z END  : 0.100D+00
#   PRIMARIES: 0.117D+07
-0.6950000E+01  0.0000000E+00  0.0000000E+00  0.6770610151819298E+02  0.1698081721251519E+02
-0.6850000E+01  0.0000000E+00  0.0000000E+00  0.9506131534020682E+02  0.2355446802693074E+02
-0.6750000E+01  0.0000000E+00  0.0000000E+00  0.8066031373896359E+02  0.1859964055580883E+02
-0.6650000E+01  0.0000000E+00  0.0000000E+00  0.1048457348379459E+03  0.2491071141033303E+02
-0.6550000E+01  0.0000000E+00  0.0000000E+00  0.4714310269253168E+02  0.8207187829680326E+01
-0.6450000E+01  0.0000000E+00  0.0000000E+00  0.3773292394748653E+02  0.7109993287276753E+01
-0.6350000E+01  0.0000000E+00  0.0000000E+00  0.5347790595544539E+02  0.9143178397393410E+01
-0.6250000E+01  0.0000000E+00  0.0000000E+00  0.4055449803775764E+02  0.4784923808757472E+01
-0.6150000E+01  0.0000000E+00  0.0000000E+00  0.5350963359422508E+02  0.7756676027336313E+01
-0.6050000E+01  0.0000000E+00  0.0000000E+00  0.4701193479843054E+02  0.8398723985768275E+01
-0.5950000E+01  0.0000000E+00  0.0000000E+00  0.5787873764368842E+02  0.9595734596927532E+01
-0.5850000E+01  0.0000000E+00  0.0000000E+00  0.4436325076314639E+02  0.5255139316814792E+01
-0.5750000E+01  0.0000000E+00  0.0000000E+00  0.5112002408012135E+02  0.5748101561580226E+01
-0.5650000E+01  0.0000000E+00  0.0000000E+00  0.5428728335808152E+02  0.5107438363456426E+01
-0.5550000E+01  0.0000000E+00  0.0000000E+00  0.4496854884114695E+02  0.3737701995435264E+01
-0.5450000E+01  0.0000000E+00  0.0000000E+00  0.4088188215551284E+02  0.3459441494111080E+01
-0.5350000E+01  0.0000000E+00  0.0000000E+00  0.4718751792374049E+02  0.3851989589840811E+01
-0.5250000E+01  0.0000000E+00  0.0000000E+00  0.4640145114929713E+02  0.4058445310464895E+01
-0.5150000E+01  0.0000000E+00  0.0000000E+00  0.4125112530657245E+02  0.2640310933244469E+01
-0.5050000E+01  0.0000000E+00  0.0000000E+00  0.4492716703464274E+02  0.2745296944864979E+01
