#   DETECTOR OUTPUT MSH/DMSH
#   X BIN:    20 Y BIN:     1 Z BIN:     1
#                DETECTOR TYPE: FLUENCE   
#   X START:-0.130D+02 Y START:-0.500D+00 Z START:-0.100D+00
#   X END  :-0.110D+02 Y END  : 0.500D+00 Z END  : 0.100D+00
#   PRIMARIES: 0.104D+07
-0.1295000E+02  0.0000000E+00  0.0000000E+00  0.1091399591905141E-03  0.3196902606140925E-05
-0.1285000E+02  0.0000000E+00  0.0000000E+00  0.1063730771251584E-03  0.3331408327271831E-05
-0.1275000E+02  0.0000000E+00  0.0000000E+00  0.1126056459011331E-03  0.3122386668946523E-05
-0.1265000E+02  0.0000000E+00  0.0000000E+00  0.1150066539863143E-03  0.3229335816602532E-05
-0.1255000E+02  0.0000000E+00  0.0000000E+00  0.1216929890611690E-03  0.3397858908355198E-05
-0.1245000E+02  0.0000000E+00  0.0000000E+00  0.1210872616544787E-03  0.3144907561173824E-05
-0.1235000E+02  0.0000000E+00  0.0000000E+00  0.1219302368685269E-03  0.3104166556094674E-05
-0.1225000E+02  0.0000000E+00  0.0000000E+00  0.1258084477673396E-03  0.3610715598172704E-05
-0.1215000E+02  0.0000000E+00  0.0000000E+00  0.1300902001850159E-03  0.2736462953158041E-05
-0.1205000E+02  0.0000000E+00  0.0000000E+00  0.1354584109656206E-03  0.3176688277358053E-05
-0.1195000E+02  0.0000000E+00  0.0000000E+00  0.1363401488599697E-03  0.3250200557051769E-05
-0.1185000E+02  0.0000000E+00  0.0000000E+00  0.1378499843492922E-03  0.3438789088517289E-05
-0.1175000E+02  0.0000000E+00  0.0000000E+00  0.1372816180541432E-03  0.3494540388494050E-05
-0.1165000E+02  0.0000000E+00  0.0000000E+00  0.1464404973039527E-03  0.3477556016798804E-05
-0.1155000E+02  0.0000000E+00  0.0000000E+00  0.1489306116282019E-03  0.3405551205967871E-05
-0.1145000E+02  0.0000000E+00  0.0000000E+00  0.1525594746188988E-03  0.3127634195739203E-05
-0.1135000E+02  0.0000000E+00  0.0000000E+00  0.1555367200074569E-03  0.3057577603841706E-05
-0.1125000E+02  0.0000000E+00  0.0000000E+00  0.1564778439620761E-03  0.3301144423298458E-05
-0.1115000E+02  0.0000000E+00  0.0000000E+00  0.1580263189614126E-03  0.3078583073432759E-05
-0.1105000E+02  0.0000000E+00  0.0000000E+00  0.1598013930444034E-03  0.3125801452164494E-05
