#   DETECTOR OUTPUT MSH/DMSH
#   X BIN:    20 Y BIN:     1 Z BIN:     1
#                DETECTOR TYPE: DQ-EFF    
#   X START:-0.700D+01 Y START:-0.500D+00 Z START:-0.100D+00
#   X END  :-0.500D+01 Y END  : 0.500D+00 Z END  : 0.100D+00
#   PRIMARIES: 0.114D+07
-0.6950000E+01  0.0000000E+00  0.0000000E+00  0.1854505758732394E+02  0.1662645627647287E+01
-0.6850000E+01  0.0000000E+00  0.0000000E+00  0.1616612353770049E+02  0.1596490391242517E+01
-0.6750000E+01  0.0000000E+00  0.0000000E+00  0.1701232333571028E+02  0.1382131164518718E+01
-0.6650000E+01  0.0000000E+00  0.0000000E+00  0.1755940958060113E+02  0.1514888614474308E+01
-0.6550000E+01  0.0000000E+00  0.0000000E+00  0.1755486865874861E+02  0.1309118542544633E+01
-0.6450000E+01  0.0000000E+00  0.0000000E+00  0.1710564258596805E+02  0.1130302193877173E+01
-0.6350000E+01  0.0000000E+00  0.0000000E+00  0.1620899150863719E+02  0.1114326603514923E+01
-0.6250000E+01  0.0000000E+00  0.0000000E+00  0.1498119216408055E+02  0.7458780684601590E+00
-0.6150000E+01  0.0000000E+00  0.0000000E+00  0.1365133486282830E+02  0.5264195182710911E+00
-0.6050000E+01  0.0000000E+00  0.0000000E+00  0.1312509563313116E+02  0.4406834773454193E+00
-0.5950000E+01  0.0000000E+00  0.0000000E+00  0.1300474995394034E+02  0.4138255528448745E+00
-0.5850000E+01  0.0000000E+00  0.0000000E+00  0.1297013942551362E+02  0.3511432282353364E+00
-0.5750000E+01  0.0000000E+00  0.0000000E+00  0.1201041267963420E+02  0.2139619160634555E+00
-0.5650000E+01  0.0000000E+00  0.0000000E+00  0.1154584464111715E+02  0.1389040069522604E+00
-0.5550000E+01  0.0000000E+00  0.0000000E+00  0.1186856866923038E+02  0.1848772352946790E+00
-0.5450000E+01  0.0000000E+00  0.0000000E+00  0.1141963874555159E+02  0.1191451762782204E+00
-0.5350000E+01  0.0000000E+00  0.0000000E+00  0.1174343934278062E+02  0.1408647574093830E+00
-0.5250000E+01  0.0000000E+00  0.0000000E+00  0.1146240846089846E+02  0.1140266032719070E+00
-0.5150000E+01  0.0000000E+00  0.0000000E+00  0.1118165994166805E+02  0.7147111979486566E-01
-0.5050000E+01  0.0000000E+00  0.0000000E+00  0.1130232011794599E+02  0.8070611564696681E-01
