#   DETECTOR OUTPUT MSH/DMSH
#   X BIN:    20 Y BIN:     1 Z BIN:     1
#                DETECTOR TYPE: DLET      
#   X START:-0.130D+02 Y START:-0.500D+00 Z START:-0.100D+00
#   X END  :-0.110D+02 Y END  : 0.500D+00 Z END  : 0.100D+00
#   PRIMARIES: 0.858D+06
-0.1295000E+02  0.0000000E+00  0.0000000E+00  0.2773909702141469E+00  0.2038025583243050E+00
-0.1285000E+02  0.0000000E+00  0.0000000E+00  0.0000000000000000E+00  0.0000000000000000E+00
-0.1275000E+02  0.0000000E+00  0.0000000E+00  0.1924488312495796E+00  0.1924488312495796E+00
-0.1265000E+02  0.0000000E+00  0.0000000E+00  0.1811732493221334E+00  0.1811732493221333E+00
-0.1255000E+02  0.0000000E+00  0.0000000E+00  0.1141860679969112E+00  0.1141860679969112E+00
-0.1245000E+02  0.0000000E+00  0.0000000E+00  0.2392337858723562E+00  0.1757532014456264E+00
-0.1235000E+02  0.0000000E+00  0.0000000E+00  0.1490301434384989E+00  0.1490301434384989E+00
-0.1225000E+02  0.0000000E+00  0.0000000E+00  0.0000000000000000E+00  0.0000000000000000E+00
-0.1215000E+02  0.0000000E+00  0.0000000E+00  0.0000000000000000E+00  0.0000000000000000E+00
-0.1205000E+02  0.0000000E+00  0.0000000E+00  0.1593323920259325E+00  0.1593323920259325E+00
-0.1195000E+02  0.0000000E+00  0.0000000E+00  0.0000000000000000E+00  0.0000000000000000E+00
-0.1185000E+02  0.0000000E+00  0.0000000E+00  0.0000000000000000E+00  0.0000000000000000E+00
-0.1175000E+02  0.0000000E+00  0.0000000E+00  0.0000000000000000E+00  0.0000000000000000E+00
-0.1165000E+02  0.0000000E+00  0.0000000E+00  0.2631786149286502E+00  0.1852875539118072E+00
-0.1155000E+02  0.0000000E+00  0.0000000E+00  0.7711895242622830E+00  0.4306220597119260E+00
-0.1145000E+02  0.0000000E+00  0.0000000E+00  0.0000000000000000E+00  0.0000000000000000E+00
-0.1135000E+02  0.0000000E+00  0.0000000E+00  0.6057853282822427E+00  0.6057853282822432E+00
-0.1125000E+02  0.0000000E+00  0.0000000E+00  0.8731457159143931E+00  0.5037537840679152E+00
-0.1115000E+02  0.0000000E+00  0.0000000E+00  0.6024612749266713E+01  0.2620868133138257E+01
-0.1105000E+02  0.0000000E+00  0.0000000E+00  0.1999053939830772E+01  0.7893732195929182E+00
