#   DETECTOR OUTPUT MSH/DMSH
#   X BIN:    20 Y BIN:     1 Z BIN:     1
#                DETECTOR TYPE: DQ-EFF    
#   X START:-0.700D+01 Y START:-0.500D+00 Z START:-0.100D+00
#   X END  :-0.500D+01 Y END  : 0.500D+00 Z END  : 0.100D+00
#   PRIMARIES: 0.114D+07
-0.6950000E+01  0.0000000E+00  0.0000000E+00  0.3903279671314001E+02  0.3727692346806826E+01
-0.6850000E+01  0.0000000E+00  0.0000000E+00  0.3900048098552936E+02  0.3635987423758574E+01
-0.6750000E+01  0.0000000E+00  0.0000000E+00  0.3602928158794061E+02  0.3062646004308640E+01
-0.6650000E+01  0.0000000E+00  0.0000000E+00  0.4091886482833819E+02  0.3203086406414740E+01
-0.6550000E+01  0.0000000E+00  0.0000000E+00  0.3481052606450384E+02  0.2577969764739971E+01
-0.6450000E+01  0.0000000E+00  0.0000000E+00  0.4151606916283986E+02  0.2712790003960136E+01
-0.6350000E+01  0.0000000E+00  0.0000000E+00  0.3921734168248089E+02  0.2528949749232079E+01
-0.6250000E+01  0.0000000E+00  0.0000000E+00  0.3393383482841557E+02  0.2195693874695875E+01
-0.6150000E+01  0.0000000E+00  0.0000000E+00  0.3108976686744208E+02  0.1938152755253887E+01
-0.6050000E+01  0.0000000E+00  0.0000000E+00  0.3238649530885714E+02  0.1698586386740272E+01
-0.5950000E+01  0.0000000E+00  0.0000000E+00  0.2954056036823356E+02  0.1465042575261825E+01
-0.5850000E+01  0.0000000E+00  0.0000000E+00  0.2616883757511962E+02  0.1031367631009674E+01
-0.5750000E+01  0.0000000E+00  0.0000000E+00  0.2498041774925853E+02  0.9373946580949276E+00
-0.5650000E+01  0.0000000E+00  0.0000000E+00  0.2386712235501147E+02  0.9267660764805064E+00
-0.5550000E+01  0.0000000E+00  0.0000000E+00  0.2264437553880658E+02  0.6608423019994809E+00
-0.5450000E+01  0.0000000E+00  0.0000000E+00  0.2077957464238198E+02  0.6156199486546839E+00
-0.5350000E+01  0.0000000E+00  0.0000000E+00  0.2051264747086124E+02  0.5208087038027578E+00
-0.5250000E+01  0.0000000E+00  0.0000000E+00  0.1903193905205600E+02  0.4027925542417765E+00
-0.5150000E+01  0.0000000E+00  0.0000000E+00  0.1869248915635409E+02  0.4111966061056577E+00
-0.5050000E+01  0.0000000E+00  0.0000000E+00  0.1826410963141959E+02  0.3268032203217192E+00
