#   DETECTOR OUTPUT MSH/DMSH
#   X BIN:    20 Y BIN:     1 Z BIN:     1
#                DETECTOR TYPE: DLET      
#   X START:-0.130D+02 Y START:-0.500D+00 Z START:-0.100D+00
#   X END  :-0.110D+02 Y END  : 0.500D+00 Z END  : 0.100D+00
#   PRIMARIES: 0.104D+07
-0.1295000E+02  0.0000000E+00  0.0000000E+00  0.3232880388067909E+00  0.2375379284061478E+00
-0.1285000E+02  0.0000000E+00  0.0000000E+00  0.0000000000000000E+00  0.0000000000000000E+00
-0.1275000E+02  0.0000000E+00  0.0000000E+00  0.2244606976510969E+00  0.2244606976510969E+00
-0.1265000E+02  0.0000000E+00  0.0000000E+00  0.2111883304780281E+00  0.2111883304780282E+00
-0.1255000E+02  0.0000000E+00  0.0000000E+00  0.1329806749172211E+00  0.1329806749172211E+00
-0.1245000E+02  0.0000000E+00  0.0000000E+00  0.2786693999630329E+00  0.2047457584777917E+00
-0.1235000E+02  0.0000000E+00  0.0000000E+00  0.1736305325028947E+00  0.1736305325028946E+00
-0.1225000E+02  0.0000000E+00  0.0000000E+00  0.0000000000000000E+00  0.0000000000000000E+00
-0.1215000E+02  0.0000000E+00  0.0000000E+00  0.0000000000000000E+00  0.0000000000000000E+00
-0.1205000E+02  0.0000000E+00  0.0000000E+00  0.1856614500749802E+00  0.1856614500749802E+00
-0.1195000E+02  0.0000000E+00  0.0000000E+00  0.0000000000000000E+00  0.0000000000000000E+00
-0.1185000E+02  0.0000000E+00  0.0000000E+00  0.0000000000000000E+00  0.0000000000000000E+00
-0.1175000E+02  0.0000000E+00  0.0000000E+00  0.0000000000000000E+00  0.0000000000000000E+00
-0.1165000E+02  0.0000000E+00  0.0000000E+00  0.3066192924121984E+00  0.2158715674531247E+00
-0.1155000E+02  0.0000000E+00  0.0000000E+00  0.8994147718235614E+00  0.5024862724847042E+00
-0.1145000E+02  0.0000000E+00  0.0000000E+00  0.0000000000000000E+00  0.0000000000000000E+00
-0.1135000E+02  0.0000000E+00  0.0000000E+00  0.7086623210389068E+00  0.7086623210389068E+00
-0.1125000E+02  0.0000000E+00  0.0000000E+00  0.1019162326485816E+01  0.5879781943982461E+00
-0.1115000E+02  0.0000000E+00  0.0000000E+00  0.7191805258228525E+01  0.3139691258695099E+01
-0.1105000E+02  0.0000000E+00  0.0000000E+00  0.2334074083695478E+01  0.9218671220464936E+00
