#   DETECTOR OUTPUT MSH/DMSH
#   X BIN:    20 Y BIN:     1 Z BIN:     1
#                DETECTOR TYPE: TQ-EFF    
#   X START:-0.130D+02 Y START:-0.500D+00 Z START:-0.100D+00
#   X END  :-0.110D+02 Y END  : 0.500D+00 Z END  : 0.100D+00
#   PRIMARIES: 0.104D+07
-0.1295000E+02  0.0000000E+00  0.0000000E+00  0.2947248001377148E+02  0.2854668349941212E+02
-0.1285000E+02  0.0000000E+00  0.0000000E+00  0.1719116634066252E+02  0.7250816630300783E+01
-0.1275000E+02  0.0000000E+00  0.0000000E+00  0.2106718202872183E+03  0.1689705782243342E+03
-0.1265000E+02  0.0000000E+00  0.0000000E+00  0.7059705585501359E+01  0.3394296753754423E+01
-0.1255000E+02  0.0000000E+00  0.0000000E+00  0.3039444098562685E+03  0.2920377078849504E+03
-0.1245000E+02  0.0000000E+00  0.0000000E+00  0.4002970640346517E+02  0.2914320125754267E+02
-0.1235000E+02  0.0000000E+00  0.0000000E+00  0.2523923429110846E+02  0.1821610452821624E+02
-0.1225000E+02  0.0000000E+00  0.0000000E+00  0.4727292125523388E+03  0.4326355198815627E+03
-0.1215000E+02  0.0000000E+00  0.0000000E+00  0.1265042524174941E+04  0.7219666450580332E+03
-0.1205000E+02  0.0000000E+00  0.0000000E+00  0.4023684678333843E+03  0.4006645763147415E+03
-0.1195000E+02  0.0000000E+00  0.0000000E+00  0.1379763332477566E+04  0.7837741073065650E+03
-0.1185000E+02  0.0000000E+00  0.0000000E+00  0.2263882924854362E+04  0.9829184350574112E+03
-0.1175000E+02  0.0000000E+00  0.0000000E+00  0.5178394540423032E+02  0.3675070402423134E+02
-0.1165000E+02  0.0000000E+00  0.0000000E+00  0.1306358541047510E+04  0.7386388686162890E+03
-0.1155000E+02  0.0000000E+00  0.0000000E+00  0.8149310769105984E+01  0.4036899652182287E+01
-0.1145000E+02  0.0000000E+00  0.0000000E+00  0.8657740763149141E+01  0.4206944006280894E+01
-0.1135000E+02  0.0000000E+00  0.0000000E+00  0.7650032262291631E+01  0.4124726676079435E+01
-0.1125000E+02  0.0000000E+00  0.0000000E+00  0.8450435596272696E+03  0.5849694549419107E+03
-0.1115000E+02  0.0000000E+00  0.0000000E+00  0.1085382526959621E+04  0.6522131743771695E+03
-0.1105000E+02  0.0000000E+00  0.0000000E+00  0.1423085964058337E+03  0.8745310036285028E+02
