#   DETECTOR OUTPUT MSH/DMSH
#   X BIN:    20 Y BIN:     1 Z BIN:     1
#                DETECTOR TYPE: DQ-EFF    
#   X START:-0.130D+02 Y START:-0.500D+00 Z START:-0.100D+00
#   X END  :-0.110D+02 Y END  : 0.500D+00 Z END  : 0.100D+00
#   PRIMARIES: 0.104D+07
-0.1295000E+02  0.0000000E+00  0.0000000E+00  0.3327479771048263E+02  0.3234785463603037E+02
-0.1285000E+02  0.0000000E+00  0.0000000E+00  0.3757812442796946E+02  0.1522054760077587E+02
-0.1275000E+02  0.0000000E+00  0.0000000E+00  0.4023662394179153E+03  0.2314549395372152E+03
-0.1265000E+02  0.0000000E+00  0.0000000E+00  0.1345549953695159E+03  0.1262101659304188E+03
-0.1255000E+02  0.0000000E+00  0.0000000E+00  0.4761903169390473E+03  0.2998025215494108E+03
-0.1245000E+02  0.0000000E+00  0.0000000E+00  0.4953643490507179E+02  0.3648858249842859E+02
-0.1235000E+02  0.0000000E+00  0.0000000E+00  0.6726518958945952E+02  0.4589359486502055E+02
-0.1225000E+02  0.0000000E+00  0.0000000E+00  0.5972385318621692E+03  0.4291076888119325E+03
-0.1215000E+02  0.0000000E+00  0.0000000E+00  0.1191990278250416E+04  0.6809970259524638E+03
-0.1205000E+02  0.0000000E+00  0.0000000E+00  0.3597859396865893E+03  0.3579409864699877E+03
-0.1195000E+02  0.0000000E+00  0.0000000E+00  0.1265693837447497E+04  0.7140219489507376E+03
-0.1185000E+02  0.0000000E+00  0.0000000E+00  0.2479523691276966E+04  0.9580747708290761E+03
-0.1175000E+02  0.0000000E+00  0.0000000E+00  0.1150464959862377E+03  0.6178226184400781E+02
-0.1165000E+02  0.0000000E+00  0.0000000E+00  0.1396879530727981E+04  0.6762793590252576E+03
-0.1155000E+02  0.0000000E+00  0.0000000E+00  0.1668587018921957E+03  0.1117502174431489E+03
-0.1145000E+02  0.0000000E+00  0.0000000E+00  0.1344631401651885E+02  0.7343694521520767E+01
-0.1135000E+02  0.0000000E+00  0.0000000E+00  0.1013720637951038E+03  0.6977350506240020E+02
-0.1125000E+02  0.0000000E+00  0.0000000E+00  0.1013066138729266E+04  0.5790135860769187E+03
-0.1115000E+02  0.0000000E+00  0.0000000E+00  0.1332730826774195E+04  0.6371618570138396E+03
-0.1105000E+02  0.0000000E+00  0.0000000E+00  0.4888411881030360E+03  0.2520204359138455E+03
