#   DETECTOR OUTPUT MSH/DMSH
#   X BIN:    20 Y BIN:     1 Z BIN:     1
#                DETECTOR TYPE: DQ-EFF    
#   X START:-0.130D+02 Y START:-0.500D+00 Z START:-0.100D+00
#   X END  :-0.110D+02 Y END  : 0.500D+00 Z END  : 0.100D+00
#   PRIMARIES: 0.104D+07
-0.1295000E+02  0.0000000E+00  0.0000000E+00  0.9199835396276170E+00  0.3886267681285912E+00
-0.1285000E+02  0.0000000E+00  0.0000000E+00  0.2836289855282652E+02  0.1210966349163376E+02
-0.1275000E+02  0.0000000E+00  0.0000000E+00  0.1204819777465869E+02  0.5488595058311093E+01
-0.1265000E+02  0.0000000E+00  0.0000000E+00  0.8603913278602032E+01  0.4975291866085457E+01
-0.1255000E+02  0.0000000E+00  0.0000000E+00  0.9650987948700818E+01  0.6388107172117655E+01
-0.1245000E+02  0.0000000E+00  0.0000000E+00  0.1570325072218495E+02  0.1405224009830639E+02
-0.1235000E+02  0.0000000E+00  0.0000000E+00  0.5012990709663089E+01  0.2564410929776775E+01
-0.1225000E+02  0.0000000E+00  0.0000000E+00  0.6266818876966052E+01  0.4263108662957480E+01
-0.1215000E+02  0.0000000E+00  0.0000000E+00  0.2285021640470177E+01  0.9828156693722816E+00
-0.1205000E+02  0.0000000E+00  0.0000000E+00  0.1827857092975618E+01  0.9894475586270153E+00
-0.1195000E+02  0.0000000E+00  0.0000000E+00  0.2041676072386879E+02  0.1157837248677665E+02
-0.1185000E+02  0.0000000E+00  0.0000000E+00  0.8880950391770694E+01  0.4096913257327223E+01
-0.1175000E+02  0.0000000E+00  0.0000000E+00  0.8521718366131225E+01  0.4944956258505083E+01
-0.1165000E+02  0.0000000E+00  0.0000000E+00  0.2080012807787862E+02  0.9765536415824190E+01
-0.1155000E+02  0.0000000E+00  0.0000000E+00  0.9151986808122444E+01  0.6018919351623857E+01
-0.1145000E+02  0.0000000E+00  0.0000000E+00  0.1344631401651885E+02  0.7343694521520767E+01
-0.1135000E+02  0.0000000E+00  0.0000000E+00  0.9181617220851974E+01  0.6501480229660059E+01
-0.1125000E+02  0.0000000E+00  0.0000000E+00  0.1042042756636152E+02  0.4970476850417592E+01
-0.1115000E+02  0.0000000E+00  0.0000000E+00  0.3096359532208327E+02  0.9826475476286507E+01
-0.1105000E+02  0.0000000E+00  0.0000000E+00  0.1391896690050869E+02  0.5542915464027985E+01
