#   DETECTOR OUTPUT MSH/DMSH
#   X BIN:    20 Y BIN:     1 Z BIN:     1
#                DETECTOR TYPE: DLET      
#   X START:-0.700D+01 Y START:-0.500D+00 Z START:-0.100D+00
#   X END  :-0.500D+01 Y END  : 0.500D+00 Z END  : 0.100D+00
#   PRIMARIES: 0.117D+07
-0.6950000E+01  0.0000000E+00  0.0000000E+00  0.1766509005429540E+02  0.6954238920151445E+00
-0.6850000E+01  0.0000000E+00  0.0000000E+00  0.1685304427462497E+02  0.6454215548319997E+00
-0.6750000E+01  0.0000000E+00  0.0000000E+00  0.1723531985853397E+02  0.6191975223414803E+00
-0.6650000E+01  0.0000000E+00  0.0000000E+00  0.1716412179553786E+02  0.6596749961631945E+00
-0.6550000E+01  0.0000000E+00  0.0000000E+00  0.1715396843034670E+02  0.5765318820508106E+00
-0.6450000E+01  0.0000000E+00  0.0000000E+00  0.1682848370913789E+02  0.4961818625699112E+00
-0.6350000E+01  0.0000000E+00  0.0000000E+00  0.1616488366730199E+02  0.4945130964527625E+00
-0.6250000E+01  0.0000000E+00  0.0000000E+00  0.1537120657744931E+02  0.3076785043198854E+00
-0.6150000E+01  0.0000000E+00  0.0000000E+00  0.1478734797804845E+02  0.2374078383111419E+00
-0.6050000E+01  0.0000000E+00  0.0000000E+00  0.1432948844899631E+02  0.1591333419312551E+00
-0.5950000E+01  0.0000000E+00  0.0000000E+00  0.1406380602727793E+02  0.1584096724162154E+00
-0.5850000E+01  0.0000000E+00  0.0000000E+00  0.1393740491310995E+02  0.1365990957515522E+00
-0.5750000E+01  0.0000000E+00  0.0000000E+00  0.1354896233339904E+02  0.7923091147529007E-01
-0.5650000E+01  0.0000000E+00  0.0000000E+00  0.1325783745936267E+02  0.4175894646238934E-01
-0.5550000E+01  0.0000000E+00  0.0000000E+00  0.1323736855157048E+02  0.6464268957967272E-01
-0.5450000E+01  0.0000000E+00  0.0000000E+00  0.1304065764306421E+02  0.3416243843732893E-01
-0.5350000E+01  0.0000000E+00  0.0000000E+00  0.1308756401754374E+02  0.4951266350714712E-01
-0.5250000E+01  0.0000000E+00  0.0000000E+00  0.1296928482789910E+02  0.3795879408174121E-01
-0.5150000E+01  0.0000000E+00  0.0000000E+00  0.1284752839879090E+02  0.1870710390110561E-01
-0.5050000E+01  0.0000000E+00  0.0000000E+00  0.1285616646754625E+02  0.2609516346204034E-01
