#   DETECTOR OUTPUT MSH/DMSH
#   X BIN:    20 Y BIN:     1 Z BIN:     1
#                DETECTOR TYPE: TLET      
#   X START:-0.130D+02 Y START:-0.500D+00 Z START:-0.100D+00
#   X END  :-0.110D+02 Y END  : 0.500D+00 Z END  : 0.100D+00
#   PRIMARIES: 0.858D+06
-0.1295000E+02  0.0000000E+00  0.0000000E+00  0.1048200257015650E+01  0.4356176727218141E+00
-0.1285000E+02  0.0000000E+00  0.0000000E+00  0.9550404882955197E+01  0.3611712630994490E+01
-0.1275000E+02  0.0000000E+00  0.0000000E+00  0.6369696696078408E+01  0.2006922886943111E+01
-0.1265000E+02  0.0000000E+00  0.0000000E+00  0.3739674012482469E+01  0.1606859056063540E+01
-0.1255000E+02  0.0000000E+00  0.0000000E+00  0.3673351716737579E+01  0.1956434902706705E+01
-0.1245000E+02  0.0000000E+00  0.0000000E+00  0.5396324248168527E+01  0.3748287061432294E+01
-0.1235000E+02  0.0000000E+00  0.0000000E+00  0.3395136112825826E+01  0.1156417199586650E+01
-0.1225000E+02  0.0000000E+00  0.0000000E+00  0.3392449265298774E+01  0.1473860902492455E+01
-0.1215000E+02  0.0000000E+00  0.0000000E+00  0.2264122896526922E+01  0.9282923882518512E+00
-0.1205000E+02  0.0000000E+00  0.0000000E+00  0.1682249832704252E+01  0.7952558853153081E+00
-0.1195000E+02  0.0000000E+00  0.0000000E+00  0.5969449969106665E+01  0.2938005259988113E+01
-0.1185000E+02  0.0000000E+00  0.0000000E+00  0.4834441752926197E+01  0.1565633510955240E+01
-0.1175000E+02  0.0000000E+00  0.0000000E+00  0.4280170381247040E+01  0.1642957597606950E+01
-0.1165000E+02  0.0000000E+00  0.0000000E+00  0.6928449462670614E+01  0.2745523012682482E+01
-0.1155000E+02  0.0000000E+00  0.0000000E+00  0.3608110003435580E+01  0.1770237043430413E+01
-0.1145000E+02  0.0000000E+00  0.0000000E+00  0.5805953476208857E+01  0.2396558464545536E+01
-0.1135000E+02  0.0000000E+00  0.0000000E+00  0.4453023463390397E+01  0.2069706966962525E+01
-0.1125000E+02  0.0000000E+00  0.0000000E+00  0.5813946082441505E+01  0.1790525847885237E+01
-0.1115000E+02  0.0000000E+00  0.0000000E+00  0.1169999771956580E+02  0.3045941906877629E+01
-0.1105000E+02  0.0000000E+00  0.0000000E+00  0.8290401841688100E+01  0.2255072772495948E+01
