#   DETECTOR OUTPUT MSH/DMSH
#   X BIN:    20 Y BIN:     1 Z BIN:     1
#                DETECTOR TYPE: DLET      
#   X START:-0.700D+01 Y START:-0.500D+00 Z START:-0.100D+00
#   X END  :-0.500D+01 Y END  : 0.500D+00 Z END  : 0.100D+00
#   PRIMARIES: 0.117D+07
-0.6950000E+01  0.0000000E+00  0.0000000E+00  0.2746928088772565E+02  0.1505510761508027E+01
-0.6850000E+01  0.0000000E+00  0.0000000E+00  0.2749497992633188E+02  0.1525763871734530E+01
-0.6750000E+01  0.0000000E+00  0.0000000E+00  0.2643826417363856E+02  0.1270724911256877E+01
-0.6650000E+01  0.0000000E+00  0.0000000E+00  0.2812123554719746E+02  0.1360044510957594E+01
-0.6550000E+01  0.0000000E+00  0.0000000E+00  0.2526735147108676E+02  0.1105725406791335E+01
-0.6450000E+01  0.0000000E+00  0.0000000E+00  0.2812535971686437E+02  0.1135075815226859E+01
-0.6350000E+01  0.0000000E+00  0.0000000E+00  0.2685158075085256E+02  0.1068700921751458E+01
-0.6250000E+01  0.0000000E+00  0.0000000E+00  0.2476422093649185E+02  0.9523977027753201E+00
-0.6150000E+01  0.0000000E+00  0.0000000E+00  0.2325743327238451E+02  0.8306543664912104E+00
-0.6050000E+01  0.0000000E+00  0.0000000E+00  0.2357031503646215E+02  0.7392596071191593E+00
-0.5950000E+01  0.0000000E+00  0.0000000E+00  0.2225845947250572E+02  0.6311944056491970E+00
-0.5850000E+01  0.0000000E+00  0.0000000E+00  0.2056016154813653E+02  0.4370723567225206E+00
-0.5750000E+01  0.0000000E+00  0.0000000E+00  0.1982571320826312E+02  0.3969323962079850E+00
-0.5650000E+01  0.0000000E+00  0.0000000E+00  0.1912965512171816E+02  0.4006874030700232E+00
-0.5550000E+01  0.0000000E+00  0.0000000E+00  0.1846262257314592E+02  0.2907692231051282E+00
-0.5450000E+01  0.0000000E+00  0.0000000E+00  0.1754448217386357E+02  0.2693419814003381E+00
-0.5350000E+01  0.0000000E+00  0.0000000E+00  0.1727689485484713E+02  0.2203869578019932E+00
-0.5250000E+01  0.0000000E+00  0.0000000E+00  0.1662208608258916E+02  0.1792418430779134E+00
-0.5150000E+01  0.0000000E+00  0.0000000E+00  0.1643251147264592E+02  0.1774258096675148E+00
-0.5050000E+01  0.0000000E+00  0.0000000E+00  0.1619846116535347E+02  0.1441828205409754E+00
