#   DETECTOR OUTPUT MSH/DMSH
#   X BIN:    20 Y BIN:     1 Z BIN:     1
#                DETECTOR TYPE: DLET      
#   X START:-0.700D+01 Y START:-0.500D+00 Z START:-0.100D+00
#   X END  :-0.500D+01 Y END  : 0.500D+00 Z END  : 0.100D+00
#   PRIMARIES: 0.114D+07
-0.6950000E+01  0.0000000E+00  0.0000000E+00  0.2067922002494081E+02  0.8374935820515604E+00
-0.6850000E+01  0.0000000E+00  0.0000000E+00  0.1968745183121336E+02  0.7798508614519147E+00
-0.6750000E+01  0.0000000E+00  0.0000000E+00  0.2014511862775932E+02  0.7428550092854013E+00
-0.6650000E+01  0.0000000E+00  0.0000000E+00  0.2008425480107443E+02  0.7937803424192090E+00
-0.6550000E+01  0.0000000E+00  0.0000000E+00  0.2007195180389210E+02  0.6921546384010159E+00
-0.6450000E+01  0.0000000E+00  0.0000000E+00  0.1969006952058243E+02  0.5961280086645615E+00
-0.6350000E+01  0.0000000E+00  0.0000000E+00  0.1890771160981615E+02  0.5943655742221083E+00
-0.6250000E+01  0.0000000E+00  0.0000000E+00  0.1797668500573278E+02  0.3708803107626452E+00
-0.6150000E+01  0.0000000E+00  0.0000000E+00  0.1726661614713617E+02  0.2842860390760848E+00
-0.6050000E+01  0.0000000E+00  0.0000000E+00  0.1673405693954469E+02  0.1940977723431233E+00
-0.5950000E+01  0.0000000E+00  0.0000000E+00  0.1642568503923495E+02  0.1916368298078076E+00
-0.5850000E+01  0.0000000E+00  0.0000000E+00  0.1628343531010302E+02  0.1649719035970761E+00
-0.5750000E+01  0.0000000E+00  0.0000000E+00  0.1580948859922211E+02  0.9548347950005975E-01
-0.5650000E+01  0.0000000E+00  0.0000000E+00  0.1546446150138764E+02  0.5119407751401735E-01
-0.5550000E+01  0.0000000E+00  0.0000000E+00  0.1545207463841279E+02  0.7880287789061295E-01
-0.5450000E+01  0.0000000E+00  0.0000000E+00  0.1521463255534886E+02  0.4239136913046593E-01
-0.5350000E+01  0.0000000E+00  0.0000000E+00  0.1527832980067670E+02  0.6042804126415238E-01
-0.5250000E+01  0.0000000E+00  0.0000000E+00  0.1513479346920914E+02  0.4637398435650876E-01
-0.5150000E+01  0.0000000E+00  0.0000000E+00  0.1498746951966605E+02  0.2335104525487921E-01
-0.5050000E+01  0.0000000E+00  0.0000000E+00  0.1500113651446375E+02  0.3190198836847562E-01
