#   DETECTOR OUTPUT MSH/DMSH
#   X BIN:    20 Y BIN:     1 Z BIN:     1
#                DETECTOR TYPE: TLET      
#   X START:-0.130D+02 Y START:-0.500D+00 Z START:-0.100D+00
#   X END  :-0.110D+02 Y END  : 0.500D+00 Z END  : 0.100D+00
#   PRIMARIES: 0.858D+06
-0.1295000E+02  0.0000000E+00  0.0000000E+00  0.2771565146969590E+00  0.2035934855186325E+00
-0.1285000E+02  0.0000000E+00  0.0000000E+00  0.0000000000000000E+00  0.0000000000000000E+00
-0.1275000E+02  0.0000000E+00  0.0000000E+00  0.1924928468723225E+00  0.1924928468723224E+00
-0.1265000E+02  0.0000000E+00  0.0000000E+00  0.1805571742007402E+00  0.1805571742007403E+00
-0.1255000E+02  0.0000000E+00  0.0000000E+00  0.1141647592402617E+00  0.1141647592402617E+00
-0.1245000E+02  0.0000000E+00  0.0000000E+00  0.2393775774167470E+00  0.1758723636296640E+00
-0.1235000E+02  0.0000000E+00  0.0000000E+00  0.1490297341850839E+00  0.1490297341850839E+00
-0.1225000E+02  0.0000000E+00  0.0000000E+00  0.0000000000000000E+00  0.0000000000000000E+00
-0.1215000E+02  0.0000000E+00  0.0000000E+00  0.0000000000000000E+00  0.0000000000000000E+00
-0.1205000E+02  0.0000000E+00  0.0000000E+00  0.1589804297441686E+00  0.1589804297441686E+00
-0.1195000E+02  0.0000000E+00  0.0000000E+00  0.0000000000000000E+00  0.0000000000000000E+00
-0.1185000E+02  0.0000000E+00  0.0000000E+00  0.0000000000000000E+00  0.0000000000000000E+00
-0.1175000E+02  0.0000000E+00  0.0000000E+00  0.0000000000000000E+00  0.0000000000000000E+00
-0.1165000E+02  0.0000000E+00  0.0000000E+00  0.2631384079740773E+00  0.1852601924899556E+00
-0.1155000E+02  0.0000000E+00  0.0000000E+00  0.7659670473471494E+00  0.4261404956185630E+00
-0.1145000E+02  0.0000000E+00  0.0000000E+00  0.0000000000000000E+00  0.0000000000000000E+00
-0.1135000E+02  0.0000000E+00  0.0000000E+00  0.5459892949327604E+00  0.5459892949327609E+00
-0.1125000E+02  0.0000000E+00  0.0000000E+00  0.8689756277032112E+00  0.5012735199453767E+00
-0.1115000E+02  0.0000000E+00  0.0000000E+00  0.4149149121028159E+01  0.1726657939797487E+01
-0.1105000E+02  0.0000000E+00  0.0000000E+00  0.1981059073714056E+01  0.7796013654275120E+00
