#   DETECTOR OUTPUT MSH/DMSH
#   X BIN:    20 Y BIN:     1 Z BIN:     1
#                DETECTOR TYPE: DLET      
#   X START:-0.130D+02 Y START:-0.500D+00 Z START:-0.100D+00
#   X END  :-0.110D+02 Y END  : 0.500D+00 Z END  : 0.100D+00
#   PRIMARIES: 0.104D+07
-0.1295000E+02  0.0000000E+00  0.0000000E+00  0.1222818501600911E+01  0.5084024292972006E+00
-0.1285000E+02  0.0000000E+00  0.0000000E+00  0.1521045952450653E+02  0.5916571555280672E+01
-0.1275000E+02  0.0000000E+00  0.0000000E+00  0.9071377845574514E+01  0.3204735984823718E+01
-0.1265000E+02  0.0000000E+00  0.0000000E+00  0.5813943144784565E+01  0.2785225421707244E+01
-0.1255000E+02  0.0000000E+00  0.0000000E+00  0.5735565138596869E+01  0.3279296151475926E+01
-0.1245000E+02  0.0000000E+00  0.0000000E+00  0.7363591970003446E+01  0.5414550755570464E+01
-0.1235000E+02  0.0000000E+00  0.0000000E+00  0.4541911211181272E+01  0.1759280355381825E+01
-0.1225000E+02  0.0000000E+00  0.0000000E+00  0.4713358888029706E+01  0.2383244137592513E+01
-0.1215000E+02  0.0000000E+00  0.0000000E+00  0.2648309922166238E+01  0.1086452482058065E+01
-0.1205000E+02  0.0000000E+00  0.0000000E+00  0.2069915172637317E+01  0.1013461868687880E+01
-0.1195000E+02  0.0000000E+00  0.0000000E+00  0.1067163070956484E+02  0.5203633821254224E+01
-0.1185000E+02  0.0000000E+00  0.0000000E+00  0.6988889225990856E+01  0.2557428214981513E+01
-0.1175000E+02  0.0000000E+00  0.0000000E+00  0.6225226789883239E+01  0.2722021462070294E+01
-0.1165000E+02  0.0000000E+00  0.0000000E+00  0.1074859258852801E+02  0.4510557739727941E+01
-0.1155000E+02  0.0000000E+00  0.0000000E+00  0.5705552815730231E+01  0.3046102866741478E+01
-0.1145000E+02  0.0000000E+00  0.0000000E+00  0.8560778013230664E+01  0.3861761596279170E+01
-0.1135000E+02  0.0000000E+00  0.0000000E+00  0.6208481131517248E+01  0.3246603137087546E+01
-0.1125000E+02  0.0000000E+00  0.0000000E+00  0.8107314321040441E+01  0.2881266711466150E+01
-0.1115000E+02  0.0000000E+00  0.0000000E+00  0.1910942902161321E+02  0.5299637390779433E+01
-0.1105000E+02  0.0000000E+00  0.0000000E+00  0.1114688153338093E+02  0.3374424834058070E+01
