-15.2 6.71072 0.0579256
-15.1 7.51627 0.0569217
-15 7.97588 0.0629794
-14.9 8.44503 0.0645091
-14.8 8.74917 0.0793204
-14.7 9.00905 0.060211
-14.6 9.16616 0.0702937
-14.5 9.50689 0.0632535
-14.4 9.56015 0.063241
-14.3 9.65119 0.0729279
-14.2 9.80738 0.0752407
-14.1 9.93739 0.0773772
-14 10.0264 0.0762666
-13.9 10.1447 0.0726934
-13.8 10.2777 0.063002
-13.7 10.3962 0.0704862
-13.6 10.4942 0.0753718
-13.5 10.5028 0.068624
-13.4 10.5468 0.0795223
-13.3 10.6772 0.0736288
-13.2 10.6988 0.0703463
-13.1 10.8274 0.0758478
-13 10.8982 0.0676206
-12.9 10.8012 0.0741078
-12.8 10.9555 0.0689388
-12.7 10.9917 0.0648834
-12.6 11.195 0.0669533
-12.5 11.2634 0.0740999
-12.4 11.2886 0.0758615
-12.3 11.2948 0.0714892
-12.2 11.3697 0.0788749
-12.1 11.3566 0.0694928
-12 11.4592 0.080127
-11.9 11.4766 0.0725001
-11.8 11.6194 0.0719501
-11.7 11.5389 0.0753846
-11.6 11.5721 0.079236
-11.5 11.7186 0.0747897
-11.4 11.7952 0.0736072
-11.3 11.6646 0.0810707
-11.2 11.8668 0.0765353
-11.1 12.0606 0.0840523
-11 11.8533 0.0743886
-10.9 11.841 0.071059
-10.8 11.841 0.067613
-10.7 11.9235 0.0719567
-10.6 11.8705 0.0764353
-10.5 12.0054 0.0654399
-10.4 12.1045 0.0747752
-10.3 12.2264 0.0787675
-10.2 12.1651 0.0719239
-10.1 12.3487 0.0709677
-10 12.3513 0.0740172
-9.9 12.2954 0.073088
-9.8 12.2526 0.0782114
-9.7 12.3272 0.0676956
-9.6 12.3713 0.0755135
-9.5 12.3082 0.0693798
-9.4 12.5017 0.0736647
-9.3 12.46 0.0783122
-9.2 12.5848 0.0763382
-9.1 12.5082 0.0689985
-9 12.5346 0.0681353
-8.9 12.5224 0.0759617
-8.8 12.627 0.0754216
-8.7 12.6642 0.0748289
-8.6 12.6527 0.0749205
-8.5 12.6457 0.0695449
-8.4 12.7731 0.0720605
-8.3 12.7382 0.0740862
-8.2 12.9135 0.0597255
-8.1 12.7961 0.0635191
-8 12.7992 0.0861777
-7.9 12.8714 0.0778166
-7.8 13.0115 0.073264
-7.7 13.0392 0.0709642
-7.6 12.8742 0.0671864
-7.5 12.9389 0.0697749
-7.4 13.1268 0.0689415
-7.3 13.0405 0.0696429
-7.2 13.0335 0.071491
-7.1 13.1052 0.0740593
-7 13.0878 0.079866
-6.9 13.1403 0.0779926
-6.8 13.1892 0.0669969
-6.7 13.1522 0.0679295
-6.6 13.2429 0.0757616
-6.5 13.248 0.0694439
-6.4 13.29 0.074683
-6.3 13.4106 0.0704235
-6.2 13.3595 0.0736522
-6.1 13.2857 0.0651219
-6 13.4172 0.0693541
-5.9 13.416 0.0718321
-5.8 13.536 0.077292
-5.7 13.566 0.0767887
-5.6 13.7325 0.0767028
-5.5 13.5713 0.0716196
-5.4 13.5425 0.0695319
-5.3 13.6392 0.0720834
-5.2 13.6533 0.0761148
-5.1 13.5631 0.0737063
-5 13.7518 0.0696573
-4.9 13.6626 0.0732137
-4.8 13.7988 0.0632594
-4.7 13.8124 0.0695386
-4.6 13.777 0.0611917
-4.5 13.9259 0.0683752
-4.4 14.005 0.0700111
-4.3 14.0456 0.0678262
-4.2 13.9668 0.060288
-4.1 14.1243 0.0662075
-4 14.0766 0.0690683
-3.9 14.1067 0.0779539
-3.8 14.1825 0.0649716
-3.7 14.096 0.0690924
-3.6 14.3115 0.0670252
-3.5 14.425 0.0690242
-3.4 14.4611 0.0695355
-3.3 14.4865 0.0593384
-3.2 14.6624 0.0683373
-3.1 14.5969 0.0680521
-3 14.6946 0.0653064
-2.9 14.7336 0.0602202
-2.8 14.7986 0.0651171
-2.7 14.7962 0.0682779
-2.6 14.8967 0.0601933
-2.5 14.9302 0.0595916
-2.4 14.9362 0.0697152
-2.3 15.0073 0.066283
-2.2 15.063 0.0562013
-2.1 15.1778 0.0611941
-2 15.2198 0.0655786
-1.9 15.289 0.0631761
-1.8 15.3262 0.0661449
-1.7 15.3983 0.0600855
-1.6 15.4924 0.0613633
-1.5 15.5831 0.0549612
-1.4 15.638 0.0573028
-1.3 15.9239 0.0636174
-1.2 15.9297 0.069115
-1.1 15.994 0.0531158
-1 16.1083 0.0594843
-0.9 16.2211 0.0577448
-0.8 16.2874 0.0639884
-0.7 16.3694 0.0551756
-0.6 16.5326 0.0530192
-0.5 16.5768 0.0573339
-0.4 16.7577 0.0576361
-0.3 16.8931 0.0522312
-0.2 16.9831 0.0480524
-0.1 17.4079 0.0539291
0 17.5345 0.0545558
0.1 17.9348 0.0538942
0.2 18.1898 0.0497846
0.3 18.4626 0.0476141
0.4 18.78 0.0553022
0.5 19.1883 0.0538048
0.6 19.6794 0.0472055
0.7 20.2202 0.049819
0.8 20.8384 0.0478417
0.9 21.6682 0.0513093
1 22.8637 0.0484388
1.1 24.2227 0.0439595
1.2 26.0299 0.0472373
1.3 28.7367 0.0517263
1.4 32.7444 0.0522401
1.5 39.2799 0.0527256
1.6 49.7071 0.0800887
1.7 65.8057 0.0874383
1.8 87.7099 0.0874596
1.9 114.101 0.0879379
2 143.236 0.0979154
2.1 173.045 0.142673
2.2 202.231 0.154699
2.3 230.102 0.201302
2.4 256.88 0.264087
2.5 281.674 0.403449
2.6 303.489 0.612502
2.7 318.999 0.969086
2.8 322.191 1.94255
2.9 282.191 3.31719
3 201.281 4.14124
3.1 153.415 4.24459
3.2 143.006 4.44212
3.3 140.048 4.76373
3.4 138.232 4.18103
3.5 136.537 5.25556
3.6 135.391 4.4546
3.7 139.144 4.95107
3.8 134.696 4.73832
3.9 133.92 5.24639
4 128.293 5.19138
4.1 134.387 5.05829
4.2 136.747 4.98213
4.3 129.917 5.44285
4.4 134.666 5.05436
4.5 137.99 4.40591
4.6 131.327 5.01508
4.7 132.682 5.30145
4.8 138.784 4.78747
4.9 129.44 5.15054
5 132.31 4.82824
5.1 133.013 5.27024
5.2 123.236 5.04103
5.3 140.306 5.64008
5.4 133.839 5.41842
5.5 142.615 5.1845
5.6 123.002 5.55856
5.7 131.016 5.4839
5.8 125.762 5.24802
5.9 125.801 5.54299
6 137.589 6.01747
6.1 123.759 5.26908
6.2 135.948 4.54786
6.3 135.875 5.82195
6.4 136.188 6.00894
6.5 129.866 5.22078
6.6 123.373 5.29059
6.7 118.722 6.10728
6.8 122.47 5.76664
6.9 125.49 5.29628
7 123.531 5.12994
7.1 126.696 5.038
7.2 125.911 5.79895
7.3 123.661 4.99165
7.4 121.299 5.03896
7.5 134.782 5.08126
7.6 130.052 4.94313
7.7 140.206 5.79404
7.8 108.579 4.87284
7.9 126.83 5.60967
8 116.731 4.59936
8.1 123.777 5.40294
8.2 135.358 5.96328
8.3 135.307 5.32498
8.4 132.407 5.57444
8.5 127.555 6.16464
8.6 118.686 5.87504
8.7 126.926 5.4035
8.8 120.521 5.84099
8.9 135.959 6.66863
9 124.383 5.62654
9.1 122.034 6.5301
9.2 116.526 5.14855
9.3 110.288 5.44651
9.4 123.586 5.57381
9.5 125.16 5.80345
9.6 123.743 5.90941
9.7 123.003 5.6115
9.8 123.705 4.78042
9.9 122.771 6.07766
10 126.041 6.3558
10.1 118.952 5.58258
10.2 116.33 5.99922
10.3 118.502 6.23936
10.4 113.931 5.88709
10.5 119.55 6.38349
10.6 121.733 6.30125
10.7 119.554 6.50031
10.8 123.549 6.03871
10.9 123.191 6.40241
11 126.868 5.67045
11.1 117.275 6.0243
11.2 126.548 6.039
11.3 123.114 6.36764
11.4 122.764 6.72778
11.5 120.023 6.12776
11.6 125.196 6.87843
11.7 106.689 5.93723
11.8 118.663 6.75452
11.9 119.424 5.91628
12 122.466 6.7161
12.1 120.491 6.56616
12.2 126.451 5.73537
