-15.2 5.21241 1.43298e-05
-15.1 5.21243 1.21839e-05
-15 5.21248 1.27032e-05
-14.9 5.24522 1.29367e-05
-14.8 5.24643 1.35778e-05
-14.7 5.24687 1.31582e-05
-14.6 5.27946 1.36857e-05
-14.5 5.28046 1.35524e-05
-14.4 5.28255 1.42237e-05
-14.3 5.31409 1.30565e-05
-14.2 5.31451 1.42449e-05
-14.1 5.3203 1.35913e-05
-14 5.34841 1.42997e-05
-13.9 5.34855 1.44141e-05
-13.8 5.35992 1.36753e-05
-13.7 5.38253 1.36653e-05
-13.6 5.38266 1.62686e-05
-13.5 5.40205 1.67712e-05
-13.4 5.4178 1.66013e-05
-13.3 5.41838 1.42591e-05
-13.2 5.45023 1.9291e-05
-13.1 5.45802 1.51013e-05
-13 5.46438 1.82756e-05
-12.9 5.49965 1.63106e-05
-12.8 5.50115 1.5933e-05
-12.7 5.52111 1.96652e-05
-12.6 5.54382 1.77437e-05
-12.5 5.54589 2.06644e-05
-12.4 5.57939 1.76434e-05
-12.3 5.58721 1.9655e-05
-12.2 5.60117 2.26261e-05
-12.1 5.62988 1.94329e-05
-12 5.63242 1.98065e-05
-11.9 5.66353 2.13581e-05
-11.8 5.67446 1.78817e-05
-11.7 5.68946 2.07219e-05
-11.6 5.71734 1.91966e-05
-11.5 5.72226 1.93936e-05
-11.4 5.75408 1.9561e-05
-11.3 5.7634 1.96289e-05
-11.2 5.78504 2.47481e-05
-11.1 5.80683 2.05086e-05
-11 5.81794 2.22453e-05
-10.9 5.84821 2.30451e-05
-10.8 5.85637 2.25281e-05
-10.7 5.88592 2.47272e-05
-10.6 5.89867 2.19889e-05
-10.5 5.92222 2.70349e-05
-10.4 5.94162 2.0634e-05
-10.3 5.95342 2.38776e-05
-10.2 5.99486 2.50171e-05
-10.1 5.99492 2.64239e-05
-10 6.03194 2.35806e-05
-9.9 6.04045 2.3461e-05
-9.8 6.07087 2.58652e-05
-9.7 6.08614 2.23425e-05
-9.6 6.11153 2.66264e-05
-9.5 6.13196 2.53917e-05
-9.4 6.15399 2.50343e-05
-9.3 6.17791 2.69633e-05
-9.2 6.19816 2.9877e-05
-9.1 6.22399 2.59308e-05
-9 6.24406 3.04426e-05
-8.9 6.27021 2.63686e-05
-8.8 6.29157 2.82988e-05
-8.7 6.3166 2.99648e-05
-8.6 6.34066 3.07304e-05
-8.5 6.36335 2.64953e-05
-8.4 6.39102 3.12778e-05
-8.3 6.411 2.59808e-05
-8.2 6.44222 3.00733e-05
-8.1 6.46021 3.01961e-05
-8 6.49359 3.18789e-05
-7.9 6.51168 3.22393e-05
-7.8 6.54439 3.45945e-05
-7.7 6.56565 3.44125e-05
-7.6 6.595 2.91244e-05
-7.5 6.62141 3.73162e-05
-7.4 6.64681 3.11213e-05
-7.3 6.67719 3.3985e-05
-7.2 6.70156 3.56519e-05
-7.1 6.73206 3.82444e-05
-7 6.75912 3.99624e-05
-6.9 6.78733 3.56894e-05
-6.8 6.81739 3.90646e-05
-6.7 6.84514 4.01277e-05
-6.6 6.87536 3.85439e-05
-6.5 6.90513 3.81305e-05
-6.4 6.93466 3.80055e-05
-6.3 6.96556 3.96737e-05
-6.2 6.99609 3.80702e-05
-6.1 7.02699 4.1748e-05
-6 7.05867 3.98287e-05
-5.9 7.09038 4.16962e-05
-5.8 7.12263 4.60459e-05
-5.7 7.15555 4.40475e-05
-5.6 7.18937 4.94278e-05
-5.5 7.22436 4.87701e-05
-5.4 7.26123 5.49403e-05
-5.3 7.29975 5.42255e-05
-5.2 7.34053 6.12736e-05
-5.1 7.38256 5.81199e-05
-5 7.42627 6.16135e-05
-4.9 7.47063 5.94337e-05
-4.8 7.51593 6.63627e-05
-4.7 7.56182 6.48924e-05
-4.6 7.60855 6.55742e-05
-4.5 7.65601 6.81649e-05
-4.4 7.70434 7.04226e-05
-4.3 7.7537 6.91435e-05
-4.2 7.80417 7.30676e-05
-4.1 7.856 6.94721e-05
-4 7.90927 6.97567e-05
-3.9 7.96411 7.53344e-05
-3.8 8.02046 7.50654e-05
-3.7 8.07829 7.78017e-05
-3.6 8.13758 8.07928e-05
-3.5 8.19824 8.36728e-05
-3.4 8.26037 8.60026e-05
-3.3 8.32396 8.95645e-05
-3.2 8.38915 9.23521e-05
-3.1 8.45622 9.0069e-05
-3 8.52513 9.95938e-05
-2.9 8.59621 9.88893e-05
-2.8 8.66964 0.000101967
-2.7 8.74544 0.000101005
-2.6 8.82374 0.000102192
-2.5 8.90449 0.000112629
-2.4 8.98774 0.000111568
-2.3 9.07341 0.000120796
-2.2 9.16177 0.000126667
-2.1 9.25304 0.000129131
-2 9.34753 0.000133768
-1.9 9.44565 0.000144287
-1.8 9.54786 0.000152934
-1.7 9.65452 0.000140926
-1.6 9.76589 0.000162009
-1.5 9.882 0.000167149
-1.4 10.0029 0.000179952
-1.3 10.1289 0.000179032
-1.2 10.2601 0.000182744
-1.1 10.397 0.000203639
-1 10.5401 0.000208073
-0.9 10.6905 0.000227151
-0.8 10.8488 0.000227682
-0.7 11.0161 0.000249455
-0.6 11.1924 0.000253604
-0.5 11.3784 0.000280258
-0.4 11.5749 0.000289163
-0.3 11.779 0.000308591
-0.2 12.0242 0.000342328
-0.1 12.2925 0.000406482
0 12.5886 0.000448167
0.1 12.9114 0.000529984
0.2 13.262 0.000571526
0.3 13.6283 0.000715485
0.4 13.995 0.000743397
0.5 14.3999 0.00090751
0.6 14.849 0.00102889
0.7 15.3514 0.00119985
0.8 15.916 0.00120361
0.9 16.5571 0.00132468
1 17.2923 0.00156815
1.1 18.143 0.00187955
1.2 19.1465 0.00234084
1.3 20.3714 0.00300136
1.4 21.9164 0.00370637
1.5 23.9048 0.00434205
1.6 26.5108 0.00652363
1.7 29.9023 0.00730493
1.8 34.1376 0.00828716
1.9 39.1389 0.010245
2 44.7254 0.0128125
2.1 50.645 0.0183386
2.2 56.67 0.0246799
2.3 62.6546 0.0347328
2.4 68.5324 0.0451009
2.5 74.2263 0.0711553
2.6 79.5326 0.12304
2.7 84.5284 0.188104
2.8 89.7065 0.407569
2.9 94.8382 0.857825
3 109.465 3.00417
3.1 83.1409 10.585
3.2 19.6795 6.76069
3.3 0 0
3.4 0 0
3.5 0 0
3.6 0 0
3.7 0 0
3.8 0 0
3.9 0 0
4 0 0
4.1 0 0
4.2 0 0
4.3 0 0
4.4 0 0
4.5 0 0
4.6 0 0
4.7 0 0
4.8 0 0
4.9 0 0
5 0 0
5.1 0 0
5.2 0 0
5.3 0 0
5.4 0 0
5.5 0 0
5.6 0 0
5.7 0 0
5.8 0 0
5.9 0 0
6 0 0
6.1 0 0
6.2 0 0
6.3 0 0
6.4 0 0
6.5 0 0
6.6 0 0
6.7 0 0
6.8 0 0
6.9 0 0
7 0 0
7.1 0 0
7.2 0 0
7.3 0 0
7.4 0 0
7.5 0 0
7.6 0 0
7.7 0 0
7.8 0 0
7.9 0 0
8 0 0
8.1 0 0
8.2 0 0
8.3 0 0
8.4 0 0
8.5 0 0
8.6 0 0
8.7 0 0
8.8 0 0
8.9 0 0
9 0 0
9.1 0 0
9.2 0 0
9.3 0 0
9.4 0 0
9.5 0 0
9.6 0 0
9.7 0 0
9.8 0 0
9.9 0 0
10 0 0
10.1 0 0
10.2 0 0
10.3 0 0
10.4 0 0
10.5 0 0
10.6 0 0
10.7 0 0
10.8 0 0
10.9 0 0
11 0 0
11.1 0 0
11.2 0 0
11.3 0 0
11.4 0 0
11.5 0 0
11.6 0 0
11.7 0 0
11.8 0 0
11.9 0 0
12 0 0
12.1 0 0
12.2 0 0
