-15.2 5.25077 0.00152504
-15.1 5.24985 0.00128298
-15 5.24964 0.00139652
-14.9 5.28461 0.0014881
-14.8 5.28426 0.00140546
-14.7 5.28587 0.00143346
-14.6 5.32061 0.0015557
-14.5 5.32088 0.00160997
-14.4 5.3204 0.00159376
-14.3 5.35299 0.00131168
-14.2 5.35619 0.00147911
-14.1 5.36035 0.00165669
-14 5.38992 0.00153788
-13.9 5.38806 0.00154209
-13.8 5.39863 0.00135785
-13.7 5.42323 0.00148571
-13.6 5.42333 0.00169266
-13.5 5.44256 0.00150382
-13.4 5.45954 0.00182582
-13.3 5.46014 0.00138557
-13.2 5.49417 0.0016008
-13.1 5.49834 0.00129992
-13 5.50658 0.00162346
-12.9 5.54564 0.00142763
-12.8 5.5454 0.00161737
-12.7 5.56412 0.00135256
-12.6 5.58503 0.00145202
-12.5 5.59079 0.00174376
-12.4 5.6191 0.00142074
-12.3 5.63356 0.00161566
-12.2 5.64791 0.00162888
-12.1 5.6749 0.00154578
-12 5.67844 0.00141211
-11.9 5.70704 0.00146185
-11.8 5.71571 0.00150155
-11.7 5.7333 0.00145142
-11.6 5.76118 0.00147437
-11.5 5.76739 0.0016757
-11.4 5.79968 0.0014581
-11.3 5.80911 0.00149957
-11.2 5.83339 0.00147278
-11.1 5.85232 0.00165214
-11 5.86208 0.00151686
-10.9 5.89452 0.00158031
-10.8 5.90185 0.00151413
-10.7 5.93333 0.00161274
-10.6 5.94924 0.00147547
-10.5 5.97253 0.00160787
-10.4 5.98814 0.00132539
-10.3 6.00419 0.0014707
-10.2 6.04458 0.0015954
-10.1 6.04522 0.00174548
-10 6.08097 0.00155262
-9.9 6.09062 0.0015739
-9.8 6.12364 0.00160389
-9.7 6.13743 0.00137522
-9.6 6.16216 0.00144213
-9.5 6.18438 0.00157635
-9.4 6.20693 0.00149541
-9.3 6.23077 0.00180507
-9.2 6.25035 0.0016663
-9.1 6.27704 0.00173175
-9 6.29842 0.00172523
-8.9 6.3254 0.00163466
-8.8 6.34404 0.00154685
-8.7 6.37321 0.00176795
-8.6 6.39739 0.00164005
-8.5 6.41591 0.00146295
-8.4 6.44764 0.00168602
-8.3 6.46553 0.00169569
-8.2 6.49816 0.00155695
-8.1 6.51821 0.00168375
-8 6.55365 0.00192132
-7.9 6.57101 0.00152305
-7.8 6.60023 0.00169426
-7.7 6.62339 0.00169962
-7.6 6.65569 0.00147475
-7.5 6.6831 0.00200333
-7.4 6.70861 0.00164733
-7.3 6.73983 0.00163225
-7.2 6.76588 0.00176924
-7.1 6.79673 0.00181153
-7 6.82444 0.00173056
-6.9 6.8517 0.001732
-6.8 6.88184 0.00188784
-6.7 6.91086 0.00188756
-6.6 6.93916 0.00176691
-6.5 6.97275 0.00163704
-6.4 7.00132 0.00177068
-6.3 7.03016 0.00181308
-6.2 7.0621 0.00165696
-6.1 7.0914 0.00168568
-6 7.12565 0.00167654
-5.9 7.15668 0.00170687
-5.8 7.19183 0.0018434
-5.7 7.22197 0.00168685
-5.6 7.25942 0.00192776
-5.5 7.29488 0.00166459
-5.4 7.3342 0.00197466
-5.3 7.37052 0.00183309
-5.2 7.41354 0.00184675
-5.1 7.45261 0.00182221
-5 7.50103 0.00197821
-4.9 7.54612 0.00189335
-4.8 7.59315 0.0019468
-4.7 7.63608 0.0019112
-4.6 7.68608 0.00173786
-4.5 7.73331 0.00190878
-4.4 7.7816 0.00169449
-4.3 7.83186 0.00174383
-4.2 7.8824 0.0020096
-4.1 7.93562 0.00186238
-4 7.98856 0.00187281
-3.9 8.04537 0.00182036
-3.8 8.10167 0.00149905
-3.7 8.16019 0.00152583
-3.6 8.22267 0.00164104
-3.5 8.28353 0.00192198
-3.4 8.34755 0.00176474
-3.3 8.41025 0.00185965
-3.2 8.47372 0.00184769
-3.1 8.54779 0.00193346
-3 8.61536 0.00195354
-2.9 8.68837 0.00212751
-2.8 8.76378 0.0017301
-2.7 8.83669 0.00177051
-2.6 8.9165 0.00204572
-2.5 8.9975 0.00194638
-2.4 9.08644 0.00191037
-2.3 9.17089 0.00184644
-2.2 9.25964 0.00220391
-2.1 9.35271 0.00214265
-2 9.44964 0.00187801
-1.9 9.54923 0.0018135
-1.8 9.65229 0.00210216
-1.7 9.75999 0.00187512
-1.6 9.87419 0.00223766
-1.5 9.98931 0.00186539
-1.4 10.109 0.00166767
-1.3 10.2396 0.00206342
-1.2 10.3723 0.00183463
-1.1 10.5115 0.0018673
-1 10.6561 0.00172509
-0.9 10.8056 0.00184482
-0.8 10.9659 0.00185613
-0.7 11.1394 0.00214094
-0.6 11.3198 0.00200554
-0.5 11.5066 0.00193702
-0.4 11.71 0.00204169
-0.3 11.9155 0.00212627
-0.2 12.1836 0.00217712
-0.1 12.4597 0.0022903
0 12.7702 0.00220566
0.1 13.1156 0.00306262
0.2 13.4931 0.00310084
0.3 13.8777 0.00378595
0.4 14.2909 0.00433499
0.5 14.7463 0.00558289
0.6 15.2664 0.0062066
0.7 15.8778 0.00700343
0.8 16.5707 0.00788864
0.9 17.3977 0.00874845
1 18.3852 0.00964058
1.1 19.5812 0.0115941
1.2 21.0448 0.0129078
1.3 22.9607 0.0155178
1.4 25.6796 0.0172478
1.5 29.6052 0.0182538
1.6 35.2787 0.0312556
1.7 43.2636 0.0323374
1.8 53.3789 0.0313051
1.9 64.9632 0.033268
2 77.1532 0.0349003
2.1 89.1983 0.0508134
2.2 100.598 0.0566342
2.3 111.231 0.0727278
2.4 121.223 0.0924869
2.5 130.42 0.135087
2.6 138.765 0.209901
2.7 146.108 0.315719
2.8 153.624 0.587052
2.9 160.86 1.33039
3 172.899 3.48914
3.1 112.482 12.9745
3.2 25.5088 8.33476
3.3 0 0
3.4 0 0
3.5 0 0
3.6 0 0
3.7 0 0
3.8 0 0
3.9 0 0
4 0 0
4.1 0 0
4.2 0 0
4.3 0 0
4.4 0 0
4.5 0 0
4.6 0 0
4.7 0 0
4.8 0 0
4.9 0 0
5 0 0
5.1 0 0
5.2 0 0
5.3 0 0
5.4 0 0
5.5 0 0
5.6 0 0
5.7 0 0
5.8 0 0
5.9 0 0
6 0 0
6.1 0 0
6.2 0 0
6.3 0 0
6.4 0 0
6.5 0 0
6.6 0 0
6.7 0 0
6.8 0 0
6.9 0 0
7 0 0
7.1 0 0
7.2 0 0
7.3 0 0
7.4 0 0
7.5 0 0
7.6 0 0
7.7 0 0
7.8 0 0
7.9 0 0
8 0 0
8.1 0 0
8.2 0 0
8.3 0 0
8.4 0 0
8.5 0 0
8.6 0 0
8.7 0 0
8.8 0 0
8.9 0 0
9 0 0
9.1 0 0
9.2 0 0
9.3 0 0
9.4 0 0
9.5 0 0
9.6 0 0
9.7 0 0
9.8 0 0
9.9 0 0
10 0 0
10.1 0 0
10.2 0 0
10.3 0 0
10.4 0 0
10.5 0 0
10.6 0 0
10.7 0 0
10.8 0 0
10.9 0 0
11 0 0
11.1 0 0
11.2 0 0
11.3 0 0
11.4 0 0
11.5 0 0
11.6 0 0
11.7 0 0
11.8 0 0
11.9 0 0
12 0 0
12.1 0 0
12.2 0 0
