-15.2 5.28188 0.00121758
-15.1 5.31437 0.0015439
-15 5.33753 0.00141274
-14.9 5.39168 0.00153747
-14.8 5.40823 0.00182062
-14.7 5.42249 0.00145441
-14.6 5.46867 0.00174696
-14.5 5.48434 0.00170042
-14.4 5.49481 0.00167462
-14.3 5.53554 0.00175453
-14.2 5.54413 0.00205639
-14.1 5.56146 0.00194465
-14 5.59584 0.00178794
-13.9 5.60436 0.00175462
-13.8 5.62365 0.00181442
-13.7 5.65545 0.00189308
-13.6 5.66047 0.00207096
-13.5 5.68753 0.00190766
-13.4 5.70619 0.00198195
-13.3 5.7138 0.00224832
-13.2 5.7503 0.00207695
-13.1 5.7644 0.0019699
-13 5.77634 0.00196697
-12.9 5.81464 0.00194208
-12.8 5.82254 0.00197035
-12.7 5.84998 0.0019365
-12.6 5.87926 0.00195481
-12.5 5.88648 0.00184302
-12.4 5.92076 0.00195221
-12.3 5.93378 0.00190653
-12.2 5.95213 0.0020788
-12.1 5.9842 0.00213449
-12 5.99153 0.0019946
-11.9 6.02666 0.00184525
-11.8 6.04231 0.00189835
-11.7 6.05767 0.00214137
-11.6 6.08993 0.00234429
-11.5 6.10144 0.00216471
-11.4 6.13539 0.00212705
-11.3 6.14465 0.00208672
-11.2 6.17406 0.00218235
-11.1 6.20074 0.0021624
-11 6.21076 0.00217409
-10.9 6.24497 0.00201354
-10.8 6.25487 0.00185949
-10.7 6.2855 0.0022982
-10.6 6.30013 0.00179169
-10.5 6.32941 0.00181339
-10.4 6.35365 0.00216963
-10.3 6.36701 0.00235758
-10.2 6.4145 0.00185532
-10.1 6.4196 0.00198502
-10 6.45695 0.00206857
-9.9 6.46294 0.00215171
-9.8 6.49795 0.00220053
-9.7 6.51414 0.00222054
-9.6 6.53944 0.00205825
-9.5 6.56261 0.00219981
-9.4 6.58872 0.00232134
-9.3 6.61551 0.0021789
-9.2 6.63903 0.00211529
-9.1 6.66387 0.00187771
-9 6.68621 0.00207748
-8.9 6.714 0.00223375
-8.8 6.73656 0.00219082
-8.7 6.76535 0.00213876
-8.6 6.78787 0.00236889
-8.5 6.81556 0.0020215
-8.4 6.84695 0.00211937
-8.3 6.86717 0.00203175
-8.2 6.9029 0.0017096
-8.1 6.91924 0.00198281
-8 6.95316 0.00221824
-7.9 6.97614 0.0021349
-7.8 7.01423 0.00211701
-7.7 7.03463 0.00214307
-7.6 7.06009 0.00201754
-7.5 7.08725 0.00192878
-7.4 7.12018 0.00209034
-7.3 7.14672 0.0022259
-7.2 7.17297 0.0021476
-7.1 7.20513 0.00226623
-7 7.23446 0.0023278
-6.9 7.26289 0.00229576
-6.8 7.29314 0.00217797
-6.7 7.32043 0.00217058
-6.6 7.35556 0.00218688
-6.5 7.38512 0.00215
-6.4 7.41688 0.00240774
-6.3 7.45001 0.00221476
-6.2 7.4809 0.00231011
-6.1 7.50951 0.00216228
-6 7.5456 0.00234438
-5.9 7.578 0.00216248
-5.8 7.61573 0.00249862
-5.7 7.64833 0.0024624
-5.6 7.68275 0.00236919
-5.5 7.71395 0.00222093
-5.4 7.74899 0.00227698
-5.3 7.78917 0.00254763
-5.2 7.83083 0.00239898
-5.1 7.8715 0.00230925
-5 7.91878 0.00248893
-4.9 7.96303 0.00229227
-4.8 8.00856 0.00209293
-4.7 8.05562 0.00226658
-4.6 8.10476 0.00213309
-4.5 8.15263 0.00234978
-4.4 8.2047 0.00214441
-4.3 8.25254 0.00228393
-4.2 8.30299 0.00218908
-4.1 8.35775 0.00232437
-4 8.40938 0.00217575
-3.9 8.4638 0.00239318
-3.8 8.51942 0.00215125
-3.7 8.57669 0.00226832
-3.6 8.63883 0.00245375
-3.5 8.70023 0.00250399
-3.4 8.76573 0.002291
-3.3 8.82939 0.00200402
-3.2 8.89562 0.00265217
-3.1 8.959 0.00244302
-3 9.02757 0.00240307
-2.9 9.09767 0.00240495
-2.8 9.17135 0.00276785
-2.7 9.24712 0.00228904
-2.6 9.32379 0.00223825
-2.5 9.40504 0.00224165
-2.4 9.4865 0.00254014
-2.3 9.57163 0.00238878
-2.2 9.66026 0.00230728
-2.1 9.75098 0.00249764
-2 9.84352 0.0025598
-1.9 9.94093 0.00243991
-1.8 10.0398 0.00272641
-1.7 10.1442 0.00251252
-1.6 10.2577 0.00240025
-1.5 10.3719 0.0020914
-1.4 10.4916 0.00200525
-1.3 10.6216 0.00223296
-1.2 10.7484 0.00250975
-1.1 10.881 0.00234695
-1 11.0233 0.0023328
-0.9 11.1693 0.00219305
-0.8 11.3242 0.0022502
-0.7 11.4868 0.00211252
-0.6 11.6624 0.00252801
-0.5 11.8436 0.00264708
-0.4 12.0345 0.00223568
-0.3 12.2368 0.00233227
-0.2 12.4805 0.00224201
-0.1 12.749 0.00235778
0 13.038 0.00237704
0.1 13.3603 0.00242015
0.2 13.7003 0.00212206
0.3 14.0598 0.00223839
0.4 14.4192 0.00265024
0.5 14.8197 0.00264991
0.6 15.2617 0.00236141
0.7 15.7536 0.00240596
0.8 16.3061 0.0023989
0.9 16.9378 0.0027866
1 17.6666 0.00270619
1.1 18.504 0.00265525
1.2 19.493 0.00301406
1.3 20.7079 0.00357533
1.4 22.2346 0.00414274
1.5 24.2061 0.00468212
1.6 26.7976 0.00660493
1.7 30.1809 0.00780953
1.8 34.4193 0.00902264
1.9 39.4244 0.0103827
2 45.0283 0.0131236
2.1 50.9603 0.0184476
2.2 56.9954 0.0244015
2.3 62.947 0.0340559
2.4 68.6909 0.0446285
2.5 73.9502 0.0719066
2.6 77.8546 0.128626
2.7 78.4099 0.213087
2.8 69.9782 0.470847
2.9 49.5873 0.561541
3 34.3188 0.505608
3.1 29.1384 0.556556
3.2 27.9267 0.465498
3.3 28.1029 0.447899
3.4 27.5152 0.402209
3.5 27.2419 0.395878
3.6 27.3053 0.51756
3.7 27.2023 0.49805
3.8 26.9699 0.493942
3.9 26.4331 0.475996
4 26.2901 0.483966
4.1 26.954 0.516234
4.2 27.1219 0.48827
4.3 26.9997 0.486028
4.4 26.9024 0.429698
4.5 27.7358 0.462122
4.6 26.7568 0.420061
4.7 26.9903 0.477919
4.8 27.2404 0.399492
4.9 26.8094 0.442866
5 27.4213 0.522667
5.1 27.2348 0.513237
5.2 26.8909 0.546697
5.3 27.7149 0.608337
5.4 26.8873 0.525091
5.5 26.549 0.502648
5.6 25.6965 0.588573
5.7 26.3285 0.53879
5.8 25.9276 0.554142
5.9 26.3211 0.459605
6 26.7148 0.480813
6.1 25.8222 0.498242
6.2 26.6373 0.458723
6.3 26.0177 0.520829
6.4 25.9151 0.496981
6.5 25.4535 0.485738
6.6 25.1643 0.430698
6.7 24.8085 0.523203
6.8 25.2413 0.488305
6.9 25.3306 0.535809
7 25.4736 0.51116
7.1 25.947 0.588998
7.2 25.8547 0.554731
7.3 25.8221 0.511158
7.4 26.142 0.54434
7.5 27.1116 0.507047
7.6 26.0255 0.600392
7.7 25.9626 0.589292
7.8 24.7637 0.511028
7.9 25.5343 0.522641
8 25.2639 0.524656
8.1 25.4789 0.590773
8.2 26.49 0.578501
8.3 26.1911 0.518854
8.4 25.8448 0.512456
8.5 25.4571 0.538579
8.6 25.0543 0.511975
8.7 25.7872 0.53399
8.8 25.9508 0.577524
8.9 26.9287 0.756101
9 25.6742 0.58267
9.1 24.9616 0.495943
9.2 25.0599 0.511783
9.3 25.0818 0.522826
9.4 26.1444 0.581592
9.5 26.2315 0.549804
9.6 25.7762 0.616905
9.7 25.4666 0.476332
9.8 25.9204 0.642062
9.9 25.661 0.680431
10 25.2327 0.627981
10.1 24.9202 0.598423
10.2 25.5956 0.721235
10.3 25.5921 0.693047
10.4 25.2554 0.590776
10.5 25.2701 0.669595
10.6 25.3277 0.649272
10.7 25.9553 0.681993
10.8 25.5898 0.733772
10.9 25.8596 0.695757
11 26.2005 0.585293
11.1 25.6528 0.600751
11.2 25.9577 0.626104
11.3 25.5432 0.551475
11.4 25.59 0.630493
11.5 25.5046 0.652389
11.6 24.7935 0.647111
11.7 24.1368 0.592385
11.8 25.5038 0.710654
11.9 24.4801 0.550094
12 25.0379 0.637163
12.1 25.0434 0.609343
12.2 24.7511 0.602332
