-15.2 4.07219 0.00496528
-15.1 4.10821 0.00512581
-15 4.1367 0.00445483
-14.9 4.19642 0.00498473
-14.8 4.22081 0.00534558
-14.7 4.23101 0.00435761
-14.6 4.27669 0.0053286
-14.5 4.30267 0.00477754
-14.4 4.31613 0.00532714
-14.3 4.34353 0.00536336
-14.2 4.36054 0.00564216
-14.1 4.37806 0.00518261
-14 4.40867 0.0052152
-13.9 4.41654 0.00508746
-13.8 4.43803 0.0055084
-13.7 4.46715 0.00475377
-13.6 4.47191 0.00580125
-13.5 4.4993 0.00505385
-13.4 4.51705 0.00517127
-13.3 4.51807 0.00567196
-13.2 4.55402 0.00527089
-13.1 4.56899 0.0056517
-13 4.58636 0.00427516
-12.9 4.61312 0.00595884
-12.8 4.61972 0.00543225
-12.7 4.65558 0.0049304
-12.6 4.67366 0.00593907
-12.5 4.68594 0.00492103
-12.4 4.71141 0.00557727
-12.3 4.7131 0.00474715
-12.2 4.7337 0.00570635
-12.1 4.75828 0.00500648
-12 4.77239 0.00500046
-11.9 4.79076 0.00519753
-11.8 4.8169 0.00559367
-11.7 4.82021 0.00525503
-11.6 4.84743 0.00583198
-11.5 4.87292 0.00574045
-11.4 4.90052 0.00536522
-11.3 4.89998 0.00570728
-11.2 4.93426 0.00543797
-11.1 4.95029 0.00643958
-11 4.9635 0.00560309
-10.9 4.98993 0.00597674
-10.8 4.99473 0.00506404
-10.7 5.01747 0.00492086
-10.6 5.03317 0.00520487
-10.5 5.06233 0.00529938
-10.4 5.08249 0.00573759
-10.3 5.09252 0.00595654
-10.2 5.1384 0.00521714
-10.1 5.14483 0.00538926
-10 5.17638 0.00590425
-9.9 5.16751 0.00512399
-9.8 5.2052 0.00630014
-9.7 5.21413 0.00609584
-9.6 5.23903 0.00546477
-9.5 5.25874 0.00519233
-9.4 5.28083 0.00567123
-9.3 5.32068 0.0064642
-9.2 5.33337 0.00544792
-9.1 5.35206 0.00513629
-9 5.36841 0.00592662
-8.9 5.39843 0.00670957
-8.8 5.41892 0.00574622
-8.7 5.44148 0.00578218
-8.6 5.46579 0.00595808
-8.5 5.49231 0.00541856
-8.4 5.53288 0.00603697
-8.3 5.54529 0.00535135
-8.2 5.57259 0.0055064
-8.1 5.59379 0.0059178
-8 5.61851 0.00598942
-7.9 5.6376 0.0058392
-7.8 5.68044 0.0063465
-7.7 5.68354 0.00613626
-7.6 5.7128 0.00537638
-7.5 5.73719 0.0055705
-7.4 5.77941 0.00636048
-7.3 5.80345 0.00576248
-7.2 5.81827 0.00611799
-7.1 5.85373 0.00665969
-7 5.8799 0.00679903
-6.9 5.90711 0.00613845
-6.8 5.93188 0.00577205
-6.7 5.97035 0.0055739
-6.6 5.99809 0.00651886
-6.5 6.02532 0.0059606
-6.4 6.0668 0.00583844
-6.3 6.09416 0.00640088
-6.2 6.1276 0.00663568
-6.1 6.14968 0.00632332
-6 6.19585 0.0060551
-5.9 6.22642 0.0054542
-5.8 6.26061 0.00567595
-5.7 6.29041 0.00601537
-5.6 6.32906 0.00545061
-5.5 6.37075 0.00571169
-5.4 6.4028 0.00560093
-5.3 6.44103 0.00627912
-5.2 6.47256 0.00617769
-5.1 6.5229 0.00704961
-5 6.56697 0.00587598
-4.9 6.59449 0.00622187
-4.8 6.64078 0.00635817
-4.7 6.69374 0.00657162
-4.6 6.73666 0.00679928
-4.5 6.77865 0.00597626
-4.4 6.83682 0.00629474
-4.3 6.87503 0.0063071
-4.2 6.92798 0.00673026
-4.1 6.97654 0.00640025
-4 7.01884 0.00618755
-3.9 7.0755 0.00704958
-3.8 7.12418 0.00573953
-3.7 7.1772 0.00596941
-3.6 7.23435 0.0070258
-3.5 7.29825 0.00654464
-3.4 7.35564 0.00650765
-3.3 7.41244 0.00635098
-3.2 7.48477 0.00638865
-3.1 7.55606 0.00606406
-3 7.61053 0.00668849
-2.9 7.67959 0.00645376
-2.8 7.74221 0.00753784
-2.7 7.82295 0.006652
-2.6 7.90003 0.00693175
-2.5 7.97566 0.00642849
-2.4 8.04892 0.00687966
-2.3 8.12966 0.00695558
-2.2 8.2188 0.00705564
-2.1 8.31358 0.00716415
-2 8.39388 0.00724415
-1.9 8.49384 0.00709357
-1.8 8.57573 0.00680808
-1.7 8.67095 0.00647873
-1.6 8.79799 0.00771505
-1.5 8.89433 0.00693468
-1.4 9.00855 0.00642091
-1.3 9.15301 0.00668746
-1.2 9.27746 0.00650146
-1.1 9.39922 0.00737186
-1 9.52997 0.00719975
-0.9 9.67637 0.00667004
-0.8 9.82861 0.00711257
-0.7 9.98745 0.00721762
-0.6 10.1606 0.007555
-0.5 10.3352 0.00788911
-0.4 10.5194 0.00676634
-0.3 10.7219 0.00730438
-0.2 11.0302 0.00830853
-0.1 11.2916 0.0079742
0 11.5921 0.00777074
0.1 11.9118 0.0070822
0.2 12.245 0.00771952
0.3 12.5684 0.00688737
0.4 12.9285 0.00853159
0.5 13.3346 0.00749151
0.6 13.7891 0.00778922
0.7 14.3022 0.0077334
0.8 14.8773 0.00767788
0.9 15.5566 0.00915064
1 16.3463 0.00941546
1.1 17.2494 0.00847909
1.2 18.3277 0.00971001
1.3 19.7299 0.00991444
1.4 21.4989 0.0112344
1.5 23.8987 0.00977928
1.6 27.183 0.0125445
1.7 31.7928 0.014387
1.8 37.9416 0.0177664
1.9 45.6367 0.0192869
2 54.7767 0.0252332
2.1 64.9986 0.0359404
2.2 75.9156 0.0465743
2.3 87.1759 0.0686545
2.4 98.623 0.0939229
2.5 109.856 0.154837
2.6 119.608 0.26868
2.7 126.018 0.532104
2.8 121.071 1.1086
2.9 100.417 2.09522
3 85.0042 2.29597
3.1 76.039 2.74217
3.2 75.3985 2.46653
3.3 77.8232 2.93427
3.4 72.8034 2.53585
3.5 75.044 2.66114
3.6 77.8093 2.56321
3.7 74.6784 2.56423
3.8 77.8442 2.58723
3.9 71.6327 2.10214
4 74.719 2.61103
4.1 72.5318 2.67602
4.2 72.2679 2.35565
4.3 72.9586 2.45802
4.4 76.7768 3.08415
4.5 78.9886 2.75743
4.6 73.0497 2.51237
4.7 71.3124 2.61707
4.8 71.2791 2.39587
4.9 71.8173 2.42649
5 70.3198 2.44776
5.1 73.4237 2.87577
5.2 68.9061 2.67749
5.3 80.4654 3.47868
5.4 73.8159 2.75551
5.5 69.9029 2.66254
5.6 69.1983 2.71693
5.7 70.5321 2.56269
5.8 70.8789 2.90183
5.9 71.3101 2.90629
6 74.728 3.02755
6.1 67.9408 2.47185
6.2 67.7538 2.63873
6.3 70.0981 2.27443
6.4 66.2522 2.43295
6.5 66.7298 2.67376
6.6 65.8163 2.65156
6.7 62.5214 2.39081
6.8 68.3084 2.7639
6.9 65.8892 2.37111
7 65.325 2.40142
7.1 67.2548 2.52171
7.2 62.0756 2.50611
7.3 69.6087 2.3722
7.4 68.1589 2.9738
7.5 66.4291 2.23731
7.6 73.1071 3.15846
7.7 68.9711 3.73141
7.8 68.8258 2.89317
7.9 68.9092 3.04989
8 70.7962 2.85395
8.1 69.9592 3.51124
8.2 69.205 2.5773
8.3 74.1095 3.05398
8.4 73.523 3.53239
8.5 69.2152 2.84555
8.6 63.9927 3.00469
8.7 72.8556 3.54343
8.8 71.1234 3.19024
8.9 72.1747 3.82258
9 71.2563 3.26034
9.1 71.2185 3.27509
9.2 69.89 2.96528
9.3 69.7125 3.39425
9.4 63.7543 2.25639
9.5 62.6815 2.58624
9.6 64.4561 2.50035
9.7 68.8026 3.33849
9.8 66.2216 2.99178
9.9 68.89 3.10003
10 61.3342 2.68166
10.1 66.93 2.97235
10.2 68.88 3.41152
10.3 71.3861 3.94133
10.4 67.0961 3.49423
10.5 64.7405 3.04435
10.6 65.2298 3.22548
10.7 71.0432 3.59942
10.8 68.8113 3.33464
10.9 71.4301 3.62064
11 68.7304 3.31616
11.1 71.281 3.9449
11.2 67.8889 2.88977
11.3 66.6211 3.60858
11.4 65.5095 3.54143
11.5 67.3335 3.09766
11.6 66.1253 3.25752
11.7 65.3984 3.2829
11.8 71.4299 4.09969
11.9 68.7742 4.29644
12 63.8033 3.49793
12.1 66.9094 4.20337
12.2 63.4741 3.04109
