#   DETECTOR OUTPUT MSH/DMSH
#   X BIN:    20 Y BIN:     1 Z BIN:     1
#                DETECTOR TYPE: TLET      
#   X START:-0.700D+01 Y START:-0.500D+00 Z START:-0.100D+00
#   X END  :-0.500D+01 Y END  : 0.500D+00 Z END  : 0.100D+00
#   PRIMARIES: 0.994D+06
-0.6950000E+01  0.0000000E+00  0.0000000E+00  0.1676380982959186E+03  0.7566149114660872E+02
-0.6850000E+01  0.0000000E+00  0.0000000E+00  0.1428216200938531E+03  0.4797198571308964E+02
-0.6750000E+01  0.0000000E+00  0.0000000E+00  0.6800844569926571E+02  0.8956440898582393E+01
-0.6650000E+01  0.0000000E+00  0.0000000E+00  0.1148722674214086E+03  0.2704467438134051E+02
-0.6550000E+01  0.0000000E+00  0.0000000E+00  0.6890753145919743E+02  0.5381919376771765E+01
-0.6450000E+01  0.0000000E+00  0.0000000E+00  0.6755405066450699E+02  0.2633113098709150E+01
-0.6350000E+01  0.0000000E+00  0.0000000E+00  0.6428655537950422E+02  0.1762914669696508E+01
-0.6250000E+01  0.0000000E+00  0.0000000E+00  0.6186768561045594E+02  0.1212525977815606E+01
-0.6150000E+01  0.0000000E+00  0.0000000E+00  0.5757052457793510E+02  0.1180749992688592E+01
-0.6050000E+01  0.0000000E+00  0.0000000E+00  0.5748101666279822E+02  0.8398799571682423E+00
-0.5950000E+01  0.0000000E+00  0.0000000E+00  0.5510378839196422E+02  0.7881323002672055E+00
-0.5850000E+01  0.0000000E+00  0.0000000E+00  0.5483933488436086E+02  0.5708239086198036E+00
-0.5750000E+01  0.0000000E+00  0.0000000E+00  0.5262908859968255E+02  0.4118727819742464E+00
-0.5650000E+01  0.0000000E+00  0.0000000E+00  0.5155385913420353E+02  0.3712372560199545E+00
-0.5550000E+01  0.0000000E+00  0.0000000E+00  0.5074175879825835E+02  0.3316928765449227E+00
-0.5450000E+01  0.0000000E+00  0.0000000E+00  0.4990652288981370E+02  0.2568320213647817E+00
-0.5350000E+01  0.0000000E+00  0.0000000E+00  0.4974229591931153E+02  0.2203733326450516E+00
-0.5250000E+01  0.0000000E+00  0.0000000E+00  0.4945913300311584E+02  0.2353457271385097E+00
-0.5150000E+01  0.0000000E+00  0.0000000E+00  0.4943531480283623E+02  0.1947661531204132E+00
-0.5050000E+01  0.0000000E+00  0.0000000E+00  0.4903150997346462E+02  0.1935992673100594E+00
