#   DETECTOR OUTPUT MSH/DMSH
#   X BIN:    20 Y BIN:     1 Z BIN:     1
#                DETECTOR TYPE: DLET      
#   X START:-0.130D+02 Y START:-0.500D+00 Z START:-0.100D+00
#   X END  :-0.110D+02 Y END  : 0.500D+00 Z END  : 0.100D+00
#   PRIMARIES: 0.105D+07
-0.1295000E+02  0.0000000E+00  0.0000000E+00  0.7496005433259288E+01  0.4931377529988305E+01
-0.1285000E+02  0.0000000E+00  0.0000000E+00  0.3565918481825223E+01  0.1897094584778162E+01
-0.1275000E+02  0.0000000E+00  0.0000000E+00  0.7293134530639318E+01  0.5724002552315943E+01
-0.1265000E+02  0.0000000E+00  0.0000000E+00  0.1249865508215112E+01  0.6301484753727081E+00
-0.1255000E+02  0.0000000E+00  0.0000000E+00  0.3272975760582494E+01  0.1912665796050288E+01
-0.1245000E+02  0.0000000E+00  0.0000000E+00  0.3881858352772391E+01  0.1868544853037054E+01
-0.1235000E+02  0.0000000E+00  0.0000000E+00  0.1359666966859085E+02  0.9790560727204930E+01
-0.1225000E+02  0.0000000E+00  0.0000000E+00  0.8503727118435936E+01  0.6192301645849547E+01
-0.1215000E+02  0.0000000E+00  0.0000000E+00  0.1531257877118453E+02  0.7068186309320812E+01
-0.1205000E+02  0.0000000E+00  0.0000000E+00  0.5181009948385355E+01  0.2426890007337952E+01
-0.1195000E+02  0.0000000E+00  0.0000000E+00  0.1205274668761512E+01  0.6772945303663861E+00
-0.1185000E+02  0.0000000E+00  0.0000000E+00  0.3394412218063785E+01  0.2609157792750123E+01
-0.1175000E+02  0.0000000E+00  0.0000000E+00  0.2862562056190872E+01  0.1617987310111792E+01
-0.1165000E+02  0.0000000E+00  0.0000000E+00  0.3684611358639148E+01  0.1599204135789943E+01
-0.1155000E+02  0.0000000E+00  0.0000000E+00  0.6387555778437499E+01  0.3581933696493363E+01
-0.1145000E+02  0.0000000E+00  0.0000000E+00  0.7214839738379100E+01  0.3563377250181158E+01
-0.1135000E+02  0.0000000E+00  0.0000000E+00  0.6291628742401342E+01  0.2465266071870643E+01
-0.1125000E+02  0.0000000E+00  0.0000000E+00  0.1287507682304390E+02  0.6437147816297680E+01
-0.1115000E+02  0.0000000E+00  0.0000000E+00  0.1225487308867637E+02  0.5386444257149003E+01
-0.1105000E+02  0.0000000E+00  0.0000000E+00  0.5569292563979530E+01  0.3318354766201018E+01
