#   DETECTOR OUTPUT MSH/DMSH
#   X BIN:    20 Y BIN:     1 Z BIN:     1
#                DETECTOR TYPE: DLET      
#   X START:-0.700D+01 Y START:-0.500D+00 Z START:-0.100D+00
#   X END  :-0.500D+01 Y END  : 0.500D+00 Z END  : 0.100D+00
#   PRIMARIES: 0.994D+06
-0.6950000E+01  0.0000000E+00  0.0000000E+00  0.9234815919249020E+02  0.1188839838390114E+02
-0.6850000E+01  0.0000000E+00  0.0000000E+00  0.8633455592422641E+02  0.8645531361850361E+01
-0.6750000E+01  0.0000000E+00  0.0000000E+00  0.1060469667877809E+03  0.1377849745929545E+02
-0.6650000E+01  0.0000000E+00  0.0000000E+00  0.1244689196609539E+03  0.9460767817042234E+01
-0.6550000E+01  0.0000000E+00  0.0000000E+00  0.1164163559843480E+03  0.7913949295808024E+01
-0.6450000E+01  0.0000000E+00  0.0000000E+00  0.1117910552124223E+03  0.5131914778425869E+01
-0.6350000E+01  0.0000000E+00  0.0000000E+00  0.1107643254759548E+03  0.3632842822772189E+01
-0.6250000E+01  0.0000000E+00  0.0000000E+00  0.1071847777931250E+03  0.3186411738160894E+01
-0.6150000E+01  0.0000000E+00  0.0000000E+00  0.1004792711366181E+03  0.2467573439242638E+01
-0.6050000E+01  0.0000000E+00  0.0000000E+00  0.1016923113313032E+03  0.2087673210933931E+01
-0.5950000E+01  0.0000000E+00  0.0000000E+00  0.9594842995882111E+02  0.1842546209174255E+01
-0.5850000E+01  0.0000000E+00  0.0000000E+00  0.9558022100965998E+02  0.1361090552761650E+01
-0.5750000E+01  0.0000000E+00  0.0000000E+00  0.9228185067013632E+02  0.1087810022114666E+01
-0.5650000E+01  0.0000000E+00  0.0000000E+00  0.8886789347691646E+02  0.9304055613561664E+00
-0.5550000E+01  0.0000000E+00  0.0000000E+00  0.8739943298482545E+02  0.8182620177443696E+00
-0.5450000E+01  0.0000000E+00  0.0000000E+00  0.8484175767668171E+02  0.6554254519727599E+00
-0.5350000E+01  0.0000000E+00  0.0000000E+00  0.8451576866607577E+02  0.5988168575778028E+00
-0.5250000E+01  0.0000000E+00  0.0000000E+00  0.8337555953181837E+02  0.6283997209918446E+00
-0.5150000E+01  0.0000000E+00  0.0000000E+00  0.8371447359362371E+02  0.4882090575273177E+00
-0.5050000E+01  0.0000000E+00  0.0000000E+00  0.8281489034322350E+02  0.5000112309828189E+00
