#   DETECTOR OUTPUT MSH/DMSH
#   X BIN:    20 Y BIN:     1 Z BIN:     1
#                DETECTOR TYPE: DLET      
#   X START:-0.700D+01 Y START:-0.500D+00 Z START:-0.100D+00
#   X END  :-0.500D+01 Y END  : 0.500D+00 Z END  : 0.100D+00
#   PRIMARIES: 0.994D+06
-0.6950000E+01  0.0000000E+00  0.0000000E+00  0.2423452673598331E+03  0.9542265432008955E+02
-0.6850000E+01  0.0000000E+00  0.0000000E+00  0.3611064011015425E+03  0.8602101504991451E+02
-0.6750000E+01  0.0000000E+00  0.0000000E+00  0.1637926686948471E+03  0.4440048523988519E+02
-0.6650000E+01  0.0000000E+00  0.0000000E+00  0.2847195228187591E+03  0.6756336191661781E+02
-0.6550000E+01  0.0000000E+00  0.0000000E+00  0.1419614069274357E+03  0.1560311101524936E+02
-0.6450000E+01  0.0000000E+00  0.0000000E+00  0.2511764265852347E+03  0.6322730821413609E+02
-0.6350000E+01  0.0000000E+00  0.0000000E+00  0.1436934413053615E+03  0.1629307198188746E+02
-0.6250000E+01  0.0000000E+00  0.0000000E+00  0.1565852930940858E+03  0.1880395606141712E+02
-0.6150000E+01  0.0000000E+00  0.0000000E+00  0.1355690473386579E+03  0.2009830136222058E+02
-0.6050000E+01  0.0000000E+00  0.0000000E+00  0.1254787036142494E+03  0.7399703041956053E+01
-0.5950000E+01  0.0000000E+00  0.0000000E+00  0.1279739789791149E+03  0.8120037395186078E+01
-0.5850000E+01  0.0000000E+00  0.0000000E+00  0.1138077849310657E+03  0.6350112511479914E+01
-0.5750000E+01  0.0000000E+00  0.0000000E+00  0.1052999455977077E+03  0.3448863102032759E+01
-0.5650000E+01  0.0000000E+00  0.0000000E+00  0.1007988504678996E+03  0.3037745606442618E+01
-0.5550000E+01  0.0000000E+00  0.0000000E+00  0.1018470125383618E+03  0.4104429661830432E+01
-0.5450000E+01  0.0000000E+00  0.0000000E+00  0.9964630847250416E+02  0.3454306244573328E+01
-0.5350000E+01  0.0000000E+00  0.0000000E+00  0.9850918554156026E+02  0.2293760374680526E+01
-0.5250000E+01  0.0000000E+00  0.0000000E+00  0.9619806258588312E+02  0.1887553057704421E+01
-0.5150000E+01  0.0000000E+00  0.0000000E+00  0.9520542559120115E+02  0.1629676104650575E+01
-0.5050000E+01  0.0000000E+00  0.0000000E+00  0.9091648002087015E+02  0.1095475202623005E+01
