#   DETECTOR OUTPUT MSH/DMSH
#   X BIN:    20 Y BIN:     1 Z BIN:     1
#                DETECTOR TYPE: TLET      
#   X START:-0.700D+01 Y START:-0.500D+00 Z START:-0.100D+00
#   X END  :-0.500D+01 Y END  : 0.500D+00 Z END  : 0.100D+00
#   PRIMARIES: 0.994D+06
-0.6950000E+01  0.0000000E+00  0.0000000E+00  0.6561207978569654E+02  0.9087169452208807E+01
-0.6850000E+01  0.0000000E+00  0.0000000E+00  0.5851745143689089E+02  0.5743048124533044E+01
-0.6750000E+01  0.0000000E+00  0.0000000E+00  0.7121114696165318E+02  0.1141984030754429E+02
-0.6650000E+01  0.0000000E+00  0.0000000E+00  0.7984917259370384E+02  0.6686570946591901E+01
-0.6550000E+01  0.0000000E+00  0.0000000E+00  0.7282891618641379E+02  0.5607531314149967E+01
-0.6450000E+01  0.0000000E+00  0.0000000E+00  0.6631751206387827E+02  0.2791767821262774E+01
-0.6350000E+01  0.0000000E+00  0.0000000E+00  0.6504568140786193E+02  0.1555113028345518E+01
-0.6250000E+01  0.0000000E+00  0.0000000E+00  0.6217362638086340E+02  0.1371246325340737E+01
-0.6150000E+01  0.0000000E+00  0.0000000E+00  0.5718269220917909E+02  0.1085979562881015E+01
-0.6050000E+01  0.0000000E+00  0.0000000E+00  0.5729948327550151E+02  0.8859739357559689E+00
-0.5950000E+01  0.0000000E+00  0.0000000E+00  0.5430249877344908E+02  0.7598826355118417E+00
-0.5850000E+01  0.0000000E+00  0.0000000E+00  0.5463233157701031E+02  0.5377855793039144E+00
-0.5750000E+01  0.0000000E+00  0.0000000E+00  0.5231617069139656E+02  0.4259810126386813E+00
-0.5650000E+01  0.0000000E+00  0.0000000E+00  0.5120988104641452E+02  0.3596556526747042E+00
-0.5550000E+01  0.0000000E+00  0.0000000E+00  0.5030872752472860E+02  0.3103910529246557E+00
-0.5450000E+01  0.0000000E+00  0.0000000E+00  0.4939965524415830E+02  0.2469855763686969E+00
-0.5350000E+01  0.0000000E+00  0.0000000E+00  0.4913612487134555E+02  0.2180758070218095E+00
-0.5250000E+01  0.0000000E+00  0.0000000E+00  0.4890129293201331E+02  0.2297517371072863E+00
-0.5150000E+01  0.0000000E+00  0.0000000E+00  0.4894626245984352E+02  0.1887369266369482E+00
-0.5050000E+01  0.0000000E+00  0.0000000E+00  0.4857369418339610E+02  0.1926996167135467E+00
