#   DETECTOR OUTPUT MSH/DMSH
#   X BIN:    20 Y BIN:     1 Z BIN:     1
#                DETECTOR TYPE: DLET      
#   X START:-0.700D+01 Y START:-0.500D+00 Z START:-0.100D+00
#   X END  :-0.500D+01 Y END  : 0.500D+00 Z END  : 0.100D+00
#   PRIMARIES: 0.100D+07
-0.6950000E+01  0.0000000E+00  0.0000000E+00  0.7661513514552226E+02  0.9700524731519693E+01
-0.6850000E+01  0.0000000E+00  0.0000000E+00  0.7210614887752389E+02  0.7148558194510396E+01
-0.6750000E+01  0.0000000E+00  0.0000000E+00  0.8704853727800797E+02  0.1052678445921453E+02
-0.6650000E+01  0.0000000E+00  0.0000000E+00  0.1036344380624246E+03  0.7746306317815583E+01
-0.6550000E+01  0.0000000E+00  0.0000000E+00  0.9711626778038286E+02  0.6482091676879638E+01
-0.6450000E+01  0.0000000E+00  0.0000000E+00  0.9351309799061819E+02  0.4226336127181528E+01
-0.6350000E+01  0.0000000E+00  0.0000000E+00  0.9280079030596823E+02  0.2988933142766790E+01
-0.6250000E+01  0.0000000E+00  0.0000000E+00  0.8983552944635559E+02  0.2624516596700022E+01
-0.6150000E+01  0.0000000E+00  0.0000000E+00  0.8428902392251615E+02  0.2034338680284061E+01
-0.6050000E+01  0.0000000E+00  0.0000000E+00  0.8529341758838113E+02  0.1720114539045758E+01
-0.5950000E+01  0.0000000E+00  0.0000000E+00  0.8052401556922644E+02  0.1520298478898070E+01
-0.5850000E+01  0.0000000E+00  0.0000000E+00  0.8026835285354575E+02  0.1122221110286077E+01
-0.5750000E+01  0.0000000E+00  0.0000000E+00  0.7750534427839580E+02  0.8972542650719839E+00
-0.5650000E+01  0.0000000E+00  0.0000000E+00  0.7470163940349012E+02  0.7683833365759123E+00
-0.5550000E+01  0.0000000E+00  0.0000000E+00  0.7348128227148190E+02  0.6758843999148556E+00
-0.5450000E+01  0.0000000E+00  0.0000000E+00  0.7136402404075884E+02  0.5411349738091451E+00
-0.5350000E+01  0.0000000E+00  0.0000000E+00  0.7108992650507840E+02  0.4947197981727974E+00
-0.5250000E+01  0.0000000E+00  0.0000000E+00  0.7015331607442786E+02  0.5195439097851196E+00
-0.5150000E+01  0.0000000E+00  0.0000000E+00  0.7043205379156272E+02  0.4035794890650579E+00
-0.5050000E+01  0.0000000E+00  0.0000000E+00  0.6969070284938850E+02  0.4136568719514469E+00
