#   DETECTOR OUTPUT MSH/DMSH
#   X BIN:    20 Y BIN:     1 Z BIN:     1
#                DETECTOR TYPE: DLET      
#   X START:-0.130D+02 Y START:-0.500D+00 Z START:-0.100D+00
#   X END  :-0.110D+02 Y END  : 0.500D+00 Z END  : 0.100D+00
#   PRIMARIES: 0.119D+07
-0.1295000E+02  0.0000000E+00  0.0000000E+00  0.6362113487838018E+02  0.4733933859716201E+02
-0.1285000E+02  0.0000000E+00  0.0000000E+00  0.3042147302149923E+02  0.1962337837013153E+02
-0.1275000E+02  0.0000000E+00  0.0000000E+00  0.9094261368904601E+02  0.5391403610088163E+02
-0.1265000E+02  0.0000000E+00  0.0000000E+00  0.6188397473200611E+02  0.5034487613726164E+02
-0.1255000E+02  0.0000000E+00  0.0000000E+00  0.2762472819575936E+01  0.1600765969536727E+01
-0.1245000E+02  0.0000000E+00  0.0000000E+00  0.2096502699242911E+02  0.1771281044784072E+02
-0.1235000E+02  0.0000000E+00  0.0000000E+00  0.1956581508936574E+03  0.1094907067385818E+03
-0.1225000E+02  0.0000000E+00  0.0000000E+00  0.1297377496654918E+03  0.7178357695675965E+02
-0.1215000E+02  0.0000000E+00  0.0000000E+00  0.8687329772232667E+02  0.5662872342683977E+02
-0.1205000E+02  0.0000000E+00  0.0000000E+00  0.1527448764879085E+03  0.8515664817633188E+02
-0.1195000E+02  0.0000000E+00  0.0000000E+00  0.1032157388173452E+01  0.5797778935014012E+00
-0.1185000E+02  0.0000000E+00  0.0000000E+00  0.1501054758386059E+03  0.9434935290206556E+02
-0.1175000E+02  0.0000000E+00  0.0000000E+00  0.1957733473085347E+03  0.1140433576430310E+03
-0.1165000E+02  0.0000000E+00  0.0000000E+00  0.3904612638918085E+02  0.3591076964290213E+02
-0.1155000E+02  0.0000000E+00  0.0000000E+00  0.5370378017460326E+02  0.3429670648390493E+02
-0.1145000E+02  0.0000000E+00  0.0000000E+00  0.5218376754403087E+02  0.4614964964195453E+02
-0.1135000E+02  0.0000000E+00  0.0000000E+00  0.6591001104359053E+02  0.4608857964915095E+02
-0.1125000E+02  0.0000000E+00  0.0000000E+00  0.1095313866067003E+03  0.6463218036284283E+02
-0.1115000E+02  0.0000000E+00  0.0000000E+00  0.1017578383341900E+02  0.4428171298014894E+01
-0.1105000E+02  0.0000000E+00  0.0000000E+00  0.5227086568941897E+02  0.4472636365172534E+02
