#   DETECTOR OUTPUT MSH/DMSH
#   X BIN:    20 Y BIN:     1 Z BIN:     1
#                DETECTOR TYPE: DQ-EFF    
#   X START:-0.130D+02 Y START:-0.500D+00 Z START:-0.100D+00
#   X END  :-0.110D+02 Y END  : 0.500D+00 Z END  : 0.100D+00
#   PRIMARIES: 0.105D+07
-0.1295000E+02  0.0000000E+00  0.0000000E+00  0.1730280464114951E+03  0.1259284687876252E+03
-0.1285000E+02  0.0000000E+00  0.0000000E+00  0.7732489668328492E+02  0.5184816392056872E+02
-0.1275000E+02  0.0000000E+00  0.0000000E+00  0.2985850836185524E+03  0.1750652680360899E+03
-0.1265000E+02  0.0000000E+00  0.0000000E+00  0.3819008603097540E+03  0.3509833446688110E+03
-0.1255000E+02  0.0000000E+00  0.0000000E+00  0.4425846519925735E+01  0.3218391617816155E+01
-0.1245000E+02  0.0000000E+00  0.0000000E+00  0.6508058405825180E+02  0.6034164521467419E+02
-0.1235000E+02  0.0000000E+00  0.0000000E+00  0.9580147079521047E+03  0.5311154189154413E+03
-0.1225000E+02  0.0000000E+00  0.0000000E+00  0.1133203772632844E+04  0.6377933196331426E+03
-0.1215000E+02  0.0000000E+00  0.0000000E+00  0.4910114088424714E+03  0.3600607935338876E+03
-0.1205000E+02  0.0000000E+00  0.0000000E+00  0.1053158072371329E+04  0.5979554096787832E+03
-0.1195000E+02  0.0000000E+00  0.0000000E+00  0.1002526326931934E+01  0.5915982316228959E+00
-0.1185000E+02  0.0000000E+00  0.0000000E+00  0.1022445700332314E+04  0.6139935515627781E+03
-0.1175000E+02  0.0000000E+00  0.0000000E+00  0.1207415704648992E+04  0.6480963178761374E+03
-0.1165000E+02  0.0000000E+00  0.0000000E+00  0.3882865069268390E+03  0.3840800579900618E+03
-0.1155000E+02  0.0000000E+00  0.0000000E+00  0.6187509521054449E+03  0.4576543443373981E+03
-0.1145000E+02  0.0000000E+00  0.0000000E+00  0.5034762745887951E+03  0.4927474943102961E+03
-0.1135000E+02  0.0000000E+00  0.0000000E+00  0.1862882399212298E+03  0.1269655458573674E+03
-0.1125000E+02  0.0000000E+00  0.0000000E+00  0.7892007890490000E+03  0.5136171315282637E+03
-0.1115000E+02  0.0000000E+00  0.0000000E+00  0.2285871195622292E+02  0.1183477742173709E+02
-0.1105000E+02  0.0000000E+00  0.0000000E+00  0.3868820858952851E+03  0.3614681109698147E+03
