#   DETECTOR OUTPUT MSH/DMSH
#   X BIN:    20 Y BIN:     1 Z BIN:     1
#                DETECTOR TYPE: TQ-EFF    
#   X START:-0.130D+02 Y START:-0.500D+00 Z START:-0.100D+00
#   X END  :-0.110D+02 Y END  : 0.500D+00 Z END  : 0.100D+00
#   PRIMARIES: 0.105D+07
-0.1295000E+02  0.0000000E+00  0.0000000E+00  0.9244903249365922E+02  0.5972405497657756E+02
-0.1285000E+02  0.0000000E+00  0.0000000E+00  0.5060518202906086E+02  0.4116713272569299E+02
-0.1275000E+02  0.0000000E+00  0.0000000E+00  0.1004784981290959E+03  0.6187885155710493E+02
-0.1265000E+02  0.0000000E+00  0.0000000E+00  0.3946301479777965E+03  0.3843674793284541E+03
-0.1255000E+02  0.0000000E+00  0.0000000E+00  0.2757835551299580E+01  0.1619015871847332E+01
-0.1245000E+02  0.0000000E+00  0.0000000E+00  0.7381169257355781E+02  0.7062330876093503E+02
-0.1235000E+02  0.0000000E+00  0.0000000E+00  0.1129873184753552E+04  0.6212863836804561E+03
-0.1225000E+02  0.0000000E+00  0.0000000E+00  0.1222216658782100E+04  0.6888467800773250E+03
-0.1215000E+02  0.0000000E+00  0.0000000E+00  0.5007676721453978E+03  0.3942729092995270E+03
-0.1205000E+02  0.0000000E+00  0.0000000E+00  0.1162665436178733E+04  0.6621280590551573E+03
-0.1195000E+02  0.0000000E+00  0.0000000E+00  0.9988161283237312E+00  0.5884664226048206E+00
-0.1185000E+02  0.0000000E+00  0.0000000E+00  0.1047495287689227E+04  0.6527421040194856E+03
-0.1175000E+02  0.0000000E+00  0.0000000E+00  0.1267943926291832E+04  0.7100224806917577E+03
-0.1165000E+02  0.0000000E+00  0.0000000E+00  0.4131786881168326E+03  0.4102793658867678E+03
-0.1155000E+02  0.0000000E+00  0.0000000E+00  0.4597220494420394E+03  0.4458245481435577E+03
-0.1145000E+02  0.0000000E+00  0.0000000E+00  0.5374427055786117E+03  0.5295010074905276E+03
-0.1135000E+02  0.0000000E+00  0.0000000E+00  0.1123018207818567E+02  0.5359268367352199E+01
-0.1125000E+02  0.0000000E+00  0.0000000E+00  0.8517168542583892E+03  0.5681896894239917E+03
-0.1115000E+02  0.0000000E+00  0.0000000E+00  0.1412544107928430E+02  0.8171500351807312E+01
-0.1105000E+02  0.0000000E+00  0.0000000E+00  0.3997870614785083E+03  0.3928853264662574E+03
