#   DETECTOR OUTPUT MSH/DMSH
#   X BIN:    20 Y BIN:     1 Z BIN:     1
#                DETECTOR TYPE: DQ-EFF    
#   X START:-0.700D+01 Y START:-0.500D+00 Z START:-0.100D+00
#   X END  :-0.500D+01 Y END  : 0.500D+00 Z END  : 0.100D+00
#   PRIMARIES: 0.994D+06
-0.6950000E+01  0.0000000E+00  0.0000000E+00  0.1184224511617052E+04  0.5922406168236920E+03
-0.6850000E+01  0.0000000E+00  0.0000000E+00  0.1687630333445285E+04  0.6098320456563639E+03
-0.6750000E+01  0.0000000E+00  0.0000000E+00  0.4404337372605119E+03  0.1317397633262569E+03
-0.6650000E+01  0.0000000E+00  0.0000000E+00  0.1033000815740589E+04  0.3491670243512571E+03
-0.6550000E+01  0.0000000E+00  0.0000000E+00  0.3301004311030861E+03  0.6416807149553973E+02
-0.6450000E+01  0.0000000E+00  0.0000000E+00  0.7332846220962684E+03  0.2672706365428243E+03
-0.6350000E+01  0.0000000E+00  0.0000000E+00  0.3168375861748302E+03  0.5035071064674233E+02
-0.6250000E+01  0.0000000E+00  0.0000000E+00  0.3874149065648349E+03  0.6551837301133104E+02
-0.6150000E+01  0.0000000E+00  0.0000000E+00  0.2646576728410920E+03  0.5136568387634416E+02
-0.6050000E+01  0.0000000E+00  0.0000000E+00  0.2619738067327459E+03  0.2830035851419391E+02
-0.5950000E+01  0.0000000E+00  0.0000000E+00  0.2581776069192444E+03  0.2620249863679305E+02
-0.5850000E+01  0.0000000E+00  0.0000000E+00  0.2137910452821820E+03  0.1986630555941118E+02
-0.5750000E+01  0.0000000E+00  0.0000000E+00  0.1920206145102448E+03  0.1104596700887616E+02
-0.5650000E+01  0.0000000E+00  0.0000000E+00  0.1888271264398497E+03  0.1120537056454712E+02
-0.5550000E+01  0.0000000E+00  0.0000000E+00  0.1853356244169961E+03  0.1359214136438298E+02
-0.5450000E+01  0.0000000E+00  0.0000000E+00  0.1760635530584770E+03  0.9799427287755796E+01
-0.5350000E+01  0.0000000E+00  0.0000000E+00  0.1754282899448865E+03  0.7259328368063619E+01
-0.5250000E+01  0.0000000E+00  0.0000000E+00  0.1704121469247829E+03  0.5864748273561473E+01
-0.5150000E+01  0.0000000E+00  0.0000000E+00  0.1668444927915417E+03  0.5285284134161778E+01
-0.5050000E+01  0.0000000E+00  0.0000000E+00  0.1535263821328715E+03  0.3578096992531576E+01
