#   DETECTOR OUTPUT MSH/DMSH
#   X BIN:    20 Y BIN:     1 Z BIN:     1
#                DETECTOR TYPE: TLET      
#   X START:-0.700D+01 Y START:-0.500D+00 Z START:-0.100D+00
#   X END  :-0.500D+01 Y END  : 0.500D+00 Z END  : 0.100D+00
#   PRIMARIES: 0.100D+07
-0.6950000E+01  0.0000000E+00  0.0000000E+00  0.1365156214729749E+03  0.6094598100248928E+02
-0.6850000E+01  0.0000000E+00  0.0000000E+00  0.1143960302248041E+03  0.3592066165846683E+02
-0.6750000E+01  0.0000000E+00  0.0000000E+00  0.5686721035328606E+02  0.6809934135889369E+01
-0.6650000E+01  0.0000000E+00  0.0000000E+00  0.9614526714132244E+02  0.2199181412793844E+02
-0.6550000E+01  0.0000000E+00  0.0000000E+00  0.5852560857834501E+02  0.4482407571436950E+01
-0.6450000E+01  0.0000000E+00  0.0000000E+00  0.5758156933407486E+02  0.2229705513648569E+01
-0.6350000E+01  0.0000000E+00  0.0000000E+00  0.5478135101020838E+02  0.1491648161283741E+01
-0.6250000E+01  0.0000000E+00  0.0000000E+00  0.5274001178158687E+02  0.1024540103671630E+01
-0.6150000E+01  0.0000000E+00  0.0000000E+00  0.4911783213963398E+02  0.1002356144183735E+01
-0.6050000E+01  0.0000000E+00  0.0000000E+00  0.4902667950565203E+02  0.7116483053671004E+00
-0.5950000E+01  0.0000000E+00  0.0000000E+00  0.4701504360704331E+02  0.6676256889364773E+00
-0.5850000E+01  0.0000000E+00  0.0000000E+00  0.4680457842127657E+02  0.4834749246859160E+00
-0.5750000E+01  0.0000000E+00  0.0000000E+00  0.4492657077896863E+02  0.3492568883321064E+00
-0.5650000E+01  0.0000000E+00  0.0000000E+00  0.4401803562628320E+02  0.3149578311916351E+00
-0.5550000E+01  0.0000000E+00  0.0000000E+00  0.4333062655662615E+02  0.2812687152486069E+00
-0.5450000E+01  0.0000000E+00  0.0000000E+00  0.4262312520197110E+02  0.2178181479372523E+00
-0.5350000E+01  0.0000000E+00  0.0000000E+00  0.4248266852696047E+02  0.1867946777951260E+00
-0.5250000E+01  0.0000000E+00  0.0000000E+00  0.4224354382672971E+02  0.1994781266741385E+00
-0.5150000E+01  0.0000000E+00  0.0000000E+00  0.4222415363046818E+02  0.1652239058695938E+00
-0.5050000E+01  0.0000000E+00  0.0000000E+00  0.4188156069292636E+02  0.1642800778638050E+00
