#   DETECTOR OUTPUT MSH/DMSH
#   X BIN:    20 Y BIN:     1 Z BIN:     1
#                DETECTOR TYPE: TLET      
#   X START:-0.130D+02 Y START:-0.500D+00 Z START:-0.100D+00
#   X END  :-0.110D+02 Y END  : 0.500D+00 Z END  : 0.100D+00
#   PRIMARIES: 0.119D+07
-0.1295000E+02  0.0000000E+00  0.0000000E+00  0.3168129795513907E+02  0.1995730897082472E+02
-0.1285000E+02  0.0000000E+00  0.0000000E+00  0.1678575995217907E+02  0.1178339225726783E+02
-0.1275000E+02  0.0000000E+00  0.0000000E+00  0.2765109897053747E+02  0.1597192786319627E+02
-0.1265000E+02  0.0000000E+00  0.0000000E+00  0.4160433112560607E+02  0.3685908861664106E+02
-0.1255000E+02  0.0000000E+00  0.0000000E+00  0.2244713272071457E+01  0.1147419832475386E+01
-0.1245000E+02  0.0000000E+00  0.0000000E+00  0.1829073697325746E+02  0.1552442938937483E+02
-0.1235000E+02  0.0000000E+00  0.0000000E+00  0.1496706222264802E+03  0.8447008004795880E+02
-0.1225000E+02  0.0000000E+00  0.0000000E+00  0.9824762998957927E+02  0.5333232201698402E+02
-0.1215000E+02  0.0000000E+00  0.0000000E+00  0.6432936063038090E+02  0.4091271282847878E+02
-0.1205000E+02  0.0000000E+00  0.0000000E+00  0.1119823331556624E+03  0.6224248943697665E+02
-0.1195000E+02  0.0000000E+00  0.0000000E+00  0.1029327841896199E+01  0.5775102944285024E+00
-0.1185000E+02  0.0000000E+00  0.0000000E+00  0.1028832950973890E+03  0.6558319534825439E+02
-0.1175000E+02  0.0000000E+00  0.0000000E+00  0.1395456598059005E+03  0.8492305536826967E+02
-0.1165000E+02  0.0000000E+00  0.0000000E+00  0.3013065571826435E+02  0.2743969873576914E+02
-0.1155000E+02  0.0000000E+00  0.0000000E+00  0.2073505546637649E+02  0.1604832707806045E+02
-0.1145000E+02  0.0000000E+00  0.0000000E+00  0.3691793568039253E+02  0.3162326042063648E+02
-0.1135000E+02  0.0000000E+00  0.0000000E+00  0.5616307837880369E+01  0.2102192073722462E+01
-0.1125000E+02  0.0000000E+00  0.0000000E+00  0.7754110129792343E+02  0.4549905780202806E+02
-0.1115000E+02  0.0000000E+00  0.0000000E+00  0.7595099515337285E+01  0.3380002317815941E+01
-0.1105000E+02  0.0000000E+00  0.0000000E+00  0.3746668699197465E+02  0.3342510293959141E+02
