#   DETECTOR OUTPUT MSH/DMSH
#   X BIN:    20 Y BIN:     1 Z BIN:     1
#                DETECTOR TYPE: TQ-EFF    
#   X START:-0.130D+02 Y START:-0.500D+00 Z START:-0.100D+00
#   X END  :-0.110D+02 Y END  : 0.500D+00 Z END  : 0.100D+00
#   PRIMARIES: 0.105D+07
-0.1295000E+02  0.0000000E+00  0.0000000E+00  0.1019964553029879E+02  0.6870109744726131E+01
-0.1285000E+02  0.0000000E+00  0.0000000E+00  0.2948677494929313E+01  0.1550135745866938E+01
-0.1275000E+02  0.0000000E+00  0.0000000E+00  0.1501829906504721E+02  0.1374320592503045E+02
-0.1265000E+02  0.0000000E+00  0.0000000E+00  0.1008313809963244E+01  0.5134837051416097E+00
-0.1255000E+02  0.0000000E+00  0.0000000E+00  0.2757835551299580E+01  0.1619015871847332E+01
-0.1245000E+02  0.0000000E+00  0.0000000E+00  0.3172382249851016E+01  0.1505571955592522E+01
-0.1235000E+02  0.0000000E+00  0.0000000E+00  0.5449248845091610E+02  0.4950589484662441E+02
-0.1225000E+02  0.0000000E+00  0.0000000E+00  0.1736847434192809E+02  0.1537422036802864E+02
-0.1215000E+02  0.0000000E+00  0.0000000E+00  0.2278629676098572E+02  0.1269857419121717E+02
-0.1205000E+02  0.0000000E+00  0.0000000E+00  0.4106365390309350E+01  0.1905911570549171E+01
-0.1195000E+02  0.0000000E+00  0.0000000E+00  0.9988161283237312E+00  0.5884664226048206E+00
-0.1185000E+02  0.0000000E+00  0.0000000E+00  0.3388505232327761E+01  0.2793287593291069E+01
-0.1175000E+02  0.0000000E+00  0.0000000E+00  0.2181137313452044E+01  0.1239935576271124E+01
-0.1165000E+02  0.0000000E+00  0.0000000E+00  0.2872071164388245E+01  0.1202006729374611E+01
-0.1155000E+02  0.0000000E+00  0.0000000E+00  0.6917467199372890E+01  0.4670037537886211E+01
-0.1145000E+02  0.0000000E+00  0.0000000E+00  0.7880915611302703E+01  0.4465343568917875E+01
-0.1135000E+02  0.0000000E+00  0.0000000E+00  0.4533387283364966E+01  0.1785805638353372E+01
-0.1125000E+02  0.0000000E+00  0.0000000E+00  0.1690653336042169E+02  0.1183225038267628E+02
-0.1115000E+02  0.0000000E+00  0.0000000E+00  0.1412544107928430E+02  0.8171500351807312E+01
-0.1105000E+02  0.0000000E+00  0.0000000E+00  0.5988922117855654E+01  0.4106123570534569E+01
