#   DETECTOR OUTPUT MSH/DMSH
#   X BIN:    20 Y BIN:     1 Z BIN:     1
#                DETECTOR TYPE: TLET      
#   X START:-0.130D+02 Y START:-0.500D+00 Z START:-0.100D+00
#   X END  :-0.110D+02 Y END  : 0.500D+00 Z END  : 0.100D+00
#   PRIMARIES: 0.105D+07
-0.1295000E+02  0.0000000E+00  0.0000000E+00  0.0000000000000000E+00  0.0000000000000000E+00
-0.1285000E+02  0.0000000E+00  0.0000000E+00  0.1079772946473080E+00  0.1079772946473080E+00
-0.1275000E+02  0.0000000E+00  0.0000000E+00  0.1068988816991521E+00  0.1068988816991522E+00
-0.1265000E+02  0.0000000E+00  0.0000000E+00  0.0000000000000000E+00  0.0000000000000000E+00
-0.1255000E+02  0.0000000E+00  0.0000000E+00  0.0000000000000000E+00  0.0000000000000000E+00
-0.1245000E+02  0.0000000E+00  0.0000000E+00  0.0000000000000000E+00  0.0000000000000000E+00
-0.1235000E+02  0.0000000E+00  0.0000000E+00  0.0000000000000000E+00  0.0000000000000000E+00
-0.1225000E+02  0.0000000E+00  0.0000000E+00  0.3514680368393766E+00  0.3514680368393767E+00
-0.1215000E+02  0.0000000E+00  0.0000000E+00  0.3009066156703030E+00  0.3009066156703030E+00
-0.1205000E+02  0.0000000E+00  0.0000000E+00  0.0000000000000000E+00  0.0000000000000000E+00
-0.1195000E+02  0.0000000E+00  0.0000000E+00  0.0000000000000000E+00  0.0000000000000000E+00
-0.1185000E+02  0.0000000E+00  0.0000000E+00  0.0000000000000000E+00  0.0000000000000000E+00
-0.1175000E+02  0.0000000E+00  0.0000000E+00  0.0000000000000000E+00  0.0000000000000000E+00
-0.1165000E+02  0.0000000E+00  0.0000000E+00  0.0000000000000000E+00  0.0000000000000000E+00
-0.1155000E+02  0.0000000E+00  0.0000000E+00  0.0000000000000000E+00  0.0000000000000000E+00
-0.1145000E+02  0.0000000E+00  0.0000000E+00  0.9292454629352892E+00  0.9292454629352893E+00
-0.1135000E+02  0.0000000E+00  0.0000000E+00  0.5073648929607762E+00  0.5073648929607764E+00
-0.1125000E+02  0.0000000E+00  0.0000000E+00  0.1266958597862295E+01  0.9215194808024030E+00
-0.1115000E+02  0.0000000E+00  0.0000000E+00  0.0000000000000000E+00  0.0000000000000000E+00
-0.1105000E+02  0.0000000E+00  0.0000000E+00  0.0000000000000000E+00  0.0000000000000000E+00
