#   DETECTOR OUTPUT MSH/DMSH
#   X BIN:    20 Y BIN:     1 Z BIN:     1
#                DETECTOR TYPE: TQ-EFF    
#   X START:-0.700D+01 Y START:-0.500D+00 Z START:-0.100D+00
#   X END  :-0.500D+01 Y END  : 0.500D+00 Z END  : 0.100D+00
#   PRIMARIES: 0.994D+06
-0.6950000E+01  0.0000000E+00  0.0000000E+00  0.9600906078616188E+02  0.1967727431003676E+02
-0.6850000E+01  0.0000000E+00  0.0000000E+00  0.7461578542161483E+02  0.8886317021674953E+01
-0.6750000E+01  0.0000000E+00  0.0000000E+00  0.1356273709015962E+03  0.6262506681003482E+02
-0.6650000E+01  0.0000000E+00  0.0000000E+00  0.1049174951031803E+03  0.1385187759865849E+02
-0.6550000E+01  0.0000000E+00  0.0000000E+00  0.8835079812072871E+02  0.1202766693151364E+02
-0.6450000E+01  0.0000000E+00  0.0000000E+00  0.7492029149210967E+02  0.3949416488117794E+01
-0.6350000E+01  0.0000000E+00  0.0000000E+00  0.7028525835620306E+02  0.2496342307961786E+01
-0.6250000E+01  0.0000000E+00  0.0000000E+00  0.6757494920268098E+02  0.1924061969732244E+01
-0.6150000E+01  0.0000000E+00  0.0000000E+00  0.6078859448593869E+02  0.1677112932716835E+01
-0.6050000E+01  0.0000000E+00  0.0000000E+00  0.6116550005430480E+02  0.1276908675096742E+01
-0.5950000E+01  0.0000000E+00  0.0000000E+00  0.5727249326769191E+02  0.1146272886394802E+01
-0.5850000E+01  0.0000000E+00  0.0000000E+00  0.5700249596231144E+02  0.8206248615056758E+00
-0.5750000E+01  0.0000000E+00  0.0000000E+00  0.5411885364382196E+02  0.5966006430753827E+00
-0.5650000E+01  0.0000000E+00  0.0000000E+00  0.5251152996228016E+02  0.5195138577398861E+00
-0.5550000E+01  0.0000000E+00  0.0000000E+00  0.5136279756414451E+02  0.4774987714325980E+00
-0.5450000E+01  0.0000000E+00  0.0000000E+00  0.5003979440253459E+02  0.3617352739371312E+00
-0.5350000E+01  0.0000000E+00  0.0000000E+00  0.4976902716765586E+02  0.3145717959042228E+00
-0.5250000E+01  0.0000000E+00  0.0000000E+00  0.4932996396377773E+02  0.3348236689194373E+00
-0.5150000E+01  0.0000000E+00  0.0000000E+00  0.4933909883044328E+02  0.2752587910456431E+00
-0.5050000E+01  0.0000000E+00  0.0000000E+00  0.4883779229360496E+02  0.2782014443661038E+00
