#   DETECTOR OUTPUT MSH/DMSH
#   X BIN:    20 Y BIN:     1 Z BIN:     1
#                DETECTOR TYPE: DOSE      
#   X START:-0.700D+01 Y START:-0.500D+00 Z START:-0.100D+00
#   X END  :-0.500D+01 Y END  : 0.500D+00 Z END  : 0.100D+00
#   PRIMARIES: 0.100D+07
-0.6950000E+01  0.0000000E+00  0.0000000E+00  0.2864612676620926E-03  0.3307623624632308E-04
-0.6850000E+01  0.0000000E+00  0.0000000E+00  0.3761999703068987E-03  0.3189645567968383E-04
-0.6750000E+01  0.0000000E+00  0.0000000E+00  0.4249252272418226E-03  0.3442822017058434E-04
-0.6650000E+01  0.0000000E+00  0.0000000E+00  0.5844432870670664E-03  0.4798254856553663E-04
-0.6550000E+01  0.0000000E+00  0.0000000E+00  0.6984123350297664E-03  0.4798396664662775E-04
-0.6450000E+01  0.0000000E+00  0.0000000E+00  0.1023300901506749E-02  0.5776444844296544E-04
-0.6350000E+01  0.0000000E+00  0.0000000E+00  0.1221450155924600E-02  0.5961419862183748E-04
-0.6250000E+01  0.0000000E+00  0.0000000E+00  0.1853639870854365E-02  0.7921424362311583E-04
-0.6150000E+01  0.0000000E+00  0.0000000E+00  0.2423992603197537E-02  0.9257877522976403E-04
-0.6050000E+01  0.0000000E+00  0.0000000E+00  0.3175123248402780E-02  0.1056208738089322E-03
-0.5950000E+01  0.0000000E+00  0.0000000E+00  0.4483917458537967E-02  0.1421279706671877E-03
-0.5850000E+01  0.0000000E+00  0.0000000E+00  0.6424638376868575E-02  0.1697903955115820E-03
-0.5750000E+01  0.0000000E+00  0.0000000E+00  0.8739423552366685E-02  0.1675485582411258E-03
-0.5650000E+01  0.0000000E+00  0.0000000E+00  0.1200659661517023E-01  0.2248256770083142E-03
-0.5550000E+01  0.0000000E+00  0.0000000E+00  0.1636921884321469E-01  0.2415473584819555E-03
-0.5450000E+01  0.0000000E+00  0.0000000E+00  0.2131264320430895E-01  0.2745207018670734E-03
-0.5350000E+01  0.0000000E+00  0.0000000E+00  0.2718896098884790E-01  0.3103050203841100E-03
-0.5250000E+01  0.0000000E+00  0.0000000E+00  0.3398286160914803E-01  0.3427512808035115E-03
-0.5150000E+01  0.0000000E+00  0.0000000E+00  0.4188957805124939E-01  0.4198865660244077E-03
-0.5050000E+01  0.0000000E+00  0.0000000E+00  0.4851751419894048E-01  0.3684517995332233E-03
