#   DETECTOR OUTPUT MSH/DMSH
#   X BIN:    20 Y BIN:     1 Z BIN:     1
#                DETECTOR TYPE: DOSE      
#   X START:-0.700D+01 Y START:-0.500D+00 Z START:-0.100D+00
#   X END  :-0.500D+01 Y END  : 0.500D+00 Z END  : 0.100D+00
#   PRIMARIES: 0.994D+06
-0.6950000E+01  0.0000000E+00  0.0000000E+00  0.2989543508739220E-03  0.3406024290377551E-04
-0.6850000E+01  0.0000000E+00  0.0000000E+00  0.3911612470944906E-03  0.3322180937081640E-04
-0.6750000E+01  0.0000000E+00  0.0000000E+00  0.4430374885870046E-03  0.3399675265510568E-04
-0.6650000E+01  0.0000000E+00  0.0000000E+00  0.6044303195942724E-03  0.4741376225639888E-04
-0.6550000E+01  0.0000000E+00  0.0000000E+00  0.7131601065656407E-03  0.4720571450039541E-04
-0.6450000E+01  0.0000000E+00  0.0000000E+00  0.1037271223392592E-02  0.5794436024269728E-04
-0.6350000E+01  0.0000000E+00  0.0000000E+00  0.1231981938531736E-02  0.6129687137814736E-04
-0.6250000E+01  0.0000000E+00  0.0000000E+00  0.1867871503559297E-02  0.7775281104490780E-04
-0.6150000E+01  0.0000000E+00  0.0000000E+00  0.2419353352186311E-02  0.9123623806888636E-04
-0.6050000E+01  0.0000000E+00  0.0000000E+00  0.3146772952274409E-02  0.1038266590336308E-03
-0.5950000E+01  0.0000000E+00  0.0000000E+00  0.4435017522549811E-02  0.1391525298818044E-03
-0.5850000E+01  0.0000000E+00  0.0000000E+00  0.6350957603655609E-02  0.1674433503506938E-03
-0.5750000E+01  0.0000000E+00  0.0000000E+00  0.8635762077818855E-02  0.1653302148453117E-03
-0.5650000E+01  0.0000000E+00  0.0000000E+00  0.1184099183564688E-01  0.2202631108920293E-03
-0.5550000E+01  0.0000000E+00  0.0000000E+00  0.1613793665650027E-01  0.2370826794615604E-03
-0.5450000E+01  0.0000000E+00  0.0000000E+00  0.2100315767910280E-01  0.2698731909574853E-03
-0.5350000E+01  0.0000000E+00  0.0000000E+00  0.2678569932937665E-01  0.3061021274391710E-03
-0.5250000E+01  0.0000000E+00  0.0000000E+00  0.3346776136751634E-01  0.3358404310718281E-03
-0.5150000E+01  0.0000000E+00  0.0000000E+00  0.4123105171516288E-01  0.4133934227382413E-03
-0.5050000E+01  0.0000000E+00  0.0000000E+00  0.4775991569924870E-01  0.3630942891881366E-03
