#   DETECTOR OUTPUT MSH/DMSH
#   X BIN:    20 Y BIN:     1 Z BIN:     1
#                DETECTOR TYPE: DOSE      
#   X START:-0.130D+02 Y START:-0.500D+00 Z START:-0.100D+00
#   X END  :-0.110D+02 Y END  : 0.500D+00 Z END  : 0.100D+00
#   PRIMARIES: 0.105D+07
-0.1295000E+02  0.0000000E+00  0.0000000E+00  0.2606650205068719E-04  0.1003064040095639E-04
-0.1285000E+02  0.0000000E+00  0.0000000E+00  0.3025860562779717E-04  0.1325975600499702E-04
-0.1275000E+02  0.0000000E+00  0.0000000E+00  0.2338921401337202E-04  0.7815860562054311E-05
-0.1265000E+02  0.0000000E+00  0.0000000E+00  0.1566496058753304E-04  0.9538729180675687E-05
-0.1255000E+02  0.0000000E+00  0.0000000E+00  0.7554064493652376E-05  0.3300044070860870E-05
-0.1245000E+02  0.0000000E+00  0.0000000E+00  0.1642759252967006E-04  0.5692395039346911E-05
-0.1235000E+02  0.0000000E+00  0.0000000E+00  0.2013383456530890E-04  0.5025445948574743E-05
-0.1225000E+02  0.0000000E+00  0.0000000E+00  0.1315886694714314E-04  0.4834156408479070E-05
-0.1215000E+02  0.0000000E+00  0.0000000E+00  0.2676343482547778E-04  0.7288852383308083E-05
-0.1205000E+02  0.0000000E+00  0.0000000E+00  0.2462142371273834E-04  0.7233382166221181E-05
-0.1195000E+02  0.0000000E+00  0.0000000E+00  0.1263203337226676E-04  0.5708406578680242E-05
-0.1185000E+02  0.0000000E+00  0.0000000E+00  0.2407232767370029E-04  0.7379587994455734E-05
-0.1175000E+02  0.0000000E+00  0.0000000E+00  0.1803551532909130E-04  0.6269466571625990E-05
-0.1165000E+02  0.0000000E+00  0.0000000E+00  0.2554403522334313E-04  0.7992688614150277E-05
-0.1155000E+02  0.0000000E+00  0.0000000E+00  0.1721001871542053E-04  0.5223050410696407E-05
-0.1145000E+02  0.0000000E+00  0.0000000E+00  0.2423865651331739E-04  0.6796913259651832E-05
-0.1135000E+02  0.0000000E+00  0.0000000E+00  0.3067850942156588E-04  0.8986076263933291E-05
-0.1125000E+02  0.0000000E+00  0.0000000E+00  0.2727846716577170E-04  0.8327939884601996E-05
-0.1115000E+02  0.0000000E+00  0.0000000E+00  0.3960695084293282E-04  0.1116158891986047E-04
-0.1105000E+02  0.0000000E+00  0.0000000E+00  0.2374844950691904E-04  0.8985959816842467E-05
