#   DETECTOR OUTPUT MSH/DMSH
#   X BIN:    20 Y BIN:     1 Z BIN:     1
#                DETECTOR TYPE: DLET      
#   X START:-0.700D+01 Y START:-0.500D+00 Z START:-0.100D+00
#   X END  :-0.500D+01 Y END  : 0.500D+00 Z END  : 0.100D+00
#   PRIMARIES: 0.100D+07
-0.6950000E+01  0.0000000E+00  0.0000000E+00  0.1962962208326691E+03  0.7710296793596811E+02
-0.6850000E+01  0.0000000E+00  0.0000000E+00  0.2917089037604698E+03  0.6795388051132760E+02
-0.6750000E+01  0.0000000E+00  0.0000000E+00  0.1356444507217210E+03  0.3681100648328047E+02
-0.6650000E+01  0.0000000E+00  0.0000000E+00  0.2311631658509153E+03  0.5404897717566298E+02
-0.6550000E+01  0.0000000E+00  0.0000000E+00  0.1186758801461630E+03  0.1315277148907976E+02
-0.6450000E+01  0.0000000E+00  0.0000000E+00  0.2136393702816389E+03  0.5528064576820500E+02
-0.6350000E+01  0.0000000E+00  0.0000000E+00  0.1195467898883802E+03  0.1348128344661355E+02
-0.6250000E+01  0.0000000E+00  0.0000000E+00  0.1302200708360396E+03  0.1554479295263363E+02
-0.6150000E+01  0.0000000E+00  0.0000000E+00  0.1143749890664558E+03  0.1760470538135379E+02
-0.6050000E+01  0.0000000E+00  0.0000000E+00  0.1046204463322384E+03  0.6115853649497546E+01
-0.5950000E+01  0.0000000E+00  0.0000000E+00  0.1068351893942480E+03  0.6715219667773816E+01
-0.5850000E+01  0.0000000E+00  0.0000000E+00  0.9536616314186867E+02  0.5312708664494471E+01
-0.5750000E+01  0.0000000E+00  0.0000000E+00  0.8809747927484601E+02  0.2840839727796461E+01
-0.5650000E+01  0.0000000E+00  0.0000000E+00  0.8443808968761658E+02  0.2545715543647268E+01
-0.5550000E+01  0.0000000E+00  0.0000000E+00  0.8542912003327538E+02  0.3432549268947502E+01
-0.5450000E+01  0.0000000E+00  0.0000000E+00  0.8358669046584949E+02  0.2888494984437218E+01
-0.5350000E+01  0.0000000E+00  0.0000000E+00  0.8262456414797012E+02  0.1907943360159013E+01
-0.5250000E+01  0.0000000E+00  0.0000000E+00  0.8058875985173854E+02  0.1561379122947028E+01
-0.5150000E+01  0.0000000E+00  0.0000000E+00  0.7980261389256100E+02  0.1345972694389078E+01
-0.5050000E+01  0.0000000E+00  0.0000000E+00  0.7622861423250862E+02  0.8999069754345268E+00
