#   DETECTOR OUTPUT MSH/DMSH
#   X BIN:    20 Y BIN:     1 Z BIN:     1
#                DETECTOR TYPE: DQ-EFF    
#   X START:-0.700D+01 Y START:-0.500D+00 Z START:-0.100D+00
#   X END  :-0.500D+01 Y END  : 0.500D+00 Z END  : 0.100D+00
#   PRIMARIES: 0.994D+06
-0.6950000E+01  0.0000000E+00  0.0000000E+00  0.1740716241000777E+03  0.2842038235601749E+02
-0.6850000E+01  0.0000000E+00  0.0000000E+00  0.1468112761627293E+03  0.1773033697046531E+02
-0.6750000E+01  0.0000000E+00  0.0000000E+00  0.2218767239381603E+03  0.5432391174699026E+02
-0.6650000E+01  0.0000000E+00  0.0000000E+00  0.2235781656165276E+03  0.2200685720274453E+02
-0.6550000E+01  0.0000000E+00  0.0000000E+00  0.2019156903014192E+03  0.1827716903386250E+02
-0.6450000E+01  0.0000000E+00  0.0000000E+00  0.1847986822943879E+03  0.1115954224904420E+02
-0.6350000E+01  0.0000000E+00  0.0000000E+00  0.1779299678702122E+03  0.8023236182744407E+01
-0.6250000E+01  0.0000000E+00  0.0000000E+00  0.1708464708572635E+03  0.6930702352843063E+01
-0.6150000E+01  0.0000000E+00  0.0000000E+00  0.1572431219829807E+03  0.5307061872209067E+01
-0.6050000E+01  0.0000000E+00  0.0000000E+00  0.1596560660201944E+03  0.4508269513939056E+01
-0.5950000E+01  0.0000000E+00  0.0000000E+00  0.1484892764855233E+03  0.3914336487263084E+01
-0.5850000E+01  0.0000000E+00  0.0000000E+00  0.1462044756270718E+03  0.2907803299478504E+01
-0.5750000E+01  0.0000000E+00  0.0000000E+00  0.1406062336550549E+03  0.2321785102993285E+01
-0.5650000E+01  0.0000000E+00  0.0000000E+00  0.1330208255195728E+03  0.1955664539033058E+01
-0.5550000E+01  0.0000000E+00  0.0000000E+00  0.1302425389988798E+03  0.1711352323735798E+01
-0.5450000E+01  0.0000000E+00  0.0000000E+00  0.1250085330963876E+03  0.1378030487246816E+01
-0.5350000E+01  0.0000000E+00  0.0000000E+00  0.1245422091279088E+03  0.1250051610997424E+01
-0.5250000E+01  0.0000000E+00  0.0000000E+00  0.1219718954350471E+03  0.1300952348714544E+01
-0.5150000E+01  0.0000000E+00  0.0000000E+00  0.1227318749143474E+03  0.1008174887177293E+01
-0.5050000E+01  0.0000000E+00  0.0000000E+00  0.1208529722251544E+03  0.1024915517607783E+01
