#   DETECTOR OUTPUT MSH/DMSH
#   X BIN:    20 Y BIN:     1 Z BIN:     1
#                DETECTOR TYPE: TQ-EFF    
#   X START:-0.700D+01 Y START:-0.500D+00 Z START:-0.100D+00
#   X END  :-0.500D+01 Y END  : 0.500D+00 Z END  : 0.100D+00
#   PRIMARIES: 0.994D+06
-0.6950000E+01  0.0000000E+00  0.0000000E+00  0.9851526224808737E+03  0.6227961996955548E+03
-0.6850000E+01  0.0000000E+00  0.0000000E+00  0.9691678222199121E+03  0.5869634515780477E+03
-0.6750000E+01  0.0000000E+00  0.0000000E+00  0.1415420793230103E+03  0.6261320844149926E+02
-0.6650000E+01  0.0000000E+00  0.0000000E+00  0.2862331940825326E+03  0.1300712956820337E+03
-0.6550000E+01  0.0000000E+00  0.0000000E+00  0.9193154699444889E+02  0.1218716243684502E+02
-0.6450000E+01  0.0000000E+00  0.0000000E+00  0.8860249802767628E+02  0.7752225835889855E+01
-0.6350000E+01  0.0000000E+00  0.0000000E+00  0.7452651381093344E+02  0.2947751395685408E+01
-0.6250000E+01  0.0000000E+00  0.0000000E+00  0.7126814660714928E+02  0.2259683063579575E+01
-0.6150000E+01  0.0000000E+00  0.0000000E+00  0.6360909108374053E+02  0.2072070395862304E+01
-0.6050000E+01  0.0000000E+00  0.0000000E+00  0.6329380084719503E+02  0.1331024194451766E+01
-0.5950000E+01  0.0000000E+00  0.0000000E+00  0.5945833316427229E+02  0.1226781517388169E+01
-0.5850000E+01  0.0000000E+00  0.0000000E+00  0.5820270097792244E+02  0.9170278968329706E+00
-0.5750000E+01  0.0000000E+00  0.0000000E+00  0.5502678520153966E+02  0.6226646839747134E+00
-0.5650000E+01  0.0000000E+00  0.0000000E+00  0.5338960701781997E+02  0.5632963959044448E+00
-0.5550000E+01  0.0000000E+00  0.0000000E+00  0.5206657020299625E+02  0.5094441985558126E+00
-0.5450000E+01  0.0000000E+00  0.0000000E+00  0.5077997321045216E+02  0.3912287808325375E+00
-0.5350000E+01  0.0000000E+00  0.0000000E+00  0.5065044814411740E+02  0.3359230235815654E+00
-0.5250000E+01  0.0000000E+00  0.0000000E+00  0.5008528106898928E+02  0.3492984740888688E+00
-0.5150000E+01  0.0000000E+00  0.0000000E+00  0.4998297069604554E+02  0.2876127739177944E+00
-0.5050000E+01  0.0000000E+00  0.0000000E+00  0.4933750789846819E+02  0.2766833612385857E+00
