#   DETECTOR OUTPUT MSH/DMSH
#   X BIN:    20 Y BIN:     1 Z BIN:     1
#                DETECTOR TYPE: DLET      
#   X START:-0.700D+01 Y START:-0.500D+00 Z START:-0.100D+00
#   X END  :-0.500D+01 Y END  : 0.500D+00 Z END  : 0.100D+00
#   PRIMARIES: 0.994D+06
-0.6950000E+01  0.0000000E+00  0.0000000E+00  0.9406633314367886E+02  0.1102011718831110E+02
-0.6850000E+01  0.0000000E+00  0.0000000E+00  0.9089679793369309E+02  0.8147637532543502E+01
-0.6750000E+01  0.0000000E+00  0.0000000E+00  0.1044363443039681E+03  0.1160582087515864E+02
-0.6650000E+01  0.0000000E+00  0.0000000E+00  0.1232197434791748E+03  0.9286169571137004E+01
-0.6550000E+01  0.0000000E+00  0.0000000E+00  0.1155890032386690E+03  0.7673840742876503E+01
-0.6450000E+01  0.0000000E+00  0.0000000E+00  0.1126411539003726E+03  0.4826702103056051E+01
-0.6350000E+01  0.0000000E+00  0.0000000E+00  0.1106085734336591E+03  0.3592550947149374E+01
-0.6250000E+01  0.0000000E+00  0.0000000E+00  0.1095390445710550E+03  0.2937673504341328E+01
-0.6150000E+01  0.0000000E+00  0.0000000E+00  0.1025497876439556E+03  0.2496835876364221E+01
-0.6050000E+01  0.0000000E+00  0.0000000E+00  0.1037822504266657E+03  0.1954968611558777E+01
-0.5950000E+01  0.0000000E+00  0.0000000E+00  0.9793981323534476E+02  0.1882403802491677E+01
-0.5850000E+01  0.0000000E+00  0.0000000E+00  0.9698736185758764E+02  0.1412699580227500E+01
-0.5750000E+01  0.0000000E+00  0.0000000E+00  0.9409739061054817E+02  0.1063740812828667E+01
-0.5650000E+01  0.0000000E+00  0.0000000E+00  0.9106283930918636E+02  0.9041466000185583E+00
-0.5550000E+01  0.0000000E+00  0.0000000E+00  0.8931593264055824E+02  0.8791020546027937E+00
-0.5450000E+01  0.0000000E+00  0.0000000E+00  0.8704067328144998E+02  0.6688879656612972E+00
-0.5350000E+01  0.0000000E+00  0.0000000E+00  0.8675409655991830E+02  0.5900514836888794E+00
-0.5250000E+01  0.0000000E+00  0.0000000E+00  0.8548233492706912E+02  0.6263711696575502E+00
-0.5150000E+01  0.0000000E+00  0.0000000E+00  0.8561141161515829E+02  0.5065685185198298E+00
-0.5050000E+01  0.0000000E+00  0.0000000E+00  0.8481440798216150E+02  0.5157590869319315E+00
