#   DETECTOR OUTPUT MSH/DMSH
#   X BIN:    20 Y BIN:     1 Z BIN:     1
#                DETECTOR TYPE: TLET      
#   X START:-0.130D+02 Y START:-0.500D+00 Z START:-0.100D+00
#   X END  :-0.110D+02 Y END  : 0.500D+00 Z END  : 0.100D+00
#   PRIMARIES: 0.105D+07
-0.1295000E+02  0.0000000E+00  0.0000000E+00  0.3775070879303057E+02  0.2376637818557036E+02
-0.1285000E+02  0.0000000E+00  0.0000000E+00  0.1995871451347759E+02  0.1407827224108979E+02
-0.1275000E+02  0.0000000E+00  0.0000000E+00  0.3249938495570944E+02  0.1866618312398459E+02
-0.1265000E+02  0.0000000E+00  0.0000000E+00  0.5406879161497739E+02  0.4848657522602434E+02
-0.1255000E+02  0.0000000E+00  0.0000000E+00  0.2629926923109108E+01  0.1347233696410068E+01
-0.1245000E+02  0.0000000E+00  0.0000000E+00  0.2208240130513820E+02  0.1884388894403002E+02
-0.1235000E+02  0.0000000E+00  0.0000000E+00  0.1863259594570629E+03  0.1040861077783000E+03
-0.1225000E+02  0.0000000E+00  0.0000000E+00  0.1296383526284105E+03  0.7064615259745247E+02
-0.1215000E+02  0.0000000E+00  0.0000000E+00  0.8162458091847391E+02  0.5297882672336640E+02
-0.1205000E+02  0.0000000E+00  0.0000000E+00  0.1467241689533495E+03  0.8176610874622060E+02
-0.1195000E+02  0.0000000E+00  0.0000000E+00  0.1201964850270796E+01  0.6746401278994567E+00
-0.1185000E+02  0.0000000E+00  0.0000000E+00  0.1273425455232908E+03  0.8021031563400494E+02
-0.1175000E+02  0.0000000E+00  0.0000000E+00  0.1751878159453677E+03  0.1049717567745391E+03
-0.1165000E+02  0.0000000E+00  0.0000000E+00  0.3991181373704863E+02  0.3676265507778854E+02
-0.1155000E+02  0.0000000E+00  0.0000000E+00  0.2708550336459118E+02  0.2161785129739375E+02
-0.1145000E+02  0.0000000E+00  0.0000000E+00  0.4488547433974582E+02  0.3865335871563552E+02
-0.1135000E+02  0.0000000E+00  0.0000000E+00  0.6487083649800128E+01  0.2412660397297338E+01
-0.1125000E+02  0.0000000E+00  0.0000000E+00  0.1001188223456522E+03  0.5945795066732028E+02
-0.1115000E+02  0.0000000E+00  0.0000000E+00  0.8985222611360667E+01  0.4028998724704878E+01
-0.1105000E+02  0.0000000E+00  0.0000000E+00  0.4910949143033719E+02  0.4435774670078589E+02
