#   DETECTOR OUTPUT MSH/DMSH
#   X BIN:    20 Y BIN:     1 Z BIN:     1
#                DETECTOR TYPE: TLET      
#   X START:-0.700D+01 Y START:-0.500D+00 Z START:-0.100D+00
#   X END  :-0.500D+01 Y END  : 0.500D+00 Z END  : 0.100D+00
#   PRIMARIES: 0.100D+07
-0.6950000E+01  0.0000000E+00  0.0000000E+00  0.5537318225438872E+02  0.7544337823199770E+01
-0.6850000E+01  0.0000000E+00  0.0000000E+00  0.4973926413485402E+02  0.4851821414740271E+01
-0.6750000E+01  0.0000000E+00  0.0000000E+00  0.5894947334942589E+02  0.8638677720570239E+01
-0.6650000E+01  0.0000000E+00  0.0000000E+00  0.6770717118418284E+02  0.5589981680343650E+01
-0.6550000E+01  0.0000000E+00  0.0000000E+00  0.6185220880831496E+02  0.4675008694483273E+01
-0.6450000E+01  0.0000000E+00  0.0000000E+00  0.5649546420119258E+02  0.2362229625331278E+01
-0.6350000E+01  0.0000000E+00  0.0000000E+00  0.5545583029467648E+02  0.1314997456926817E+01
-0.6250000E+01  0.0000000E+00  0.0000000E+00  0.5302627122597774E+02  0.1159626600173697E+01
-0.6150000E+01  0.0000000E+00  0.0000000E+00  0.4879391198210189E+02  0.9200432750947545E+00
-0.6050000E+01  0.0000000E+00  0.0000000E+00  0.4889239190549230E+02  0.7504516632345040E+00
-0.5950000E+01  0.0000000E+00  0.0000000E+00  0.4635222289659272E+02  0.6441711555577684E+00
-0.5850000E+01  0.0000000E+00  0.0000000E+00  0.4663924255337120E+02  0.4557321173949047E+00
-0.5750000E+01  0.0000000E+00  0.0000000E+00  0.4467132757357852E+02  0.3612313773424228E+00
-0.5650000E+01  0.0000000E+00  0.0000000E+00  0.4373606768158743E+02  0.3051527027369785E+00
-0.5550000E+01  0.0000000E+00  0.0000000E+00  0.4297007844062287E+02  0.2632886182197515E+00
-0.5450000E+01  0.0000000E+00  0.0000000E+00  0.4220071015776565E+02  0.2095911541352138E+00
-0.5350000E+01  0.0000000E+00  0.0000000E+00  0.4197624847791380E+02  0.1849582658092661E+00
-0.5250000E+01  0.0000000E+00  0.0000000E+00  0.4177860610537312E+02  0.1948741635182667E+00
-0.5150000E+01  0.0000000E+00  0.0000000E+00  0.4181614814357181E+02  0.1602141787701647E+00
-0.5050000E+01  0.0000000E+00  0.0000000E+00  0.4150003828560892E+02  0.1635565936295549E+00
