#   DETECTOR OUTPUT MSH/DMSH
#   X BIN:    20 Y BIN:     1 Z BIN:     1
#                DETECTOR TYPE: DLET      
#   X START:-0.130D+02 Y START:-0.500D+00 Z START:-0.100D+00
#   X END  :-0.110D+02 Y END  : 0.500D+00 Z END  : 0.100D+00
#   PRIMARIES: 0.119D+07
-0.1295000E+02  0.0000000E+00  0.0000000E+00  0.6177218075510337E+01  0.4053640376160604E+01
-0.1285000E+02  0.0000000E+00  0.0000000E+00  0.3017215249393439E+01  0.1594282900573999E+01
-0.1275000E+02  0.0000000E+00  0.0000000E+00  0.5943407559050375E+01  0.4601515365338748E+01
-0.1265000E+02  0.0000000E+00  0.0000000E+00  0.1070150059453681E+01  0.5395746385180465E+00
-0.1255000E+02  0.0000000E+00  0.0000000E+00  0.2762472819575936E+01  0.1600765969536727E+01
-0.1245000E+02  0.0000000E+00  0.0000000E+00  0.3288568911686121E+01  0.1568703979750245E+01
-0.1235000E+02  0.0000000E+00  0.0000000E+00  0.1053016895288522E+02  0.7402703613283400E+01
-0.1225000E+02  0.0000000E+00  0.0000000E+00  0.6927608463238961E+01  0.4953957079026234E+01
-0.1215000E+02  0.0000000E+00  0.0000000E+00  0.1261503936089841E+02  0.5763521564458577E+01
-0.1205000E+02  0.0000000E+00  0.0000000E+00  0.4365062360192173E+01  0.2031933092382361E+01
-0.1195000E+02  0.0000000E+00  0.0000000E+00  0.1032157388173452E+01  0.5797778935014012E+00
-0.1185000E+02  0.0000000E+00  0.0000000E+00  0.2833580974960280E+01  0.2161614435513938E+01
-0.1175000E+02  0.0000000E+00  0.0000000E+00  0.2419432119669156E+01  0.1354632439399576E+01
-0.1165000E+02  0.0000000E+00  0.0000000E+00  0.3129038557166385E+01  0.1347813525513172E+01
-0.1155000E+02  0.0000000E+00  0.0000000E+00  0.5333769575913651E+01  0.2958996756023457E+01
-0.1145000E+02  0.0000000E+00  0.0000000E+00  0.6067546692751956E+01  0.2955860395802739E+01
-0.1135000E+02  0.0000000E+00  0.0000000E+00  0.5307392957313943E+01  0.2060235911476061E+01
-0.1125000E+02  0.0000000E+00  0.0000000E+00  0.1052833982417399E+02  0.5198568685681774E+01
-0.1115000E+02  0.0000000E+00  0.0000000E+00  0.1017578383341900E+02  0.4428171298014894E+01
-0.1105000E+02  0.0000000E+00  0.0000000E+00  0.4665833584501213E+01  0.2744573103956732E+01
