#   DETECTOR OUTPUT MSH/DMSH
#   X BIN:    20 Y BIN:     1 Z BIN:     1
#                DETECTOR TYPE: TLET      
#   X START:-0.700D+01 Y START:-0.500D+00 Z START:-0.100D+00
#   X END  :-0.500D+01 Y END  : 0.500D+00 Z END  : 0.100D+00
#   PRIMARIES: 0.994D+06
-0.6950000E+01  0.0000000E+00  0.0000000E+00  0.6271705196307349E+02  0.8184437624335095E+01
-0.6850000E+01  0.0000000E+00  0.0000000E+00  0.5951555506378793E+02  0.5246191077466863E+01
-0.6750000E+01  0.0000000E+00  0.0000000E+00  0.6691651867380530E+02  0.8953328687133768E+01
-0.6650000E+01  0.0000000E+00  0.0000000E+00  0.7582035896371107E+02  0.6493846628834362E+01
-0.6550000E+01  0.0000000E+00  0.0000000E+00  0.6832545815028526E+02  0.5359419267902373E+01
-0.6450000E+01  0.0000000E+00  0.0000000E+00  0.6499098919951430E+02  0.2547995237094434E+01
-0.6350000E+01  0.0000000E+00  0.0000000E+00  0.6310452117368621E+02  0.1622651751481850E+01
-0.6250000E+01  0.0000000E+00  0.0000000E+00  0.6136163126913092E+02  0.1195020342304312E+01
-0.6150000E+01  0.0000000E+00  0.0000000E+00  0.5673715358685183E+02  0.1113295681216142E+01
-0.6050000E+01  0.0000000E+00  0.0000000E+00  0.5704854718060041E+02  0.8452424359617753E+00
-0.5950000E+01  0.0000000E+00  0.0000000E+00  0.5450570422393297E+02  0.7757674052466080E+00
-0.5850000E+01  0.0000000E+00  0.0000000E+00  0.5459168750969969E+02  0.5501992847114627E+00
-0.5750000E+01  0.0000000E+00  0.0000000E+00  0.5245695530975519E+02  0.4077974563199128E+00
-0.5650000E+01  0.0000000E+00  0.0000000E+00  0.5144156230226474E+02  0.3669182435160498E+00
-0.5550000E+01  0.0000000E+00  0.0000000E+00  0.5063023892393962E+02  0.3263686959554293E+00
-0.5450000E+01  0.0000000E+00  0.0000000E+00  0.4973983376535038E+02  0.2526141754129175E+00
-0.5350000E+01  0.0000000E+00  0.0000000E+00  0.4953765726596442E+02  0.2169306995418082E+00
-0.5250000E+01  0.0000000E+00  0.0000000E+00  0.4930712727095579E+02  0.2327978389625172E+00
-0.5150000E+01  0.0000000E+00  0.0000000E+00  0.4930791746559080E+02  0.1931098288095741E+00
-0.5050000E+01  0.0000000E+00  0.0000000E+00  0.4894735754084047E+02  0.1950062136122038E+00
