#   DETECTOR OUTPUT MSH/DMSH
#   X BIN:    20 Y BIN:     1 Z BIN:     1
#                DETECTOR TYPE: DLET      
#   X START:-0.700D+01 Y START:-0.500D+00 Z START:-0.100D+00
#   X END  :-0.500D+01 Y END  : 0.500D+00 Z END  : 0.100D+00
#   PRIMARIES: 0.100D+07
-0.6950000E+01  0.0000000E+00  0.0000000E+00  0.7807947592917289E+02  0.9004353405820456E+01
-0.6850000E+01  0.0000000E+00  0.0000000E+00  0.7594549127706932E+02  0.6732199052385693E+01
-0.6750000E+01  0.0000000E+00  0.0000000E+00  0.8622219048188261E+02  0.8917756664755611E+01
-0.6650000E+01  0.0000000E+00  0.0000000E+00  0.1025617281909330E+03  0.7599676808239332E+01
-0.6550000E+01  0.0000000E+00  0.0000000E+00  0.9639624026055081E+02  0.6281345769358270E+01
-0.6450000E+01  0.0000000E+00  0.0000000E+00  0.9418952650792380E+02  0.3976033475889535E+01
-0.6350000E+01  0.0000000E+00  0.0000000E+00  0.9263566165866698E+02  0.2957339065481740E+01
-0.6250000E+01  0.0000000E+00  0.0000000E+00  0.9173966137598846E+02  0.2416643775847064E+01
-0.6150000E+01  0.0000000E+00  0.0000000E+00  0.8595304733871329E+02  0.2055322338224887E+01
-0.6050000E+01  0.0000000E+00  0.0000000E+00  0.8695638209961686E+02  0.1608696023784356E+01
-0.5950000E+01  0.0000000E+00  0.0000000E+00  0.8214024218345193E+02  0.1552086102145904E+01
-0.5850000E+01  0.0000000E+00  0.0000000E+00  0.8139652349217424E+02  0.1163129545782622E+01
-0.5750000E+01  0.0000000E+00  0.0000000E+00  0.7897611731243096E+02  0.8769177835967124E+00
-0.5650000E+01  0.0000000E+00  0.0000000E+00  0.7647868028462888E+02  0.7461541601326263E+00
-0.5550000E+01  0.0000000E+00  0.0000000E+00  0.7503679550897365E+02  0.7248966941185496E+00
-0.5450000E+01  0.0000000E+00  0.0000000E+00  0.7315010958920082E+02  0.5515793287123124E+00
-0.5350000E+01  0.0000000E+00  0.0000000E+00  0.7290887379572368E+02  0.4870336478622539E+00
-0.5250000E+01  0.0000000E+00  0.0000000E+00  0.7186711009942763E+02  0.5177198700520227E+00
-0.5150000E+01  0.0000000E+00  0.0000000E+00  0.7197446589340394E+02  0.4181514165499562E+00
-0.5050000E+01  0.0000000E+00  0.0000000E+00  0.7131542928412003E+02  0.4260789969515497E+00
