#   DETECTOR OUTPUT MSH/DMSH
#   X BIN:    20 Y BIN:     1 Z BIN:     1
#                DETECTOR TYPE: TLET      
#   X START:-0.130D+02 Y START:-0.500D+00 Z START:-0.100D+00
#   X END  :-0.110D+02 Y END  : 0.500D+00 Z END  : 0.100D+00
#   PRIMARIES: 0.105D+07
-0.1295000E+02  0.0000000E+00  0.0000000E+00  0.5776302705566736E+01  0.3730956248795023E+01
-0.1285000E+02  0.0000000E+00  0.0000000E+00  0.2891638031304490E+01  0.1390916189806236E+01
-0.1275000E+02  0.0000000E+00  0.0000000E+00  0.6392598058568181E+01  0.4838295855536380E+01
-0.1265000E+02  0.0000000E+00  0.0000000E+00  0.1247871317336836E+01  0.6292300894846250E+00
-0.1255000E+02  0.0000000E+00  0.0000000E+00  0.2629926923109108E+01  0.1347233696410068E+01
-0.1245000E+02  0.0000000E+00  0.0000000E+00  0.3255159973927888E+01  0.1365733863261540E+01
-0.1235000E+02  0.0000000E+00  0.0000000E+00  0.1157310449691945E+02  0.8425599231033996E+01
-0.1225000E+02  0.0000000E+00  0.0000000E+00  0.7645792034534191E+01  0.5403844407060859E+01
-0.1215000E+02  0.0000000E+00  0.0000000E+00  0.1222927675031058E+02  0.5612124962880203E+01
-0.1205000E+02  0.0000000E+00  0.0000000E+00  0.3866906467149174E+01  0.1624871905852860E+01
-0.1195000E+02  0.0000000E+00  0.0000000E+00  0.1201964850270796E+01  0.6746401278994567E+00
-0.1185000E+02  0.0000000E+00  0.0000000E+00  0.2598473616832049E+01  0.1828114049412392E+01
-0.1175000E+02  0.0000000E+00  0.0000000E+00  0.2281204603519355E+01  0.1086253045071931E+01
-0.1165000E+02  0.0000000E+00  0.0000000E+00  0.3137014109380897E+01  0.1198952746830100E+01
-0.1155000E+02  0.0000000E+00  0.0000000E+00  0.4973425268569252E+01  0.2606698315458541E+01
-0.1145000E+02  0.0000000E+00  0.0000000E+00  0.6270873528109728E+01  0.2808310588268657E+01
-0.1135000E+02  0.0000000E+00  0.0000000E+00  0.4590929278461501E+01  0.1570432644036384E+01
-0.1125000E+02  0.0000000E+00  0.0000000E+00  0.8314887384800787E+01  0.4626180918398989E+01
-0.1115000E+02  0.0000000E+00  0.0000000E+00  0.8985222611360667E+01  0.4028998724704878E+01
-0.1105000E+02  0.0000000E+00  0.0000000E+00  0.4549227686103953E+01  0.2481437397521133E+01
