#   DETECTOR OUTPUT MSH/DMSH
#   X BIN:    20 Y BIN:     1 Z BIN:     1
#                DETECTOR TYPE: DOSE      
#   X START:-0.130D+02 Y START:-0.500D+00 Z START:-0.100D+00
#   X END  :-0.110D+02 Y END  : 0.500D+00 Z END  : 0.100D+00
#   PRIMARIES: 0.119D+07
-0.1295000E+02  0.0000000E+00  0.0000000E+00  0.1153700203597825E-04  0.7272943190962532E-05
-0.1285000E+02  0.0000000E+00  0.0000000E+00  0.2641779688132328E-04  0.1339112758560226E-04
-0.1275000E+02  0.0000000E+00  0.0000000E+00  0.1813875055900518E-04  0.7346194077456485E-05
-0.1265000E+02  0.0000000E+00  0.0000000E+00  0.1286978770516524E-04  0.9605358576174487E-05
-0.1255000E+02  0.0000000E+00  0.0000000E+00  0.5608322490570044E-05  0.3235223350902401E-05
-0.1245000E+02  0.0000000E+00  0.0000000E+00  0.1442516681633498E-04  0.5721030842984950E-05
-0.1235000E+02  0.0000000E+00  0.0000000E+00  0.9792988315661017E-05  0.3968559055242261E-05
-0.1225000E+02  0.0000000E+00  0.0000000E+00  0.1067997934510719E-04  0.4430413733151442E-05
-0.1215000E+02  0.0000000E+00  0.0000000E+00  0.1780069690409696E-04  0.5870140756957425E-05
-0.1205000E+02  0.0000000E+00  0.0000000E+00  0.1470789363725855E-04  0.6133194908535780E-05
-0.1195000E+02  0.0000000E+00  0.0000000E+00  0.3570431532560707E-05  0.2022501972655589E-05
-0.1185000E+02  0.0000000E+00  0.0000000E+00  0.9280883597916127E-05  0.3632347108900094E-05
-0.1175000E+02  0.0000000E+00  0.0000000E+00  0.1129996799680052E-04  0.5043981901322030E-05
-0.1165000E+02  0.0000000E+00  0.0000000E+00  0.1675720219975421E-04  0.7328962118420108E-05
-0.1155000E+02  0.0000000E+00  0.0000000E+00  0.1114964392625979E-04  0.4648530279171056E-05
-0.1145000E+02  0.0000000E+00  0.0000000E+00  0.1225801536034467E-04  0.5065974306682716E-05
-0.1135000E+02  0.0000000E+00  0.0000000E+00  0.2242276400694849E-04  0.8420258539678978E-05
-0.1125000E+02  0.0000000E+00  0.0000000E+00  0.2120141181959236E-04  0.8327616211912842E-05
-0.1115000E+02  0.0000000E+00  0.0000000E+00  0.2502959888042134E-04  0.9951040842284394E-05
-0.1105000E+02  0.0000000E+00  0.0000000E+00  0.1555778025982899E-04  0.8396570737818691E-05
