#   DETECTOR OUTPUT MSH/DMSH
#   X BIN:    20 Y BIN:     1 Z BIN:     1
#                DETECTOR TYPE: TQ-EFF    
#   X START:-0.700D+01 Y START:-0.500D+00 Z START:-0.100D+00
#   X END  :-0.500D+01 Y END  : 0.500D+00 Z END  : 0.100D+00
#   PRIMARIES: 0.994D+06
-0.6950000E+01  0.0000000E+00  0.0000000E+00  0.1049302303121382E+03  0.2204986770838450E+02
-0.6850000E+01  0.0000000E+00  0.0000000E+00  0.7517578251829303E+02  0.9594119048813235E+01
-0.6750000E+01  0.0000000E+00  0.0000000E+00  0.1601911410097466E+03  0.6924435667328828E+02
-0.6650000E+01  0.0000000E+00  0.0000000E+00  0.1110148698363601E+03  0.1416168754935870E+02
-0.6550000E+01  0.0000000E+00  0.0000000E+00  0.9488508830171729E+02  0.1236469873565603E+02
-0.6450000E+01  0.0000000E+00  0.0000000E+00  0.7676359558138184E+02  0.4359085554891935E+01
-0.6350000E+01  0.0000000E+00  0.0000000E+00  0.7246371840801342E+02  0.2497315416647517E+01
-0.6250000E+01  0.0000000E+00  0.0000000E+00  0.6822001324238330E+02  0.2194353751732605E+01
-0.6150000E+01  0.0000000E+00  0.0000000E+00  0.6086094127065866E+02  0.1624652375628013E+01
-0.6050000E+01  0.0000000E+00  0.0000000E+00  0.6105132427557953E+02  0.1339105641247397E+01
-0.5950000E+01  0.0000000E+00  0.0000000E+00  0.5665966369772331E+02  0.1115056130725481E+01
-0.5850000E+01  0.0000000E+00  0.0000000E+00  0.5675125556194298E+02  0.7960666853018030E+00
-0.5750000E+01  0.0000000E+00  0.0000000E+00  0.5364851581670321E+02  0.6198777412456768E+00
-0.5650000E+01  0.0000000E+00  0.0000000E+00  0.5187856454489140E+02  0.5139913428843587E+00
-0.5550000E+01  0.0000000E+00  0.0000000E+00  0.5067840544690132E+02  0.4464429800376564E+00
-0.5450000E+01  0.0000000E+00  0.0000000E+00  0.4930651391465886E+02  0.3517856602242296E+00
-0.5350000E+01  0.0000000E+00  0.0000000E+00  0.4897248027690742E+02  0.3132843475900720E+00
-0.5250000E+01  0.0000000E+00  0.0000000E+00  0.4855516497556955E+02  0.3286155519025446E+00
-0.5150000E+01  0.0000000E+00  0.0000000E+00  0.4864496370706210E+02  0.2653871458578106E+00
-0.5050000E+01  0.0000000E+00  0.0000000E+00  0.4811234648463281E+02  0.2713845749374994E+00
