#   DETECTOR OUTPUT MSH/DMSH
#   X BIN:    20 Y BIN:     1 Z BIN:     1
#                DETECTOR TYPE: FLUENCE   
#   X START:-0.700D+01 Y START:-0.500D+00 Z START:-0.100D+00
#   X END  :-0.500D+01 Y END  : 0.500D+00 Z END  : 0.100D+00
#   PRIMARIES: 0.994D+06
-0.6950000E+01  0.0000000E+00  0.0000000E+00  0.3038528794208767E-03  0.4768577926397489E-05
-0.6850000E+01  0.0000000E+00  0.0000000E+00  0.3073835318843960E-03  0.4904571078695279E-05
-0.6750000E+01  0.0000000E+00  0.0000000E+00  0.3215738125499888E-03  0.4429816394009231E-05
-0.6650000E+01  0.0000000E+00  0.0000000E+00  0.3284062483791615E-03  0.4865745843672149E-05
-0.6550000E+01  0.0000000E+00  0.0000000E+00  0.3363290356579406E-03  0.5223396769676422E-05
-0.6450000E+01  0.0000000E+00  0.0000000E+00  0.3518271686622232E-03  0.5160105878081319E-05
-0.6350000E+01  0.0000000E+00  0.0000000E+00  0.3602162470933499E-03  0.4956539425228192E-05
-0.6250000E+01  0.0000000E+00  0.0000000E+00  0.3839495010598245E-03  0.5198980597180621E-05
-0.6150000E+01  0.0000000E+00  0.0000000E+00  0.4051823827406758E-03  0.5450244396610324E-05
-0.6050000E+01  0.0000000E+00  0.0000000E+00  0.4244672280023796E-03  0.5499152715543165E-05
-0.5950000E+01  0.0000000E+00  0.0000000E+00  0.4634096310560446E-03  0.5972973559235987E-05
-0.5850000E+01  0.0000000E+00  0.0000000E+00  0.5155931993968150E-03  0.6878099905969540E-05
-0.5750000E+01  0.0000000E+00  0.0000000E+00  0.5836104863847445E-03  0.6160216893074096E-05
-0.5650000E+01  0.0000000E+00  0.0000000E+00  0.6776248673425925E-03  0.8330743278529186E-05
-0.5550000E+01  0.0000000E+00  0.0000000E+00  0.7946467115168035E-03  0.8123963727581086E-05
-0.5450000E+01  0.0000000E+00  0.0000000E+00  0.9214960611907362E-03  0.8383017772329372E-05
-0.5350000E+01  0.0000000E+00  0.0000000E+00  0.1073568976503372E-02  0.9617710451603935E-05
-0.5250000E+01  0.0000000E+00  0.0000000E+00  0.1255596337739708E-02  0.1170405271009962E-04
-0.5150000E+01  0.0000000E+00  0.0000000E+00  0.1452766967076550E-02  0.1144293161438864E-04
-0.5050000E+01  0.0000000E+00  0.0000000E+00  0.1628016233148288E-02  0.1163386186965816E-04
