#   DETECTOR OUTPUT MSH/DMSH
#   X BIN:    20 Y BIN:     1 Z BIN:     1
#                DETECTOR TYPE: DQ-EFF    
#   X START:-0.130D+02 Y START:-0.500D+00 Z START:-0.100D+00
#   X END  :-0.110D+02 Y END  : 0.500D+00 Z END  : 0.100D+00
#   PRIMARIES: 0.105D+07
-0.1295000E+02  0.0000000E+00  0.0000000E+00  0.1580585236748842E+02  0.1080875079881411E+02
-0.1285000E+02  0.0000000E+00  0.0000000E+00  0.4581010819932572E+01  0.2964824055799274E+01
-0.1275000E+02  0.0000000E+00  0.0000000E+00  0.1667920766861204E+02  0.1539573163176880E+02
-0.1265000E+02  0.0000000E+00  0.0000000E+00  0.1010185204811657E+01  0.5143345011710696E+00
-0.1255000E+02  0.0000000E+00  0.0000000E+00  0.4425846519925735E+01  0.3218391617816155E+01
-0.1245000E+02  0.0000000E+00  0.0000000E+00  0.4763914075854055E+01  0.2969576954601263E+01
-0.1235000E+02  0.0000000E+00  0.0000000E+00  0.4350170641012437E+02  0.3632106040302955E+02
-0.1225000E+02  0.0000000E+00  0.0000000E+00  0.1917737641790149E+02  0.1710383408536160E+02
-0.1215000E+02  0.0000000E+00  0.0000000E+00  0.3168305978302452E+02  0.1690396185508142E+02
-0.1205000E+02  0.0000000E+00  0.0000000E+00  0.7334202600398391E+01  0.4041113813841207E+01
-0.1195000E+02  0.0000000E+00  0.0000000E+00  0.1002526326931934E+01  0.5915982316228959E+00
-0.1185000E+02  0.0000000E+00  0.0000000E+00  0.5745786539708265E+01  0.5141935867824954E+01
-0.1175000E+02  0.0000000E+00  0.0000000E+00  0.3651918556639927E+01  0.2673266593255454E+01
-0.1165000E+02  0.0000000E+00  0.0000000E+00  0.4171400295375184E+01  0.2333550315061210E+01
-0.1155000E+02  0.0000000E+00  0.0000000E+00  0.1075019036469328E+02  0.7411976014799743E+01
-0.1145000E+02  0.0000000E+00  0.0000000E+00  0.1067130007194141E+02  0.7042019145816811E+01
-0.1135000E+02  0.0000000E+00  0.0000000E+00  0.8566099801020385E+01  0.4272734102698705E+01
-0.1125000E+02  0.0000000E+00  0.0000000E+00  0.2894415204139303E+02  0.1682697905377015E+02
-0.1115000E+02  0.0000000E+00  0.0000000E+00  0.2285871195622292E+02  0.1183477742173709E+02
-0.1105000E+02  0.0000000E+00  0.0000000E+00  0.8871186904225979E+01  0.6777947914139072E+01
