#   DETECTOR OUTPUT MSH/DMSH
#   X BIN:    20 Y BIN:     1 Z BIN:     1
#                DETECTOR TYPE: TLET      
#   X START:-0.130D+02 Y START:-0.500D+00 Z START:-0.100D+00
#   X END  :-0.110D+02 Y END  : 0.500D+00 Z END  : 0.100D+00
#   PRIMARIES: 0.119D+07
-0.1295000E+02  0.0000000E+00  0.0000000E+00  0.4860676332336515E+01  0.3135200710807461E+01
-0.1285000E+02  0.0000000E+00  0.0000000E+00  0.2469631856585312E+01  0.1186309730648721E+01
-0.1275000E+02  0.0000000E+00  0.0000000E+00  0.5303163966122363E+01  0.3973410107283654E+01
-0.1265000E+02  0.0000000E+00  0.0000000E+00  0.1068429874695600E+01  0.5387832280500543E+00
-0.1255000E+02  0.0000000E+00  0.0000000E+00  0.2244713272071457E+01  0.1147419832475386E+01
-0.1245000E+02  0.0000000E+00  0.0000000E+00  0.2781954068798073E+01  0.1164976921441423E+01
-0.1235000E+02  0.0000000E+00  0.0000000E+00  0.8958803644988004E+01  0.6332169906196759E+01
-0.1225000E+02  0.0000000E+00  0.0000000E+00  0.6316991785759556E+01  0.4401337463018892E+01
-0.1215000E+02  0.0000000E+00  0.0000000E+00  0.1026200327013370E+02  0.4673083689438133E+01
-0.1205000E+02  0.0000000E+00  0.0000000E+00  0.3299546125336131E+01  0.1384371788434990E+01
-0.1195000E+02  0.0000000E+00  0.0000000E+00  0.1029327841896199E+01  0.5775102944285024E+00
-0.1185000E+02  0.0000000E+00  0.0000000E+00  0.2206020218407401E+01  0.1546367984036070E+01
-0.1175000E+02  0.0000000E+00  0.0000000E+00  0.1949079217613417E+01  0.9256493410263295E+00
-0.1165000E+02  0.0000000E+00  0.0000000E+00  0.2682967674805719E+01  0.1024299759006015E+01
-0.1155000E+02  0.0000000E+00  0.0000000E+00  0.4217957584240549E+01  0.2196925471713185E+01
-0.1145000E+02  0.0000000E+00  0.0000000E+00  0.5330018300752400E+01  0.2373893798791558E+01
-0.1135000E+02  0.0000000E+00  0.0000000E+00  0.3922081729125123E+01  0.1338894120598516E+01
-0.1125000E+02  0.0000000E+00  0.0000000E+00  0.6934801607561515E+01  0.3814413177234784E+01
-0.1115000E+02  0.0000000E+00  0.0000000E+00  0.7595099515337285E+01  0.3380002317815941E+01
-0.1105000E+02  0.0000000E+00  0.0000000E+00  0.3862846903471222E+01  0.2094902045107803E+01
