#   DETECTOR OUTPUT MSH/DMSH
#   X BIN:    20 Y BIN:     1 Z BIN:     1
#                DETECTOR TYPE: DQ-EFF    
#   X START:-0.700D+01 Y START:-0.500D+00 Z START:-0.100D+00
#   X END  :-0.500D+01 Y END  : 0.500D+00 Z END  : 0.100D+00
#   PRIMARIES: 0.994D+06
-0.6950000E+01  0.0000000E+00  0.0000000E+00  0.1755045697268406E+03  0.2598544011335634E+02
-0.6850000E+01  0.0000000E+00  0.0000000E+00  0.1531781882069539E+03  0.1687939541674360E+02
-0.6750000E+01  0.0000000E+00  0.0000000E+00  0.2069920237648063E+03  0.4718841391766954E+02
-0.6650000E+01  0.0000000E+00  0.0000000E+00  0.2220733136436963E+03  0.2167144180996060E+02
-0.6550000E+01  0.0000000E+00  0.0000000E+00  0.2013537159383436E+03  0.1782990318887325E+02
-0.6450000E+01  0.0000000E+00  0.0000000E+00  0.1871681962791259E+03  0.1042566935666723E+02
-0.6350000E+01  0.0000000E+00  0.0000000E+00  0.1788412554275255E+03  0.7874400817796889E+01
-0.6250000E+01  0.0000000E+00  0.0000000E+00  0.1769736364354182E+03  0.6487381297683926E+01
-0.6150000E+01  0.0000000E+00  0.0000000E+00  0.1629663132402211E+03  0.5476100632091019E+01
-0.6050000E+01  0.0000000E+00  0.0000000E+00  0.1657606168303365E+03  0.4288551353944802E+01
-0.5950000E+01  0.0000000E+00  0.0000000E+00  0.1535032272706540E+03  0.4026541674755640E+01
-0.5850000E+01  0.0000000E+00  0.0000000E+00  0.1501213925720179E+03  0.3061467550640393E+01
-0.5750000E+01  0.0000000E+00  0.0000000E+00  0.1452492039080382E+03  0.2286466932333494E+01
-0.5650000E+01  0.0000000E+00  0.0000000E+00  0.1386428967464844E+03  0.1920645085730786E+01
-0.5550000E+01  0.0000000E+00  0.0000000E+00  0.1350399976384190E+03  0.1871230670638737E+01
-0.5450000E+01  0.0000000E+00  0.0000000E+00  0.1304780541077801E+03  0.1427310049170317E+01
-0.5350000E+01  0.0000000E+00  0.0000000E+00  0.1300767900269424E+03  0.1244505816452218E+01
-0.5250000E+01  0.0000000E+00  0.0000000E+00  0.1271100900697083E+03  0.1297473028432891E+01
-0.5150000E+01  0.0000000E+00  0.0000000E+00  0.1273787618266930E+03  0.1065673445585020E+01
-0.5050000E+01  0.0000000E+00  0.0000000E+00  0.1258061871380659E+03  0.1073886623389908E+01
