#   DETECTOR OUTPUT MSH/DMSH
#   X BIN:    20 Y BIN:     1 Z BIN:     1
#                DETECTOR TYPE: DLET      
#   X START:-0.130D+02 Y START:-0.500D+00 Z START:-0.100D+00
#   X END  :-0.110D+02 Y END  : 0.500D+00 Z END  : 0.100D+00
#   PRIMARIES: 0.105D+07
-0.1295000E+02  0.0000000E+00  0.0000000E+00  0.7599232708037263E+02  0.5630039122688906E+02
-0.1285000E+02  0.0000000E+00  0.0000000E+00  0.3620953060704588E+02  0.2336492299495584E+02
-0.1275000E+02  0.0000000E+00  0.0000000E+00  0.1063545827416760E+03  0.6210315713906817E+02
-0.1265000E+02  0.0000000E+00  0.0000000E+00  0.7897704796017391E+02  0.6523745305763170E+02
-0.1255000E+02  0.0000000E+00  0.0000000E+00  0.3272975760582494E+01  0.1912665796050288E+01
-0.1245000E+02  0.0000000E+00  0.0000000E+00  0.2530887671825344E+02  0.2146923937950416E+02
-0.1235000E+02  0.0000000E+00  0.0000000E+00  0.2416998660725475E+03  0.1338584512790462E+03
-0.1225000E+02  0.0000000E+00  0.0000000E+00  0.1701619832730413E+03  0.9426089272525765E+02
-0.1215000E+02  0.0000000E+00  0.0000000E+00  0.1103666040864216E+03  0.7283775536026363E+02
-0.1205000E+02  0.0000000E+00  0.0000000E+00  0.1979465215460575E+03  0.1105234437191069E+03
-0.1195000E+02  0.0000000E+00  0.0000000E+00  0.1205274668761512E+01  0.6772945303663861E+00
-0.1185000E+02  0.0000000E+00  0.0000000E+00  0.1855990689484512E+03  0.1151762887347903E+03
-0.1175000E+02  0.0000000E+00  0.0000000E+00  0.2433626792969191E+03  0.1401259794063848E+03
-0.1165000E+02  0.0000000E+00  0.0000000E+00  0.5156163071242262E+02  0.4786650847786818E+02
-0.1155000E+02  0.0000000E+00  0.0000000E+00  0.6413998073130823E+02  0.4121304989635843E+02
-0.1145000E+02  0.0000000E+00  0.0000000E+00  0.6344953646394658E+02  0.5627470410620930E+02
-0.1135000E+02  0.0000000E+00  0.0000000E+00  0.7444272743172733E+02  0.5192789193220388E+02
-0.1125000E+02  0.0000000E+00  0.0000000E+00  0.1408598688683178E+03  0.8374345545644501E+02
-0.1115000E+02  0.0000000E+00  0.0000000E+00  0.1225487308867637E+02  0.5386444257149003E+01
-0.1105000E+02  0.0000000E+00  0.0000000E+00  0.6713746494400269E+02  0.5870104334414496E+02
