#   DETECTOR OUTPUT MSH/DMSH
#   X BIN:    20 Y BIN:     1 Z BIN:     1
#                DETECTOR TYPE: FLUENCE   
#   X START:-0.130D+02 Y START:-0.500D+00 Z START:-0.100D+00
#   X END  :-0.110D+02 Y END  : 0.500D+00 Z END  : 0.100D+00
#   PRIMARIES: 0.105D+07
-0.1295000E+02  0.0000000E+00  0.0000000E+00  0.8144184200555822E-04  0.2339657449392044E-05
-0.1285000E+02  0.0000000E+00  0.0000000E+00  0.8676587203850450E-04  0.2648292147090677E-05
-0.1275000E+02  0.0000000E+00  0.0000000E+00  0.8937063894901232E-04  0.2964928270181016E-05
-0.1265000E+02  0.0000000E+00  0.0000000E+00  0.9198894882563628E-04  0.2809223850786553E-05
-0.1255000E+02  0.0000000E+00  0.0000000E+00  0.9424271276871754E-04  0.2685515004145206E-05
-0.1245000E+02  0.0000000E+00  0.0000000E+00  0.9585394969103651E-04  0.3018835752675498E-05
-0.1235000E+02  0.0000000E+00  0.0000000E+00  0.1030409225713316E-03  0.3338081029456389E-05
-0.1225000E+02  0.0000000E+00  0.0000000E+00  0.1006816533455631E-03  0.2777879275954529E-05
-0.1215000E+02  0.0000000E+00  0.0000000E+00  0.1029840806435968E-03  0.2901048110370703E-05
-0.1205000E+02  0.0000000E+00  0.0000000E+00  0.1041762658336705E-03  0.2952396558639851E-05
-0.1195000E+02  0.0000000E+00  0.0000000E+00  0.1047740644292483E-03  0.2852512910776597E-05
-0.1185000E+02  0.0000000E+00  0.0000000E+00  0.1068126708174605E-03  0.2941425433957689E-05
-0.1175000E+02  0.0000000E+00  0.0000000E+00  0.1110422052685806E-03  0.3036792697257119E-05
-0.1165000E+02  0.0000000E+00  0.0000000E+00  0.1105990822002513E-03  0.2592069622807125E-05
-0.1155000E+02  0.0000000E+00  0.0000000E+00  0.1165639626689232E-03  0.3040323076179493E-05
-0.1145000E+02  0.0000000E+00  0.0000000E+00  0.1137039709697448E-03  0.2876822069717731E-05
-0.1135000E+02  0.0000000E+00  0.0000000E+00  0.1233464134690815E-03  0.2984860236223139E-05
-0.1125000E+02  0.0000000E+00  0.0000000E+00  0.1294678383661179E-03  0.3342844658570411E-05
-0.1115000E+02  0.0000000E+00  0.0000000E+00  0.1269270443356065E-03  0.3144469260505140E-05
-0.1105000E+02  0.0000000E+00  0.0000000E+00  0.1303345867547598E-03  0.3098089925922441E-05
