#   DETECTOR OUTPUT MSH/DMSH
#   X BIN:    20 Y BIN:     1 Z BIN:     1
#                DETECTOR TYPE: TLET      
#   X START:-0.700D+01 Y START:-0.500D+00 Z START:-0.100D+00
#   X END  :-0.500D+01 Y END  : 0.500D+00 Z END  : 0.100D+00
#   PRIMARIES: 0.100D+07
-0.6950000E+01  0.0000000E+00  0.0000000E+00  0.5301625764646459E+02  0.6803856456268082E+01
-0.6850000E+01  0.0000000E+00  0.0000000E+00  0.5061310588360242E+02  0.4430151059202073E+01
-0.6750000E+01  0.0000000E+00  0.0000000E+00  0.5595484377808369E+02  0.6805947124569828E+01
-0.6650000E+01  0.0000000E+00  0.0000000E+00  0.6429326742346861E+02  0.5425968920570954E+01
-0.6550000E+01  0.0000000E+00  0.0000000E+00  0.5803191970511716E+02  0.4462851740466081E+01
-0.6450000E+01  0.0000000E+00  0.0000000E+00  0.5536860801394294E+02  0.2156270229143503E+01
-0.6350000E+01  0.0000000E+00  0.0000000E+00  0.5380020001779741E+02  0.1373774310454268E+01
-0.6250000E+01  0.0000000E+00  0.0000000E+00  0.5232807546610375E+02  0.1010290625944218E+01
-0.6150000E+01  0.0000000E+00  0.0000000E+00  0.4840598369819210E+02  0.9430178512728542E+00
-0.6050000E+01  0.0000000E+00  0.0000000E+00  0.4867031986598997E+02  0.7159281496336561E+00
-0.5950000E+01  0.0000000E+00  0.0000000E+00  0.4651895668852075E+02  0.6574795553582550E+00
-0.5850000E+01  0.0000000E+00  0.0000000E+00  0.4659910433645700E+02  0.4661030466534801E+00
-0.5750000E+01  0.0000000E+00  0.0000000E+00  0.4478597805454369E+02  0.3457912767168095E+00
-0.5650000E+01  0.0000000E+00  0.0000000E+00  0.4392719016071015E+02  0.3113930097625952E+00
-0.5550000E+01  0.0000000E+00  0.0000000E+00  0.4323879511698682E+02  0.2766849952926313E+00
-0.5450000E+01  0.0000000E+00  0.0000000E+00  0.4248487217507252E+02  0.2143465885999673E+00
-0.5350000E+01  0.0000000E+00  0.0000000E+00  0.4231279446545892E+02  0.1839287900592030E+00
-0.5250000E+01  0.0000000E+00  0.0000000E+00  0.4211917660388522E+02  0.1974112947725250E+00
-0.5150000E+01  0.0000000E+00  0.0000000E+00  0.4211966097123112E+02  0.1638791618523235E+00
-0.5050000E+01  0.0000000E+00  0.0000000E+00  0.4181351370530255E+02  0.1654443936459419E+00
