-15.2 0.012204 5.84916e-06
-15.1 0.0122344 5.8405e-06
-15 0.0122556 5.92268e-06
-14.9 0.0122696 5.86762e-06
-14.8 0.0122856 5.70218e-06
-14.7 0.012298 5.92028e-06
-14.6 0.0123058 5.87624e-06
-14.5 0.0123159 5.94523e-06
-14.4 0.0123236 5.9765e-06
-14.3 0.0123296 5.9619e-06
-14.2 0.0123359 5.77443e-06
-14.1 0.0123392 5.60775e-06
-14 0.01234 5.70891e-06
-13.9 0.0123422 5.89536e-06
-13.8 0.0123426 6.00432e-06
-13.7 0.0123413 6.05329e-06
-13.6 0.0123418 6.12517e-06
-13.5 0.0123386 5.9385e-06
-13.4 0.0123373 5.87321e-06
-13.3 0.0123364 6.13619e-06
-13.2 0.012334 5.85022e-06
-13.1 0.0123335 5.85608e-06
-13 0.0123309 5.9442e-06
-12.9 0.0123248 6.1272e-06
-12.8 0.0123219 6.13409e-06
-12.7 0.0123157 5.64869e-06
-12.6 0.0123091 5.62845e-06
-12.5 0.0123036 5.75075e-06
-12.4 0.012298 5.77119e-06
-12.3 0.0122911 5.59904e-06
-12.2 0.0122827 5.54639e-06
-12.1 0.0122759 5.6519e-06
-12 0.0122666 6.06369e-06
-11.9 0.0122545 5.87475e-06
-11.8 0.0122469 6.02297e-06
-11.7 0.0122379 5.89488e-06
-11.6 0.0122287 5.88314e-06
-11.5 0.0122142 5.81021e-06
-11.4 0.0122002 6.03878e-06
-11.3 0.0121903 6.1472e-06
-11.2 0.0121756 5.89395e-06
-11.1 0.012161 5.88239e-06
-11 0.0121485 5.7627e-06
-10.9 0.0121348 5.64627e-06
-10.8 0.0121191 5.61714e-06
-10.7 0.0121073 5.63041e-06
-10.6 0.0120922 5.68517e-06
-10.5 0.0120786 6.06297e-06
-10.4 0.0120636 5.98316e-06
-10.3 0.0120496 5.84135e-06
-10.2 0.0120319 5.74029e-06
-10.1 0.0120155 5.97439e-06
-10 0.0119959 6.12625e-06
-9.9 0.0119709 6.13773e-06
-9.8 0.0119358 5.90279e-06
-9.7 0.0118918 5.8115e-06
-9.6 0.0118421 5.99236e-06
-9.5 0.0117943 5.82557e-06
-9.4 0.0117484 5.85147e-06
-9.3 0.011699 5.55246e-06
-9.2 0.0116502 5.45514e-06
-9.1 0.0116 5.37106e-06
-9 0.0115541 5.31257e-06
-8.9 0.0115026 5.54337e-06
-8.8 0.0114463 5.39738e-06
-8.7 0.0113934 5.328e-06
-8.6 0.0113484 5.20328e-06
-8.5 0.0112967 5.30233e-06
-8.4 0.011241 5.12709e-06
-8.3 0.0111901 5.32858e-06
-8.2 0.0111394 5.24139e-06
-8.1 0.0110838 5.50919e-06
-8 0.0110268 5.48752e-06
-7.9 0.0109692 5.31275e-06
-7.8 0.0109198 5.38695e-06
-7.7 0.0108655 5.38504e-06
-7.6 0.0108082 5.59704e-06
-7.5 0.010751 5.63898e-06
-7.4 0.0106952 5.4763e-06
-7.3 0.0106408 5.31126e-06
-7.2 0.0105849 5.51224e-06
-7.1 0.0105284 5.22157e-06
-7 0.010473 5.2486e-06
-6.9 0.0104162 5.39487e-06
-6.8 0.0103611 5.08448e-06
-6.7 0.0103 4.97508e-06
-6.6 0.0102383 4.99047e-06
-6.5 0.010178 4.76102e-06
-6.4 0.0101242 4.76875e-06
-6.3 0.0100651 5.12369e-06
-6.2 0.0100035 5.14089e-06
-6.1 0.00993941 4.67214e-06
-6 0.00987967 4.76281e-06
-5.9 0.00982089 5.02097e-06
-5.8 0.00975696 5.22714e-06
-5.7 0.00969037 5.15599e-06
-5.6 0.00962594 4.91989e-06
-5.5 0.00956251 5.26096e-06
-5.4 0.00950058 5.12837e-06
-5.3 0.00943257 4.85087e-06
-5.2 0.00936343 4.79607e-06
-5.1 0.00929668 4.97874e-06
-5 0.00923234 4.94979e-06
-4.9 0.00916538 4.85813e-06
-4.8 0.00909682 4.75709e-06
-4.7 0.00902367 4.50557e-06
-4.6 0.0089502 4.57657e-06
-4.5 0.00888117 4.44377e-06
-4.4 0.00881089 4.7097e-06
-4.3 0.00873845 4.73821e-06
-4.2 0.00866056 4.70183e-06
-4.1 0.00857969 5.01002e-06
-4 0.00850411 4.89257e-06
-3.9 0.0084328 4.95222e-06
-3.8 0.00835314 4.70412e-06
-3.7 0.00826737 4.85167e-06
-3.6 0.00817877 4.94663e-06
-3.5 0.00809662 5.0688e-06
-3.4 0.00801947 4.79887e-06
-3.3 0.00793296 4.53003e-06
-3.2 0.00783867 4.79916e-06
-3.1 0.00774189 4.43941e-06
-3 0.00764636 4.51332e-06
-2.9 0.00756005 4.31007e-06
-2.8 0.00747487 4.3988e-06
-2.7 0.00737449 4.64885e-06
-2.6 0.0072674 4.55563e-06
-2.5 0.00716301 4.64086e-06
-2.4 0.00706382 4.45071e-06
-2.3 0.00696429 4.09083e-06
-2.2 0.00685977 4.12987e-06
-2.1 0.00674065 4.20431e-06
-2 0.00661616 4.02707e-06
-1.9 0.00649915 4.02526e-06
-1.8 0.00639063 4.20376e-06
-1.7 0.00627889 4.03635e-06
-1.6 0.00615273 4.29728e-06
-1.5 0.00601188 4.07472e-06
-1.4 0.00586604 3.69795e-06
-1.3 0.0057318 3.71267e-06
-1.2 0.00560125 3.82566e-06
-1.1 0.00546363 3.79614e-06
-1 0.00530123 3.76819e-06
-0.9 0.00512796 3.70039e-06
-0.8 0.00495433 3.52872e-06
-0.7 0.00479528 3.55187e-06
-0.6 0.00464097 3.42993e-06
-0.5 0.00447144 3.75964e-06
-0.4 0.0042753 3.62037e-06
-0.3 0.00406685 3.50451e-06
-0.2 0.00377992 3.60792e-06
-0.1 0.0034932 3.34511e-06
0 0.00309693 3.16735e-06
0.1 0.00257161 2.89803e-06
0.2 0.0019694 2.45396e-06
0.3 0.0014404 2.08369e-06
0.4 0.00107377 2.02953e-06
0.5 0.000847293 1.82598e-06
0.6 0.00073308 1.83462e-06
0.7 0.000683727 1.61498e-06
0.8 0.000660222 1.55028e-06
0.9 0.000647325 1.50211e-06
1 0.000641103 1.67092e-06
1.1 0.000631644 1.63009e-06
1.2 0.000625044 1.77534e-06
1.3 0.000617513 1.78478e-06
1.4 0.000610679 1.68079e-06
1.5 0.000604187 1.70122e-06
1.6 0.000597092 1.53144e-06
1.7 0.000590288 1.5962e-06
1.8 0.000584036 1.54318e-06
1.9 0.000577856 1.51242e-06
2 0.000571521 1.51443e-06
2.1 0.00056564 1.63484e-06
2.2 0.00055844 1.52586e-06
2.3 0.000551946 1.51495e-06
2.4 0.000545939 1.44479e-06
2.5 0.000539956 1.43497e-06
2.6 0.000535241 1.42058e-06
2.7 0.000529577 1.28756e-06
2.8 0.000522312 1.38413e-06
2.9 0.000518056 1.31589e-06
3 0.000510172 1.20423e-06
3.1 0.000503861 1.30367e-06
3.2 0.000498974 1.21524e-06
3.3 0.000493968 1.33721e-06
3.4 0.000487879 1.45065e-06
3.5 0.000482942 1.47265e-06
3.6 0.00047818 1.39525e-06
3.7 0.000473727 1.49509e-06
3.8 0.000467791 1.427e-06
3.9 0.000464033 1.52491e-06
4 0.000459626 1.52908e-06
4.1 0.000453601 1.46887e-06
4.2 0.000448678 1.4409e-06
4.3 0.000445318 1.25003e-06
4.4 0.000439435 1.49432e-06
4.5 0.000433376 1.35337e-06
4.6 0.000431184 1.31453e-06
4.7 0.000425986 1.33015e-06
4.8 0.000419168 1.35654e-06
4.9 0.000414994 1.29904e-06
5 0.000410688 1.33048e-06
5.1 0.000407654 1.21847e-06
5.2 0.000402427 1.33241e-06
5.3 0.00039747 1.36962e-06
5.4 0.00039417 1.38524e-06
5.5 0.000389523 1.48331e-06
5.6 0.000384085 1.45129e-06
5.7 0.000380026 1.47503e-06
5.8 0.0003751 1.46879e-06
5.9 0.00037128 1.50676e-06
6 0.000368505 1.49387e-06
6.1 0.00036241 1.41877e-06
6.2 0.000359658 1.33679e-06
6.3 0.000356379 1.3096e-06
6.4 0.000352137 1.21808e-06
6.5 0.00034846 1.20312e-06
6.6 0.000343996 1.25621e-06
6.7 0.000341005 1.25761e-06
6.8 0.000336605 1.21111e-06
6.9 0.000332626 1.31647e-06
7 0.000330129 1.30878e-06
7.1 0.000325073 1.29286e-06
7.2 0.000322606 1.16585e-06
7.3 0.000319957 1.23135e-06
7.4 0.000314926 1.17125e-06
7.5 0.000311654 1.30581e-06
7.6 0.000308911 1.38877e-06
7.7 0.000305671 1.29037e-06
7.8 0.000301447 1.21633e-06
7.9 0.000298195 1.17701e-06
8 0.000292874 1.17357e-06
8.1 0.00028833 1.16292e-06
8.2 0.000284921 1.10476e-06
8.3 0.000280076 1.07697e-06
8.4 0.000276343 1.07133e-06
8.5 0.000274856 1.13432e-06
8.6 0.000273861 1.16456e-06
8.7 0.000268346 1.22172e-06
8.8 0.00026461 1.25886e-06
8.9 0.000261979 1.13783e-06
9 0.000258762 1.27868e-06
9.1 0.000255402 1.22358e-06
9.2 0.00025135 1.15525e-06
9.3 0.000248019 1.07748e-06
9.4 0.000244146 1.09603e-06
9.5 0.000240339 1.14491e-06
9.6 0.000237709 1.13315e-06
9.7 0.000234375 1.03024e-06
9.8 0.000231894 9.61446e-07
9.9 0.000229907 1.01476e-06
10 0.000225737 8.9059e-07
10.1 0.00022192 9.06451e-07
10.2 0.000217777 9.36756e-07
10.3 0.000215202 9.70193e-07
10.4 0.000211704 9.84585e-07
10.5 0.00020912 9.97275e-07
10.6 0.000205395 9.36316e-07
10.7 0.000202517 8.51236e-07
10.8 0.000198978 8.84431e-07
10.9 0.000196806 9.14509e-07
11 0.000194008 8.55251e-07
11.1 0.000191167 9.25889e-07
11.2 0.000186666 8.32813e-07
11.3 0.000183095 7.63679e-07
11.4 0.000180278 8.52906e-07
11.5 0.000177078 8.91502e-07
11.6 0.000173889 8.49502e-07
11.7 0.000170307 8.61556e-07
11.8 0.000165733 8.04464e-07
11.9 0.00016249 8.44765e-07
12 0.000159671 7.83861e-07
12.1 0.00015502 6.98422e-07
12.2 0.00015066 6.28379e-07
