-15.2 35.8349 0.608447
-15.1 36.1849 0.596798
-15 36.7025 0.527954
-14.9 37.1656 0.542178
-14.8 36.5441 0.598172
-14.7 37.2126 0.659019
-14.6 36.7819 0.560467
-14.5 37.257 0.535269
-14.4 37.9691 0.547563
-14.3 36.8492 0.558835
-14.2 37.2473 0.556649
-14.1 38.2781 0.543762
-14 36.498 0.567085
-13.9 38.8875 0.601098
-13.8 37.3855 0.561241
-13.7 38.3416 0.609278
-13.6 37.5765 0.615714
-13.5 38.0953 0.532861
-13.4 36.604 0.586244
-13.3 38.0887 0.529191
-13.2 37.3845 0.576591
-13.1 38.3714 0.553521
-13 37.8722 0.515554
-12.9 38.2659 0.493306
-12.8 38.5918 0.543397
-12.7 37.6924 0.566629
-12.6 38.2945 0.519309
-12.5 38.6498 0.592534
-12.4 38.1072 0.5981
-12.3 38.4093 0.48455
-12.2 39.1748 0.524266
-12.1 37.7008 0.509342
-12 38.2413 0.548837
-11.9 38.3274 0.512163
-11.8 38.7691 0.512885
-11.7 39.1686 0.510328
-11.6 38.8003 0.548962
-11.5 38.805 0.538644
-11.4 38.542 0.535938
-11.3 38.6283 0.514137
-11.2 38.1743 0.467708
-11.1 38.3996 0.510489
-11 38.5694 0.42716
-10.9 39.2954 0.548341
-10.8 39.1097 0.488966
-10.7 39.0352 0.515059
-10.6 38.4027 0.537375
-10.5 39.1993 0.482227
-10.4 38.8654 0.504162
-10.3 39.1296 0.518455
-10.2 38.9274 0.568928
-10.1 39.6999 0.476822
-10 40.234 0.514564
-9.9 40.5459 0.437088
-9.8 41.2707 0.554929
-9.7 42.5569 0.46295
-9.6 42.6825 0.43793
-9.5 41.2178 0.490153
-9.4 42.4483 0.413849
-9.3 41.9289 0.483623
-9.2 41.9159 0.577676
-9.1 42.279 0.473014
-9 41.6162 0.465324
-8.9 42.9553 0.458391
-8.8 42.641 0.480823
-8.7 41.147 0.440734
-8.6 43.4789 0.451437
-8.5 42.784 0.506234
-8.4 43.2387 0.483185
-8.3 41.8304 0.553171
-8.2 43.7909 0.497376
-8.1 43.5126 0.495535
-8 43.0446 0.482402
-7.9 43.159 0.437425
-7.8 42.8501 0.454383
-7.7 42.6103 0.466901
-7.6 43.2764 0.429102
-7.5 43.5062 0.494275
-7.4 43.1997 0.447291
-7.3 43.0331 0.474397
-7.2 43.8981 0.504666
-7.1 42.9571 0.443277
-7 43.5838 0.511495
-6.9 42.9797 0.492331
-6.8 43.135 0.480933
-6.7 43.7401 0.472433
-6.6 43.9778 0.537684
-6.5 43.6246 0.514853
-6.4 43.8936 0.511111
-6.3 44.0496 0.434881
-6.2 43.891 0.447987
-6.1 44.0606 0.451443
-6 43.4237 0.41028
-5.9 44.2187 0.446727
-5.8 44.3433 0.486011
-5.7 44.5979 0.455042
-5.6 44.0275 0.493026
-5.5 44.7088 0.486345
-5.4 44.216 0.409762
-5.3 44.8391 0.457219
-5.2 45.7157 0.504303
-5.1 44.6498 0.43562
-5 45.5364 0.42407
-4.9 45.6076 0.507939
-4.8 45.84 0.550335
-4.7 45.6902 0.502986
-4.6 45.7674 0.415093
-4.5 45.026 0.462548
-4.4 44.7824 0.421021
-4.3 46.0261 0.3917
-4.2 46.5816 0.443275
-4.1 46.3564 0.440988
-4 45.8158 0.48117
-3.9 46.1551 0.459715
-3.8 46.8486 0.394869
-3.7 47.7061 0.412589
-3.6 47.67 0.426879
-3.5 46.3227 0.449645
-3.4 47.2997 0.435691
-3.3 48.276 0.481651
-3.2 47.4875 0.366587
-3.1 48.9264 0.402341
-3 48.8724 0.447866
-2.9 47.9447 0.422868
-2.8 49.2702 0.464143
-2.7 50.1782 0.392433
-2.6 50.0683 0.42972
-2.5 49.794 0.417825
-2.4 49.4077 0.405887
-2.3 49.824 0.454992
-2.2 50.756 0.427997
-2.1 51.7437 0.421128
-2 52.0134 0.399214
-1.9 51.0838 0.427619
-1.8 50.4593 0.431386
-1.7 52.4604 0.414808
-1.6 53.9438 0.384307
-1.5 54.5612 0.370695
-1.4 54.6835 0.417778
-1.3 53.6538 0.338076
-1.2 54.4444 0.464281
-1.1 56.137 0.396499
-1 58.1374 0.352853
-0.9 58.3541 0.413764
-0.8 58.5906 0.400052
-0.7 57.6975 0.353253
-0.6 58.1961 0.354509
-0.5 60.3777 0.362541
-0.4 62.9529 0.342752
-0.3 65.9947 0.323155
-0.2 75.1012 0.33531
-0.1 82.3432 0.312952
0 93.7828 0.238937
0.1 108.792 0.215373
0.2 125.599 0.249401
0.3 122.477 0.275485
0.4 135.539 0.431921
0.5 150.6 0.764243
0.6 170.72 1.95031
0.7 223.403 4.77529
0.8 323.903 16.1796
0.9 523.472 26.2571
1 650.729 39.6281
1.1 672.264 50.5766
1.2 738.23 52.1792
1.3 766.031 53.2636
1.4 677.392 43.2052
1.5 789.185 50.7331
1.6 700.383 50.7171
1.7 775.387 50.8227
1.8 770.107 53.2671
1.9 716.7 52.5139
2 713.225 46.7518
2.1 661.649 43.5877
2.2 749.97 52.8715
2.3 682.18 46.5621
2.4 741.994 51.094
2.5 618.558 44.5746
2.6 681.351 53.228
2.7 710.961 51.48
2.8 715.608 57.4013
2.9 791.722 57.0138
3 731.949 52.161
3.1 797.874 62.4357
3.2 812.119 60.9113
3.3 687.558 42.4414
3.4 627.231 49.9227
3.5 705.602 49.534
3.6 710.676 64.1122
3.7 655.223 44.2942
3.8 679.49 60.6666
3.9 622.488 41.717
4 705.501 54.8763
4.1 763.368 65.5736
4.2 728.305 59.648
4.3 597.353 48.8065
4.4 691.298 48.9103
4.5 812.321 73.5694
4.6 630.452 56.2133
4.7 751.238 71.9997
4.8 652.417 59.2096
4.9 765.163 58.6338
5 717.623 69.2199
5.1 698.587 62.919
5.2 616.871 43.0991
5.3 751.02 66.7799
5.4 650.959 53.7857
5.5 683.114 59.8842
5.6 553.478 53.0318
5.7 560.597 48.2508
5.8 591.499 46.1763
5.9 523.599 47.125
6 618.019 54.4391
6.1 647.786 61.4677
6.2 608.313 68.5535
6.3 637.224 55.8647
6.4 648.525 53.0876
6.5 672.843 63.5722
6.6 661.419 65.7412
6.7 619.952 63.3594
6.8 639.378 51.437
6.9 671.188 61.6386
7 615.923 59.6533
7.1 640.009 72.0988
7.2 676.391 64.4348
7.3 845.132 77.7253
7.4 927.296 85.5243
7.5 873.453 69.3748
7.6 902.398 75.7891
7.7 965.224 81.1836
7.8 806.241 75.5679
7.9 781.555 66.9097
8 791.25 74.6716
8.1 954.764 84.0093
8.2 837.011 78.5577
8.3 828.627 71.7311
8.4 786.605 71.4123
8.5 634.544 63.9281
8.6 790.637 75.1614
8.7 981.487 96.369
8.8 796.07 75.9227
8.9 748.382 61.6582
9 883.777 80.1508
9.1 779.452 89.2427
9.2 745.775 79.7258
9.3 733.366 58.7638
9.4 635.241 70.8679
9.5 838.459 85.0379
9.6 634.651 65.8175
9.7 721.679 67.7421
9.8 722.496 75.6278
9.9 854.181 93.2306
10 938.278 106.737
10.1 768.064 84.476
10.2 900.727 89.9301
10.3 824.182 89.3084
10.4 787.922 84.1455
10.5 810.053 77.3407
10.6 759.237 89.2527
10.7 778.15 90.4916
10.8 700.528 64.8383
10.9 798.09 82.9726
11 934.685 96.7668
11.1 726.479 79.6174
11.2 807.281 125.473
11.3 744.826 96.3413
11.4 739.87 79.5266
11.5 845.205 120.772
11.6 775.68 105.463
11.7 942.94 114.48
11.8 787.777 78.899
11.9 740.286 85.5289
12 804.956 93.6704
12.1 725.033 82.3772
12.2 713.898 94.4479
