-15.2 0.0717676 4.37274e-05
-15.1 0.0723288 4.63836e-05
-15 0.0729247 5.17242e-05
-14.9 0.0734199 4.66613e-05
-14.8 0.0737249 4.52294e-05
-14.7 0.0741999 4.8467e-05
-14.6 0.0744816 4.71045e-05
-14.5 0.0748314 4.73208e-05
-14.4 0.0752683 4.90369e-05
-14.3 0.0754654 5.36976e-05
-14.2 0.0758074 5.38108e-05
-14.1 0.0761261 4.71743e-05
-14 0.0763719 5.34176e-05
-13.9 0.0767409 4.93788e-05
-13.8 0.0769824 4.54678e-05
-13.7 0.0772625 5.42094e-05
-13.6 0.0775198 5.13492e-05
-13.5 0.0778251 4.86033e-05
-13.4 0.0781133 4.98626e-05
-13.3 0.0784081 5.35326e-05
-13.2 0.0786923 4.51414e-05
-13.1 0.0790355 5.22511e-05
-13 0.0793395 4.92848e-05
-12.9 0.0796321 5.41105e-05
-12.8 0.0799053 5.2832e-05
-12.7 0.0802574 4.64233e-05
-12.6 0.0805166 4.79904e-05
-12.5 0.0808283 5.12821e-05
-12.4 0.0811295 5.37368e-05
-12.3 0.0814473 5.25465e-05
-12.2 0.0817672 5.25764e-05
-12.1 0.0820063 5.3177e-05
-12 0.0823924 5.39941e-05
-11.9 0.0826948 4.88971e-05
-11.8 0.0831024 5.44916e-05
-11.7 0.0834188 5.45847e-05
-11.6 0.0837563 5.57623e-05
-11.5 0.0840868 5.71096e-05
-11.4 0.0844845 5.78668e-05
-11.3 0.0848535 5.33013e-05
-11.2 0.0852343 5.0255e-05
-11.1 0.0856573 5.3471e-05
-11 0.0860381 4.97196e-05
-10.9 0.0865023 5.6031e-05
-10.8 0.0870095 5.67734e-05
-10.7 0.0875024 5.85105e-05
-10.6 0.0880445 5.01014e-05
-10.5 0.0886147 5.37917e-05
-10.4 0.0892004 5.69096e-05
-10.3 0.0897935 5.64657e-05
-10.2 0.0906941 4.81217e-05
-10.1 0.0915292 5.3416e-05
-10 0.0926403 6.32607e-05
-9.9 0.0938347 6.35175e-05
-9.8 0.0947727 6.16503e-05
-9.7 0.0952581 5.67335e-05
-9.6 0.0951122 6.41637e-05
-9.5 0.0949854 6.75505e-05
-9.4 0.0951544 5.7402e-05
-9.3 0.0951438 5.59365e-05
-9.2 0.0949185 6.87418e-05
-9.1 0.0948595 5.57626e-05
-9 0.0950132 5.56319e-05
-8.9 0.0950496 5.59162e-05
-8.8 0.0948053 6.20683e-05
-8.7 0.0945999 5.97471e-05
-8.6 0.0947862 6.3453e-05
-8.5 0.0947943 6.63834e-05
-8.4 0.0946147 5.93427e-05
-8.3 0.0944416 5.83897e-05
-8.2 0.0945859 5.314e-05
-8.1 0.0946256 6.67098e-05
-8 0.0944881 6.50138e-05
-7.9 0.0942953 6.07629e-05
-7.8 0.0943258 6.21226e-05
-7.7 0.0944588 6.91053e-05
-7.6 0.0944153 6.30185e-05
-7.5 0.0942135 6.63339e-05
-7.4 0.0940267 6.30755e-05
-7.3 0.0941651 5.81747e-05
-7.2 0.0942791 6.11309e-05
-7.1 0.0940713 6.1324e-05
-7 0.0939585 5.55313e-05
-6.9 0.0940091 6.18548e-05
-6.8 0.0941845 5.74857e-05
-6.7 0.0941745 5.48143e-05
-6.6 0.0940249 5.11585e-05
-6.5 0.093828 5.34473e-05
-6.4 0.0940454 4.81875e-05
-6.3 0.0942685 5.52995e-05
-6.2 0.0942585 5.83291e-05
-6.1 0.0939749 5.3042e-05
-6 0.0939151 6.23337e-05
-5.9 0.0941306 6.08489e-05
-5.8 0.0943265 6.72288e-05
-5.7 0.0942399 6.36318e-05
-5.6 0.0940407 6.54744e-05
-5.5 0.0941512 6.48374e-05
-5.4 0.0943567 6.1074e-05
-5.3 0.0945392 5.82158e-05
-5.2 0.0943925 6.54295e-05
-5.1 0.0942061 5.98683e-05
-5 0.0943031 6.05166e-05
-4.9 0.0946756 5.6909e-05
-4.8 0.0948909 6.22163e-05
-4.7 0.0946961 6.08777e-05
-4.6 0.0944467 6.35268e-05
-4.5 0.094501 6.31865e-05
-4.4 0.0948676 6.0164e-05
-4.3 0.0952339 6.06844e-05
-4.2 0.0951195 6.35668e-05
-4.1 0.0948635 6.32476e-05
-4 0.0948336 6.71395e-05
-3.9 0.0952462 6.71103e-05
-3.8 0.0957193 6.94794e-05
-3.7 0.0957466 6.84653e-05
-3.6 0.0952969 6.72787e-05
-3.5 0.0951001 6.85496e-05
-3.4 0.0956043 6.71245e-05
-3.3 0.0961417 6.81677e-05
-3.2 0.0962035 7.62102e-05
-3.1 0.095877 6.8553e-05
-3 0.0954564 6.89435e-05
-2.9 0.095618 7.04562e-05
-2.8 0.0963759 6.72966e-05
-2.7 0.0967701 6.60854e-05
-2.6 0.096383 7.12571e-05
-2.5 0.0957644 7.0567e-05
-2.4 0.0956029 7.71191e-05
-2.3 0.0962512 7.27075e-05
-2.2 0.0970594 7.51816e-05
-2.1 0.0970275 7.48011e-05
-2 0.0961953 7.21726e-05
-1.9 0.0954785 7.83788e-05
-1.8 0.0956848 7.77411e-05
-1.7 0.0966549 8.18986e-05
-1.6 0.0972918 8.26023e-05
-1.5 0.0967808 8.41875e-05
-1.4 0.0956766 8.07816e-05
-1.3 0.09514 8.30877e-05
-1.2 0.0957265 8.43109e-05
-1.1 0.0967745 8.57276e-05
-1 0.0968652 8.47302e-05
-0.9 0.0956738 7.90922e-05
-0.8 0.094154 8.29728e-05
-0.7 0.0936196 8.58738e-05
-0.6 0.094745 8.52184e-05
-0.5 0.0963609 9.03361e-05
-0.4 0.0974698 8.84205e-05
-0.3 0.0987367 9.48942e-05
-0.2 0.094747 9.85509e-05
-0.1 0.0977824 0.000106188
0 0.0975203 9.90356e-05
0.1 0.0891422 0.000101761
0.2 0.0702859 8.58752e-05
0.3 0.0476002 7.32593e-05
0.4 0.0272928 5.9488e-05
0.5 0.0130873 3.54149e-05
0.6 0.00524093 2.71692e-05
0.7 0.00183342 1.58234e-05
0.8 0.000625738 1.12861e-05
0.9 0.000293509 6.47061e-06
1 0.000237194 6.48692e-06
1.1 0.000208805 5.42417e-06
1.2 0.000202745 5.63551e-06
1.3 0.000210903 5.35368e-06
1.4 0.000215226 6.45057e-06
1.5 0.000195631 4.88915e-06
1.6 0.00020103 5.59544e-06
1.7 0.000203573 6.03045e-06
1.8 0.000197911 5.88988e-06
1.9 0.000193291 5.23093e-06
2 0.000191062 5.87056e-06
2.1 0.000187627 5.87224e-06
2.2 0.000193436 5.12939e-06
2.3 0.000191255 6.06007e-06
2.4 0.00018411 5.82024e-06
2.5 0.00018023 5.79777e-06
2.6 0.000183404 5.2879e-06
2.7 0.000180319 4.76023e-06
2.8 0.000176845 5.38367e-06
2.9 0.000174999 5.66781e-06
3 0.00017888 5.64253e-06
3.1 0.000171847 5.37962e-06
3.2 0.000171091 5.53763e-06
3.3 0.000163532 4.86151e-06
3.4 0.000165479 5.33724e-06
3.5 0.000163246 4.86512e-06
3.6 0.000156948 4.87382e-06
3.7 0.000159652 4.88906e-06
3.8 0.000159825 5.03474e-06
3.9 0.000151894 4.67257e-06
4 0.000152954 4.95625e-06
4.1 0.000148636 5.12077e-06
4.2 0.000153881 4.29575e-06
4.3 0.000143548 5.00991e-06
4.4 0.000149659 5.51667e-06
4.5 0.000143022 4.57266e-06
4.6 0.000140117 4.98763e-06
4.7 0.000138517 4.64658e-06
4.8 0.000140299 5.1505e-06
4.9 0.000133899 5.37202e-06
5 0.000125224 4.22228e-06
5.1 0.000130796 4.14601e-06
5.2 0.000134874 4.39466e-06
5.3 0.000130421 4.53614e-06
5.4 0.000126866 4.74665e-06
5.5 0.00012888 4.19113e-06
5.6 0.00012404 4.80842e-06
5.7 0.00012708 3.79368e-06
5.8 0.000127865 4.60718e-06
5.9 0.000117166 3.6909e-06
6 0.000123769 4.56115e-06
6.1 0.000130148 4.63848e-06
6.2 0.000125419 4.90958e-06
6.3 0.000126873 4.00879e-06
6.4 0.000115814 4.90976e-06
6.5 0.000111041 4.00779e-06
6.6 0.000110309 4.20367e-06
6.7 0.00010629 3.97132e-06
6.8 0.000116525 5.16205e-06
6.9 0.00011539 3.78506e-06
7 0.000110535 3.80207e-06
7.1 0.000103998 4.19917e-06
7.2 0.000100359 3.66505e-06
7.3 0.000106032 3.67122e-06
7.4 9.85884e-05 3.40038e-06
7.5 9.86034e-05 3.9214e-06
7.6 9.58204e-05 3.61605e-06
7.7 0.00010465 4.47477e-06
7.8 0.000101687 3.41445e-06
7.9 0.000100692 4.21282e-06
8 9.65122e-05 3.18704e-06
8.1 9.4503e-05 3.30161e-06
8.2 9.45673e-05 3.56066e-06
8.3 8.55685e-05 3.26047e-06
8.4 9.33251e-05 3.60286e-06
8.5 8.61248e-05 3.30219e-06
8.6 9.6265e-05 3.93538e-06
8.7 8.87568e-05 3.0835e-06
8.8 9.0459e-05 3.71548e-06
8.9 9.78869e-05 3.87606e-06
9 9.2864e-05 4.55093e-06
9.1 8.232e-05 3.35963e-06
9.2 8.49097e-05 3.60446e-06
9.3 8.05387e-05 3.74583e-06
9.4 7.75993e-05 3.23954e-06
9.5 7.81443e-05 3.54331e-06
9.6 8.43526e-05 3.48508e-06
9.7 8.23609e-05 3.42254e-06
9.8 7.85767e-05 3.39341e-06
9.9 7.63695e-05 3.43861e-06
10 7.7494e-05 3.3095e-06
10.1 7.66737e-05 3.69984e-06
10.2 7.43964e-05 3.38036e-06
10.3 7.85248e-05 3.41526e-06
10.4 7.7296e-05 3.66623e-06
10.5 7.45582e-05 3.55651e-06
10.6 6.641e-05 2.89466e-06
10.7 6.7113e-05 3.27376e-06
10.8 7.40165e-05 3.52472e-06
10.9 6.56137e-05 3.00215e-06
11 6.8188e-05 2.70361e-06
11.1 6.44726e-05 3.22769e-06
11.2 6.34563e-05 2.78274e-06
11.3 6.40365e-05 3.06624e-06
11.4 7.03499e-05 3.65103e-06
11.5 6.34369e-05 2.74922e-06
11.6 6.01869e-05 2.95342e-06
11.7 6.49726e-05 3.00135e-06
11.8 6.28675e-05 2.96611e-06
11.9 5.94682e-05 2.72993e-06
12 5.91744e-05 2.94165e-06
12.1 5.898e-05 3.12125e-06
12.2 6.13523e-05 3.21251e-06
