#   DETECTOR OUTPUT MSH/DMSH
#   X BIN:    20 Y BIN:     1 Z BIN:     1
#                DETECTOR TYPE: FLUENCE   
#   X START:-0.130D+02 Y START:-0.500D+00 Z START:-0.100D+00
#   X END  :-0.110D+02 Y END  : 0.500D+00 Z END  : 0.100D+00
#   PRIMARIES: 0.108D+07
-0.1295000E+02  0.0000000E+00  0.0000000E+00  0.9628537125735406E-04  0.2727679859368403E-05
-0.1285000E+02  0.0000000E+00  0.0000000E+00  0.9689219186714955E-04  0.2909968925914349E-05
-0.1275000E+02  0.0000000E+00  0.0000000E+00  0.1004726426531566E-03  0.2984379659574597E-05
-0.1265000E+02  0.0000000E+00  0.0000000E+00  0.1058123650736362E-03  0.2915924632767699E-05
-0.1255000E+02  0.0000000E+00  0.0000000E+00  0.1050979573902903E-03  0.2864731854129243E-05
-0.1245000E+02  0.0000000E+00  0.0000000E+00  0.1106717828682832E-03  0.2762396922949846E-05
-0.1235000E+02  0.0000000E+00  0.0000000E+00  0.1153114529125170E-03  0.2926092085997105E-05
-0.1225000E+02  0.0000000E+00  0.0000000E+00  0.1161790774172638E-03  0.3028898773402159E-05
-0.1215000E+02  0.0000000E+00  0.0000000E+00  0.1238981724535042E-03  0.3094695245859521E-05
-0.1205000E+02  0.0000000E+00  0.0000000E+00  0.1228429697183735E-03  0.3221197857007046E-05
-0.1195000E+02  0.0000000E+00  0.0000000E+00  0.1231253863640540E-03  0.2826085392614763E-05
-0.1185000E+02  0.0000000E+00  0.0000000E+00  0.1233074899643569E-03  0.2917246567028819E-05
-0.1175000E+02  0.0000000E+00  0.0000000E+00  0.1241479548971065E-03  0.3248950678059603E-05
-0.1165000E+02  0.0000000E+00  0.0000000E+00  0.1301580004259345E-03  0.3091321628340537E-05
-0.1155000E+02  0.0000000E+00  0.0000000E+00  0.1330975906489554E-03  0.2860368282475398E-05
-0.1145000E+02  0.0000000E+00  0.0000000E+00  0.1395595661218892E-03  0.2922661269998858E-05
-0.1135000E+02  0.0000000E+00  0.0000000E+00  0.1410890225371369E-03  0.3420011289539479E-05
-0.1125000E+02  0.0000000E+00  0.0000000E+00  0.1427155712714385E-03  0.3451858182377545E-05
-0.1115000E+02  0.0000000E+00  0.0000000E+00  0.1466011077868680E-03  0.3285631580628729E-05
-0.1105000E+02  0.0000000E+00  0.0000000E+00  0.1481162188836407E-03  0.3399861655255104E-05
