#   DETECTOR OUTPUT MSH/DMSH
#   X BIN:    20 Y BIN:     1 Z BIN:     1
#                DETECTOR TYPE: TQ-EFF    
#   X START:-0.130D+02 Y START:-0.500D+00 Z START:-0.100D+00
#   X END  :-0.110D+02 Y END  : 0.500D+00 Z END  : 0.100D+00
#   PRIMARIES: 0.108D+07
-0.1295000E+02  0.0000000E+00  0.0000000E+00  0.4612303390531154E+00  0.2893716052039120E+00
-0.1285000E+02  0.0000000E+00  0.0000000E+00  0.1105975468206994E+02  0.6434610709879213E+01
-0.1275000E+02  0.0000000E+00  0.0000000E+00  0.2100166577476290E+02  0.1169604933239081E+02
-0.1265000E+02  0.0000000E+00  0.0000000E+00  0.8172889185878638E+01  0.4791688938625380E+01
-0.1255000E+02  0.0000000E+00  0.0000000E+00  0.7926852176516141E+01  0.4563127752965774E+01
-0.1245000E+02  0.0000000E+00  0.0000000E+00  0.5328620775030872E+01  0.4013643729935000E+01
-0.1235000E+02  0.0000000E+00  0.0000000E+00  0.1123943082529613E+02  0.7608549228860928E+01
-0.1225000E+02  0.0000000E+00  0.0000000E+00  0.7539688987067697E+01  0.3653478698515664E+01
-0.1215000E+02  0.0000000E+00  0.0000000E+00  0.3189501867395901E+02  0.1398378866594119E+02
-0.1205000E+02  0.0000000E+00  0.0000000E+00  0.8916076605051606E+01  0.3807178733538747E+01
-0.1195000E+02  0.0000000E+00  0.0000000E+00  0.3886865939859057E+02  0.1826344423340760E+02
-0.1185000E+02  0.0000000E+00  0.0000000E+00  0.7970380459995375E+01  0.4623821485480907E+01
-0.1175000E+02  0.0000000E+00  0.0000000E+00  0.1735045267325716E+02  0.1180054586335929E+02
-0.1165000E+02  0.0000000E+00  0.0000000E+00  0.1499307158119936E+02  0.1176118787545762E+02
-0.1155000E+02  0.0000000E+00  0.0000000E+00  0.7584704373553738E+01  0.3450081256275438E+01
-0.1145000E+02  0.0000000E+00  0.0000000E+00  0.9459001600764848E+01  0.6407928795953045E+01
-0.1135000E+02  0.0000000E+00  0.0000000E+00  0.1732749916561896E+02  0.8397744428752819E+01
-0.1125000E+02  0.0000000E+00  0.0000000E+00  0.2975602059235594E+02  0.1641501371189070E+02
-0.1115000E+02  0.0000000E+00  0.0000000E+00  0.1078857451070026E+02  0.5066028493790272E+01
-0.1105000E+02  0.0000000E+00  0.0000000E+00  0.9236043124130132E+01  0.3585573273740580E+01
