#   DETECTOR OUTPUT MSH/DMSH
#   X BIN:    20 Y BIN:     1 Z BIN:     1
#                DETECTOR TYPE: TLET      
#   X START:-0.130D+02 Y START:-0.500D+00 Z START:-0.100D+00
#   X END  :-0.110D+02 Y END  : 0.500D+00 Z END  : 0.100D+00
#   PRIMARIES: 0.101D+07
-0.1295000E+02  0.0000000E+00  0.0000000E+00  0.5218416807700355E+00  0.3204891526567100E+00
-0.1285000E+02  0.0000000E+00  0.0000000E+00  0.5529742800694474E+01  0.2995030123024688E+01
-0.1275000E+02  0.0000000E+00  0.0000000E+00  0.9519340543062793E+01  0.4305421220149791E+01
-0.1265000E+02  0.0000000E+00  0.0000000E+00  0.5286488721063944E+01  0.2416515397304304E+01
-0.1255000E+02  0.0000000E+00  0.0000000E+00  0.4901825014927041E+01  0.2413219905448332E+01
-0.1245000E+02  0.0000000E+00  0.0000000E+00  0.3372141308548303E+01  0.1983026153869845E+01
-0.1235000E+02  0.0000000E+00  0.0000000E+00  0.5785540348312525E+01  0.3118552406533312E+01
-0.1225000E+02  0.0000000E+00  0.0000000E+00  0.4962867068808147E+01  0.2191295559548691E+01
-0.1215000E+02  0.0000000E+00  0.0000000E+00  0.1403939742917171E+02  0.5391445829350148E+01
-0.1205000E+02  0.0000000E+00  0.0000000E+00  0.6461694837089728E+01  0.2355573732653107E+01
-0.1195000E+02  0.0000000E+00  0.0000000E+00  0.1538650198929805E+02  0.6272957411665932E+01
-0.1185000E+02  0.0000000E+00  0.0000000E+00  0.4975152751376466E+01  0.2385422192661152E+01
-0.1175000E+02  0.0000000E+00  0.0000000E+00  0.6685084980477029E+01  0.4268933094080631E+01
-0.1165000E+02  0.0000000E+00  0.0000000E+00  0.6118790630434585E+01  0.3839905559292398E+01
-0.1155000E+02  0.0000000E+00  0.0000000E+00  0.5308374047149896E+01  0.2154871592285681E+01
-0.1145000E+02  0.0000000E+00  0.0000000E+00  0.5275472039751111E+01  0.2709611915147092E+01
-0.1135000E+02  0.0000000E+00  0.0000000E+00  0.8602354980972342E+01  0.3864416603377865E+01
-0.1125000E+02  0.0000000E+00  0.0000000E+00  0.1169949359735453E+02  0.5500365573406789E+01
-0.1115000E+02  0.0000000E+00  0.0000000E+00  0.6994777104973192E+01  0.2829737676507832E+01
-0.1105000E+02  0.0000000E+00  0.0000000E+00  0.6599294880822955E+01  0.2260805325116547E+01
