#   DETECTOR OUTPUT MSH/DMSH
#   X BIN:    20 Y BIN:     1 Z BIN:     1
#                DETECTOR TYPE: DLET      
#   X START:-0.130D+02 Y START:-0.500D+00 Z START:-0.100D+00
#   X END  :-0.110D+02 Y END  : 0.500D+00 Z END  : 0.100D+00
#   PRIMARIES: 0.101D+07
-0.1295000E+02  0.0000000E+00  0.0000000E+00  0.5217867867068291E+00  0.3204865862408500E+00
-0.1285000E+02  0.0000000E+00  0.0000000E+00  0.7796250225811977E+01  0.4294872336853923E+01
-0.1275000E+02  0.0000000E+00  0.0000000E+00  0.1248464161250734E+02  0.5524350490237098E+01
-0.1265000E+02  0.0000000E+00  0.0000000E+00  0.6085994536960375E+01  0.3016976453855977E+01
-0.1255000E+02  0.0000000E+00  0.0000000E+00  0.6195766026435009E+01  0.3250403464869223E+01
-0.1245000E+02  0.0000000E+00  0.0000000E+00  0.4015482037804867E+01  0.2602764223262004E+01
-0.1235000E+02  0.0000000E+00  0.0000000E+00  0.7048234351688575E+01  0.3972370108031667E+01
-0.1225000E+02  0.0000000E+00  0.0000000E+00  0.6692006372859315E+01  0.3136485296096291E+01
-0.1215000E+02  0.0000000E+00  0.0000000E+00  0.1742948480277139E+02  0.6826337903491646E+01
-0.1205000E+02  0.0000000E+00  0.0000000E+00  0.7725360829959058E+01  0.3070459300799322E+01
-0.1195000E+02  0.0000000E+00  0.0000000E+00  0.1853423060195680E+02  0.7578852367668827E+01
-0.1185000E+02  0.0000000E+00  0.0000000E+00  0.6252589565808107E+01  0.3192124251469944E+01
-0.1175000E+02  0.0000000E+00  0.0000000E+00  0.8018445054408312E+01  0.5201933144766171E+01
-0.1165000E+02  0.0000000E+00  0.0000000E+00  0.7341025670719967E+01  0.4630796921367188E+01
-0.1155000E+02  0.0000000E+00  0.0000000E+00  0.6938989181231123E+01  0.3028238988878397E+01
-0.1145000E+02  0.0000000E+00  0.0000000E+00  0.7147876863928603E+01  0.3762322649197210E+01
-0.1135000E+02  0.0000000E+00  0.0000000E+00  0.1154013139918852E+02  0.5162934510260166E+01
-0.1125000E+02  0.0000000E+00  0.0000000E+00  0.1432666523720860E+02  0.6694484119973602E+01
-0.1115000E+02  0.0000000E+00  0.0000000E+00  0.8569224201912352E+01  0.3536072408824689E+01
-0.1105000E+02  0.0000000E+00  0.0000000E+00  0.8765105367887056E+01  0.3254993367766888E+01
