#   DETECTOR OUTPUT MSH/DMSH
#   X BIN:    20 Y BIN:     1 Z BIN:     1
#                DETECTOR TYPE: DQ-EFF    
#   X START:-0.130D+02 Y START:-0.500D+00 Z START:-0.100D+00
#   X END  :-0.110D+02 Y END  : 0.500D+00 Z END  : 0.100D+00
#   PRIMARIES: 0.108D+07
-0.1295000E+02  0.0000000E+00  0.0000000E+00  0.0000000000000000E+00  0.0000000000000000E+00
-0.1285000E+02  0.0000000E+00  0.0000000E+00  0.0000000000000000E+00  0.0000000000000000E+00
-0.1275000E+02  0.0000000E+00  0.0000000E+00  0.0000000000000000E+00  0.0000000000000000E+00
-0.1265000E+02  0.0000000E+00  0.0000000E+00  0.0000000000000000E+00  0.0000000000000000E+00
-0.1255000E+02  0.0000000E+00  0.0000000E+00  0.0000000000000000E+00  0.0000000000000000E+00
-0.1245000E+02  0.0000000E+00  0.0000000E+00  0.0000000000000000E+00  0.0000000000000000E+00
-0.1235000E+02  0.0000000E+00  0.0000000E+00  0.0000000000000000E+00  0.0000000000000000E+00
-0.1225000E+02  0.0000000E+00  0.0000000E+00  0.3863877312698406E+01  0.3580328490622712E+01
-0.1215000E+02  0.0000000E+00  0.0000000E+00  0.1131229207389099E+00  0.1131229207389099E+00
-0.1205000E+02  0.0000000E+00  0.0000000E+00  0.1095657600286671E+00  0.1095657600286671E+00
-0.1195000E+02  0.0000000E+00  0.0000000E+00  0.9589573880690844E+01  0.9589573880690848E+01
-0.1185000E+02  0.0000000E+00  0.0000000E+00  0.3662530486384173E+01  0.3662530486384173E+01
-0.1175000E+02  0.0000000E+00  0.0000000E+00  0.0000000000000000E+00  0.0000000000000000E+00
-0.1165000E+02  0.0000000E+00  0.0000000E+00  0.0000000000000000E+00  0.0000000000000000E+00
-0.1155000E+02  0.0000000E+00  0.0000000E+00  0.0000000000000000E+00  0.0000000000000000E+00
-0.1145000E+02  0.0000000E+00  0.0000000E+00  0.0000000000000000E+00  0.0000000000000000E+00
-0.1135000E+02  0.0000000E+00  0.0000000E+00  0.0000000000000000E+00  0.0000000000000000E+00
-0.1125000E+02  0.0000000E+00  0.0000000E+00  0.0000000000000000E+00  0.0000000000000000E+00
-0.1115000E+02  0.0000000E+00  0.0000000E+00  0.5153818333714212E+01  0.3690095143454321E+01
-0.1105000E+02  0.0000000E+00  0.0000000E+00  0.4707579033008636E+01  0.4256695466623247E+01
