#   DETECTOR OUTPUT MSH/DMSH
#   X BIN:    20 Y BIN:     1 Z BIN:     1
#                DETECTOR TYPE: DQ-EFF    
#   X START:-0.130D+02 Y START:-0.500D+00 Z START:-0.100D+00
#   X END  :-0.110D+02 Y END  : 0.500D+00 Z END  : 0.100D+00
#   PRIMARIES: 0.108D+07
-0.1295000E+02  0.0000000E+00  0.0000000E+00  0.8380310741978257E+03  0.5902673845751552E+03
-0.1285000E+02  0.0000000E+00  0.0000000E+00  0.6697930081538342E+03  0.5226855314305679E+03
-0.1275000E+02  0.0000000E+00  0.0000000E+00  0.1075971125684071E+03  0.8012264275675059E+02
-0.1265000E+02  0.0000000E+00  0.0000000E+00  0.1681010488728438E+04  0.8244226239205194E+03
-0.1255000E+02  0.0000000E+00  0.0000000E+00  0.4960248879443623E+03  0.4129962473141721E+03
-0.1245000E+02  0.0000000E+00  0.0000000E+00  0.6790451464249287E+02  0.6031060596526972E+02
-0.1235000E+02  0.0000000E+00  0.0000000E+00  0.2101321136651240E+03  0.1941825748898914E+03
-0.1225000E+02  0.0000000E+00  0.0000000E+00  0.1339428719016096E+04  0.7641167443526023E+03
-0.1215000E+02  0.0000000E+00  0.0000000E+00  0.1207319378068445E+04  0.6963041212195186E+03
-0.1205000E+02  0.0000000E+00  0.0000000E+00  0.1534311372075203E+04  0.7838079758286970E+03
-0.1195000E+02  0.0000000E+00  0.0000000E+00  0.4256636793403280E+03  0.3331746005939725E+03
-0.1185000E+02  0.0000000E+00  0.0000000E+00  0.1252353225073909E+02  0.7716223748532765E+01
-0.1175000E+02  0.0000000E+00  0.0000000E+00  0.9470501425197729E+03  0.5016986995728495E+03
-0.1165000E+02  0.0000000E+00  0.0000000E+00  0.3444321108339889E+03  0.3254537909467060E+03
-0.1155000E+02  0.0000000E+00  0.0000000E+00  0.9087948400805458E+03  0.5862976376362454E+03
-0.1145000E+02  0.0000000E+00  0.0000000E+00  0.8110577550951386E+03  0.5600898266130968E+03
-0.1135000E+02  0.0000000E+00  0.0000000E+00  0.7968896905926840E+03  0.5368233298108964E+03
-0.1125000E+02  0.0000000E+00  0.0000000E+00  0.1480972271087172E+03  0.6712463531772057E+02
-0.1115000E+02  0.0000000E+00  0.0000000E+00  0.1242583254580212E+04  0.6759347429569732E+03
-0.1105000E+02  0.0000000E+00  0.0000000E+00  0.9188795217491830E+03  0.5302180754658935E+03
