#   DETECTOR OUTPUT MSH/DMSH
#   X BIN:    20 Y BIN:     1 Z BIN:     1
#                DETECTOR TYPE: DLET      
#   X START:-0.130D+02 Y START:-0.500D+00 Z START:-0.100D+00
#   X END  :-0.110D+02 Y END  : 0.500D+00 Z END  : 0.100D+00
#   PRIMARIES: 0.108D+07
-0.1295000E+02  0.0000000E+00  0.0000000E+00  0.1295591850489623E+03  0.9567105973550676E+02
-0.1285000E+02  0.0000000E+00  0.0000000E+00  0.1135714405407389E+03  0.7332660769782392E+02
-0.1275000E+02  0.0000000E+00  0.0000000E+00  0.4783809331096630E+02  0.3473192261046881E+02
-0.1265000E+02  0.0000000E+00  0.0000000E+00  0.2004723284220844E+03  0.1005320534887394E+03
-0.1255000E+02  0.0000000E+00  0.0000000E+00  0.1436841825426716E+03  0.1055843349556157E+03
-0.1245000E+02  0.0000000E+00  0.0000000E+00  0.2708454988804510E+02  0.2245570381627435E+02
-0.1235000E+02  0.0000000E+00  0.0000000E+00  0.6715106500420286E+02  0.5876478323118783E+02
-0.1225000E+02  0.0000000E+00  0.0000000E+00  0.1952177095204229E+03  0.1231483345927226E+03
-0.1215000E+02  0.0000000E+00  0.0000000E+00  0.1896850743695866E+03  0.1054593022124435E+03
-0.1205000E+02  0.0000000E+00  0.0000000E+00  0.1559904440774602E+03  0.7713367507901162E+02
-0.1195000E+02  0.0000000E+00  0.0000000E+00  0.1137083186353933E+03  0.7476060557163127E+02
-0.1185000E+02  0.0000000E+00  0.0000000E+00  0.7479997022247687E+01  0.3854485037915152E+01
-0.1175000E+02  0.0000000E+00  0.0000000E+00  0.2104614279467481E+03  0.1088638753890237E+03
-0.1165000E+02  0.0000000E+00  0.0000000E+00  0.8319771223751577E+02  0.7438834928720597E+02
-0.1155000E+02  0.0000000E+00  0.0000000E+00  0.8585886655568180E+02  0.4850166387243669E+02
-0.1145000E+02  0.0000000E+00  0.0000000E+00  0.9202852073756918E+02  0.5973700435162804E+02
-0.1135000E+02  0.0000000E+00  0.0000000E+00  0.1135202991823098E+03  0.7172542250610398E+02
-0.1125000E+02  0.0000000E+00  0.0000000E+00  0.5636721069236407E+02  0.2471330615509166E+02
-0.1115000E+02  0.0000000E+00  0.0000000E+00  0.1590670281828509E+03  0.7820312590903572E+02
-0.1105000E+02  0.0000000E+00  0.0000000E+00  0.1700074782979570E+03  0.9067624435469739E+02
