#   DETECTOR OUTPUT MSH/DMSH
#   X BIN:    20 Y BIN:     1 Z BIN:     1
#                DETECTOR TYPE: DOSE      
#   X START:-0.130D+02 Y START:-0.500D+00 Z START:-0.100D+00
#   X END  :-0.110D+02 Y END  : 0.500D+00 Z END  : 0.100D+00
#   PRIMARIES: 0.108D+07
-0.1295000E+02  0.0000000E+00  0.0000000E+00  0.5458381563603649E-05  0.1983651267317325E-05
-0.1285000E+02  0.0000000E+00  0.0000000E+00  0.1724573081787366E-04  0.6889333065567974E-05
-0.1275000E+02  0.0000000E+00  0.0000000E+00  0.2978955281245658E-04  0.9275619572992258E-05
-0.1265000E+02  0.0000000E+00  0.0000000E+00  0.2352132414537990E-04  0.7725257081217313E-05
-0.1255000E+02  0.0000000E+00  0.0000000E+00  0.2928858357054259E-04  0.1059502523193132E-04
-0.1245000E+02  0.0000000E+00  0.0000000E+00  0.1640197470827783E-04  0.6439514862614703E-05
-0.1235000E+02  0.0000000E+00  0.0000000E+00  0.1197254604110116E-04  0.3734849728714173E-05
-0.1225000E+02  0.0000000E+00  0.0000000E+00  0.2850648897629439E-04  0.8371817234329635E-05
-0.1215000E+02  0.0000000E+00  0.0000000E+00  0.2255075122066441E-04  0.6423685139260763E-05
-0.1205000E+02  0.0000000E+00  0.0000000E+00  0.1966154200409257E-04  0.5572231558610934E-05
-0.1195000E+02  0.0000000E+00  0.0000000E+00  0.3423229660326717E-04  0.8274230333154972E-05
-0.1185000E+02  0.0000000E+00  0.0000000E+00  0.2338123060662743E-04  0.7249343451806552E-05
-0.1175000E+02  0.0000000E+00  0.0000000E+00  0.1517063706333955E-04  0.4814948435285241E-05
-0.1165000E+02  0.0000000E+00  0.0000000E+00  0.1951100822302477E-04  0.5979859781077113E-05
-0.1155000E+02  0.0000000E+00  0.0000000E+00  0.2145914070059573E-04  0.7536339947162607E-05
-0.1145000E+02  0.0000000E+00  0.0000000E+00  0.1960899211025654E-04  0.4660805334825471E-05
-0.1135000E+02  0.0000000E+00  0.0000000E+00  0.2413088368847179E-04  0.8915305411992295E-05
-0.1125000E+02  0.0000000E+00  0.0000000E+00  0.2982370018256073E-04  0.9347022551550370E-05
-0.1115000E+02  0.0000000E+00  0.0000000E+00  0.2915554016918322E-04  0.8390829887690909E-05
-0.1105000E+02  0.0000000E+00  0.0000000E+00  0.5486326686473913E-04  0.1199242428652416E-04
