#   DETECTOR OUTPUT MSH/DMSH
#   X BIN:    20 Y BIN:     1 Z BIN:     1
#                DETECTOR TYPE: DOSE      
#   X START:-0.130D+02 Y START:-0.500D+00 Z START:-0.100D+00
#   X END  :-0.110D+02 Y END  : 0.500D+00 Z END  : 0.100D+00
#   PRIMARIES: 0.101D+07
-0.1295000E+02  0.0000000E+00  0.0000000E+00  0.2727676425198186E-05  0.1301171804638307E-05
-0.1285000E+02  0.0000000E+00  0.0000000E+00  0.1099542528055185E-04  0.5053383307817960E-05
-0.1275000E+02  0.0000000E+00  0.0000000E+00  0.1759674140357966E-04  0.8110644368561857E-05
-0.1265000E+02  0.0000000E+00  0.0000000E+00  0.1309502841293908E-04  0.5342371874317221E-05
-0.1255000E+02  0.0000000E+00  0.0000000E+00  0.2641877157961067E-04  0.1063365629303210E-04
-0.1245000E+02  0.0000000E+00  0.0000000E+00  0.9259655730322062E-05  0.3231828716606279E-05
-0.1235000E+02  0.0000000E+00  0.0000000E+00  0.1003717716570647E-04  0.3664265914586628E-05
-0.1225000E+02  0.0000000E+00  0.0000000E+00  0.1802919021180788E-04  0.6293491903948523E-05
-0.1215000E+02  0.0000000E+00  0.0000000E+00  0.1916435280585496E-04  0.5963343204068096E-05
-0.1205000E+02  0.0000000E+00  0.0000000E+00  0.1521737615685792E-04  0.5144955751968843E-05
-0.1195000E+02  0.0000000E+00  0.0000000E+00  0.2252793920481638E-04  0.7599464410790953E-05
-0.1185000E+02  0.0000000E+00  0.0000000E+00  0.1056497503175508E-04  0.5014793563263725E-05
-0.1175000E+02  0.0000000E+00  0.0000000E+00  0.8609833905190189E-05  0.3663013472611587E-05
-0.1165000E+02  0.0000000E+00  0.0000000E+00  0.9239956450986820E-05  0.4512861059435205E-05
-0.1155000E+02  0.0000000E+00  0.0000000E+00  0.1577145567260463E-04  0.6847823162352706E-05
-0.1145000E+02  0.0000000E+00  0.0000000E+00  0.1147907130169456E-04  0.3871036756382950E-05
-0.1135000E+02  0.0000000E+00  0.0000000E+00  0.1680016048087689E-04  0.8744432611229335E-05
-0.1125000E+02  0.0000000E+00  0.0000000E+00  0.1993869147327790E-04  0.8158440273376439E-05
-0.1115000E+02  0.0000000E+00  0.0000000E+00  0.1826047286370261E-04  0.7059698133041690E-05
-0.1105000E+02  0.0000000E+00  0.0000000E+00  0.3249223809501746E-04  0.9913318443444670E-05
