#   DETECTOR OUTPUT MSH/DMSH
#   X BIN:    20 Y BIN:     1 Z BIN:     1
#                DETECTOR TYPE: TQ-EFF    
#   X START:-0.130D+02 Y START:-0.500D+00 Z START:-0.100D+00
#   X END  :-0.110D+02 Y END  : 0.500D+00 Z END  : 0.100D+00
#   PRIMARIES: 0.108D+07
-0.1295000E+02  0.0000000E+00  0.0000000E+00  0.9170808206213346E+03  0.6465059236300451E+03
-0.1285000E+02  0.0000000E+00  0.0000000E+00  0.6144834793513643E+03  0.5265963005214110E+03
-0.1275000E+02  0.0000000E+00  0.0000000E+00  0.2370926952033264E+02  0.1222721751841975E+02
-0.1265000E+02  0.0000000E+00  0.0000000E+00  0.1791311151406623E+04  0.8815857571582510E+03
-0.1255000E+02  0.0000000E+00  0.0000000E+00  0.5412817731823985E+03  0.4665617943113692E+03
-0.1245000E+02  0.0000000E+00  0.0000000E+00  0.8028151576005475E+02  0.7500651442100988E+02
-0.1235000E+02  0.0000000E+00  0.0000000E+00  0.1224276154902474E+03  0.1113348828051681E+03
-0.1225000E+02  0.0000000E+00  0.0000000E+00  0.1436665707610393E+04  0.8215111948239695E+03
-0.1215000E+02  0.0000000E+00  0.0000000E+00  0.1276710920111769E+04  0.7378164027085143E+03
-0.1205000E+02  0.0000000E+00  0.0000000E+00  0.1392220052849181E+04  0.7904062698040299E+03
-0.1195000E+02  0.0000000E+00  0.0000000E+00  0.4639608403827758E+03  0.3803690207711674E+03
-0.1185000E+02  0.0000000E+00  0.0000000E+00  0.7970380459995375E+01  0.4623821485480907E+01
-0.1175000E+02  0.0000000E+00  0.0000000E+00  0.7895336132678980E+03  0.5320381922138739E+03
-0.1165000E+02  0.0000000E+00  0.0000000E+00  0.3884071880985664E+03  0.3734478871647979E+03
-0.1155000E+02  0.0000000E+00  0.0000000E+00  0.8815669329131450E+03  0.6106112284318184E+03
-0.1145000E+02  0.0000000E+00  0.0000000E+00  0.8551946241036399E+03  0.5953120946795843E+03
-0.1135000E+02  0.0000000E+00  0.0000000E+00  0.8406956361988091E+03  0.5790691636074449E+03
-0.1125000E+02  0.0000000E+00  0.0000000E+00  0.9891193604630993E+02  0.5539028994507801E+02
-0.1115000E+02  0.0000000E+00  0.0000000E+00  0.1322758080871172E+04  0.7239962134955169E+03
-0.1105000E+02  0.0000000E+00  0.0000000E+00  0.8609440073140956E+03  0.5646564989715798E+03
