#   DETECTOR OUTPUT MSH/DMSH
#   X BIN:    20 Y BIN:     1 Z BIN:     1
#                DETECTOR TYPE: DLET      
#   X START:-0.130D+02 Y START:-0.500D+00 Z START:-0.100D+00
#   X END  :-0.110D+02 Y END  : 0.500D+00 Z END  : 0.100D+00
#   PRIMARIES: 0.101D+07
-0.1295000E+02  0.0000000E+00  0.0000000E+00  0.0000000000000000E+00  0.0000000000000000E+00
-0.1285000E+02  0.0000000E+00  0.0000000E+00  0.0000000000000000E+00  0.0000000000000000E+00
-0.1275000E+02  0.0000000E+00  0.0000000E+00  0.0000000000000000E+00  0.0000000000000000E+00
-0.1265000E+02  0.0000000E+00  0.0000000E+00  0.0000000000000000E+00  0.0000000000000000E+00
-0.1255000E+02  0.0000000E+00  0.0000000E+00  0.0000000000000000E+00  0.0000000000000000E+00
-0.1245000E+02  0.0000000E+00  0.0000000E+00  0.0000000000000000E+00  0.0000000000000000E+00
-0.1235000E+02  0.0000000E+00  0.0000000E+00  0.0000000000000000E+00  0.0000000000000000E+00
-0.1225000E+02  0.0000000E+00  0.0000000E+00  0.1949811953065547E+01  0.1637473256869048E+01
-0.1215000E+02  0.0000000E+00  0.0000000E+00  0.1362125043918717E+00  0.1362125043918717E+00
-0.1205000E+02  0.0000000E+00  0.0000000E+00  0.1324941364802885E+00  0.1324941364802885E+00
-0.1195000E+02  0.0000000E+00  0.0000000E+00  0.3355775345693525E+01  0.3355775345693524E+01
-0.1185000E+02  0.0000000E+00  0.0000000E+00  0.1650633219329248E+01  0.1650633219329248E+01
-0.1175000E+02  0.0000000E+00  0.0000000E+00  0.0000000000000000E+00  0.0000000000000000E+00
-0.1165000E+02  0.0000000E+00  0.0000000E+00  0.0000000000000000E+00  0.0000000000000000E+00
-0.1155000E+02  0.0000000E+00  0.0000000E+00  0.0000000000000000E+00  0.0000000000000000E+00
-0.1145000E+02  0.0000000E+00  0.0000000E+00  0.0000000000000000E+00  0.0000000000000000E+00
-0.1135000E+02  0.0000000E+00  0.0000000E+00  0.0000000000000000E+00  0.0000000000000000E+00
-0.1125000E+02  0.0000000E+00  0.0000000E+00  0.0000000000000000E+00  0.0000000000000000E+00
-0.1115000E+02  0.0000000E+00  0.0000000E+00  0.2505265984570261E+01  0.1782081664677252E+01
-0.1105000E+02  0.0000000E+00  0.0000000E+00  0.2297391390109659E+01  0.1896214574334651E+01
