#   DETECTOR OUTPUT MSH/DMSH
#   X BIN:    20 Y BIN:     1 Z BIN:     1
#                DETECTOR TYPE: TLET      
#   X START:-0.130D+02 Y START:-0.500D+00 Z START:-0.100D+00
#   X END  :-0.110D+02 Y END  : 0.500D+00 Z END  : 0.100D+00
#   PRIMARIES: 0.108D+07
-0.1295000E+02  0.0000000E+00  0.0000000E+00  0.6084799273276843E+00  0.3737807547045529E+00
-0.1285000E+02  0.0000000E+00  0.0000000E+00  0.6564642969509142E+01  0.3563482928225490E+01
-0.1275000E+02  0.0000000E+00  0.0000000E+00  0.1132841517916265E+02  0.5160265000272018E+01
-0.1265000E+02  0.0000000E+00  0.0000000E+00  0.6222037707099322E+01  0.2859947269074664E+01
-0.1255000E+02  0.0000000E+00  0.0000000E+00  0.5778737844044517E+01  0.2855906369649472E+01
-0.1245000E+02  0.0000000E+00  0.0000000E+00  0.3974446640821906E+01  0.2352427699359927E+01
-0.1235000E+02  0.0000000E+00  0.0000000E+00  0.6853832848970578E+01  0.3719891145224465E+01
-0.1225000E+02  0.0000000E+00  0.0000000E+00  0.5839460620545639E+01  0.2583220914380780E+01
-0.1215000E+02  0.0000000E+00  0.0000000E+00  0.1672210417164348E+02  0.6450246660686164E+01
-0.1205000E+02  0.0000000E+00  0.0000000E+00  0.7587478620477476E+01  0.2774379364206806E+01
-0.1195000E+02  0.0000000E+00  0.0000000E+00  0.1844765993710463E+02  0.7568034177243064E+01
-0.1185000E+02  0.0000000E+00  0.0000000E+00  0.5860750146216600E+01  0.2822683016642761E+01
-0.1175000E+02  0.0000000E+00  0.0000000E+00  0.8004385814273638E+01  0.5124451450988882E+01
-0.1165000E+02  0.0000000E+00  0.0000000E+00  0.7323778686233003E+01  0.4640264577195476E+01
-0.1155000E+02  0.0000000E+00  0.0000000E+00  0.6239017207034663E+01  0.2538583282706551E+01
-0.1145000E+02  0.0000000E+00  0.0000000E+00  0.6235697814602284E+01  0.3228305749288973E+01
-0.1135000E+02  0.0000000E+00  0.0000000E+00  0.1020174266511348E+02  0.4593356493888502E+01
-0.1125000E+02  0.0000000E+00  0.0000000E+00  0.1402902567102103E+02  0.6642338504067443E+01
-0.1115000E+02  0.0000000E+00  0.0000000E+00  0.8221984390124531E+01  0.3333800475637150E+01
-0.1105000E+02  0.0000000E+00  0.0000000E+00  0.7752189931973186E+01  0.2662176079031584E+01
