#   DETECTOR OUTPUT MSH/DMSH
#   X BIN:    20 Y BIN:     1 Z BIN:     1
#                DETECTOR TYPE: DLET      
#   X START:-0.130D+02 Y START:-0.500D+00 Z START:-0.100D+00
#   X END  :-0.110D+02 Y END  : 0.500D+00 Z END  : 0.100D+00
#   PRIMARIES: 0.101D+07
-0.1295000E+02  0.0000000E+00  0.0000000E+00  0.1037472043582580E+03  0.7769239065822642E+02
-0.1285000E+02  0.0000000E+00  0.0000000E+00  0.9359680183234663E+02  0.6044665451976289E+02
-0.1275000E+02  0.0000000E+00  0.0000000E+00  0.4147145186060200E+02  0.3063826635844190E+02
-0.1265000E+02  0.0000000E+00  0.0000000E+00  0.1560917454951527E+03  0.7938550829773726E+02
-0.1255000E+02  0.0000000E+00  0.0000000E+00  0.1194519906448443E+03  0.8754216569648398E+02
-0.1245000E+02  0.0000000E+00  0.0000000E+00  0.2247911747057696E+02  0.1860597831906957E+02
-0.1235000E+02  0.0000000E+00  0.0000000E+00  0.5473667023639136E+02  0.4778259466669579E+02
-0.1225000E+02  0.0000000E+00  0.0000000E+00  0.1582541477848763E+03  0.1011484782493412E+03
-0.1215000E+02  0.0000000E+00  0.0000000E+00  0.1537589797008984E+03  0.8653864923119507E+02
-0.1205000E+02  0.0000000E+00  0.0000000E+00  0.1245625887015706E+03  0.6026807170974799E+02
-0.1195000E+02  0.0000000E+00  0.0000000E+00  0.9070790188922740E+02  0.5868200284715058E+02
-0.1185000E+02  0.0000000E+00  0.0000000E+00  0.6252589565808107E+01  0.3192124251469944E+01
-0.1175000E+02  0.0000000E+00  0.0000000E+00  0.1736783746134768E+03  0.8826599047359049E+02
-0.1165000E+02  0.0000000E+00  0.0000000E+00  0.6563932934011797E+02  0.5840796731206338E+02
-0.1155000E+02  0.0000000E+00  0.0000000E+00  0.6587472580848862E+02  0.3619497824521673E+02
-0.1145000E+02  0.0000000E+00  0.0000000E+00  0.6946723174980579E+02  0.4469402813514744E+02
-0.1135000E+02  0.0000000E+00  0.0000000E+00  0.8680130310335385E+02  0.5442404825862464E+02
-0.1125000E+02  0.0000000E+00  0.0000000E+00  0.4634490317348379E+02  0.2040497343849848E+02
-0.1115000E+02  0.0000000E+00  0.0000000E+00  0.1214988799029196E+03  0.5897487324908385E+02
-0.1105000E+02  0.0000000E+00  0.0000000E+00  0.1328405349820892E+03  0.7030887519539394E+02
