#   DETECTOR OUTPUT MSH/DMSH
#   X BIN:    20 Y BIN:     1 Z BIN:     1
#                DETECTOR TYPE: TLET      
#   X START:-0.130D+02 Y START:-0.500D+00 Z START:-0.100D+00
#   X END  :-0.110D+02 Y END  : 0.500D+00 Z END  : 0.100D+00
#   PRIMARIES: 0.108D+07
-0.1295000E+02  0.0000000E+00  0.0000000E+00  0.9063258876755266E+02  0.6671219389912953E+02
-0.1285000E+02  0.0000000E+00  0.0000000E+00  0.7313609918835076E+02  0.4838162609782586E+02
-0.1275000E+02  0.0000000E+00  0.0000000E+00  0.1222263910971267E+02  0.5381079514513659E+01
-0.1265000E+02  0.0000000E+00  0.0000000E+00  0.1476243144571663E+03  0.7184575844233234E+02
-0.1255000E+02  0.0000000E+00  0.0000000E+00  0.1077829141903106E+03  0.7607953403140218E+02
-0.1245000E+02  0.0000000E+00  0.0000000E+00  0.2386629706441137E+02  0.1999055966846071E+02
-0.1235000E+02  0.0000000E+00  0.0000000E+00  0.3419426645541880E+02  0.2752364998996821E+02
-0.1225000E+02  0.0000000E+00  0.0000000E+00  0.1437533888200651E+03  0.9032862366074740E+02
-0.1215000E+02  0.0000000E+00  0.0000000E+00  0.1538389635944595E+03  0.8773876349184818E+02
-0.1205000E+02  0.0000000E+00  0.0000000E+00  0.1105547346700249E+03  0.5931800428111477E+02
-0.1195000E+02  0.0000000E+00  0.0000000E+00  0.8698061872183493E+02  0.5442798853357276E+02
-0.1185000E+02  0.0000000E+00  0.0000000E+00  0.5860750146216600E+01  0.2822683016642761E+01
-0.1175000E+02  0.0000000E+00  0.0000000E+00  0.1143137965337970E+03  0.7343779283949239E+02
-0.1165000E+02  0.0000000E+00  0.0000000E+00  0.6048267992312706E+02  0.5328729402197322E+02
-0.1155000E+02  0.0000000E+00  0.0000000E+00  0.6107256020206694E+02  0.3786914419070637E+02
-0.1145000E+02  0.0000000E+00  0.0000000E+00  0.6943498201896587E+02  0.4542516403138158E+02
-0.1135000E+02  0.0000000E+00  0.0000000E+00  0.8354230543466788E+02  0.5225967738433441E+02
-0.1125000E+02  0.0000000E+00  0.0000000E+00  0.3858022016735133E+02  0.1908920694601472E+02
-0.1115000E+02  0.0000000E+00  0.0000000E+00  0.1196043860976791E+03  0.5764858862614888E+02
-0.1105000E+02  0.0000000E+00  0.0000000E+00  0.1052772245567550E+03  0.6047490343827913E+02
