#   DETECTOR OUTPUT MSH/DMSH
#   X BIN:    20 Y BIN:     1 Z BIN:     1
#                DETECTOR TYPE: TLET      
#   X START:-0.130D+02 Y START:-0.500D+00 Z START:-0.100D+00
#   X END  :-0.110D+02 Y END  : 0.500D+00 Z END  : 0.100D+00
#   PRIMARIES: 0.101D+07
-0.1295000E+02  0.0000000E+00  0.0000000E+00  0.7229582533620705E+02  0.5394365637476704E+02
-0.1285000E+02  0.0000000E+00  0.0000000E+00  0.6024756278619643E+02  0.3969443227150761E+02
-0.1275000E+02  0.0000000E+00  0.0000000E+00  0.1031685739250454E+02  0.4509354040429953E+01
-0.1265000E+02  0.0000000E+00  0.0000000E+00  0.1141786327707037E+03  0.5595807689456228E+02
-0.1255000E+02  0.0000000E+00  0.0000000E+00  0.8959725408498635E+02  0.6291778033381289E+02
-0.1245000E+02  0.0000000E+00  0.0000000E+00  0.1980124750434711E+02  0.1651449985894738E+02
-0.1235000E+02  0.0000000E+00  0.0000000E+00  0.2817350436293504E+02  0.2254616609285057E+02
-0.1225000E+02  0.0000000E+00  0.0000000E+00  0.1162911914433500E+03  0.7393415899919040E+02
-0.1215000E+02  0.0000000E+00  0.0000000E+00  0.1242993561757724E+03  0.7148373714461086E+02
-0.1205000E+02  0.0000000E+00  0.0000000E+00  0.8589818891729493E+02  0.4569562155113073E+02
-0.1195000E+02  0.0000000E+00  0.0000000E+00  0.6931340459654336E+02  0.4232945280059269E+02
-0.1185000E+02  0.0000000E+00  0.0000000E+00  0.4975152751376466E+01  0.2385422192661152E+01
-0.1175000E+02  0.0000000E+00  0.0000000E+00  0.8996373750343727E+02  0.5755971042588972E+02
-0.1165000E+02  0.0000000E+00  0.0000000E+00  0.4728222911819319E+02  0.4128056747046364E+02
-0.1155000E+02  0.0000000E+00  0.0000000E+00  0.4613434009529572E+02  0.2810478580005434E+02
-0.1145000E+02  0.0000000E+00  0.0000000E+00  0.5232699150923025E+02  0.3386212816429529E+02
-0.1135000E+02  0.0000000E+00  0.0000000E+00  0.6367288769580499E+02  0.3932868564251271E+02
-0.1125000E+02  0.0000000E+00  0.0000000E+00  0.3221215995947069E+02  0.1591501627023628E+02
-0.1115000E+02  0.0000000E+00  0.0000000E+00  0.9132484140018869E+02  0.4334459453162903E+02
-0.1105000E+02  0.0000000E+00  0.0000000E+00  0.8132940347144039E+02  0.4593871063350964E+02
