#   DETECTOR OUTPUT MSH/DMSH
#   X BIN:    20 Y BIN:     1 Z BIN:     1
#                DETECTOR TYPE: DLET      
#   X START:-0.130D+02 Y START:-0.500D+00 Z START:-0.100D+00
#   X END  :-0.110D+02 Y END  : 0.500D+00 Z END  : 0.100D+00
#   PRIMARIES: 0.108D+07
-0.1295000E+02  0.0000000E+00  0.0000000E+00  0.6084140101476915E+00  0.3737764857977127E+00
-0.1285000E+02  0.0000000E+00  0.0000000E+00  0.9465803601948101E+01  0.5232802648696525E+01
-0.1275000E+02  0.0000000E+00  0.0000000E+00  0.1514097687497757E+02  0.6748610814972497E+01
-0.1265000E+02  0.0000000E+00  0.0000000E+00  0.7238865274340434E+01  0.3636163112664305E+01
-0.1255000E+02  0.0000000E+00  0.0000000E+00  0.7421500363727871E+01  0.3924729441424171E+01
-0.1245000E+02  0.0000000E+00  0.0000000E+00  0.4802581839418711E+01  0.3151883824790481E+01
-0.1235000E+02  0.0000000E+00  0.0000000E+00  0.8500250748553739E+01  0.4842869439072063E+01
-0.1225000E+02  0.0000000E+00  0.0000000E+00  0.8009639354387893E+01  0.3771995365344974E+01
-0.1215000E+02  0.0000000E+00  0.0000000E+00  0.2117447263236615E+02  0.8342003241454897E+01
-0.1205000E+02  0.0000000E+00  0.0000000E+00  0.9174458485130190E+01  0.3680500778941186E+01
-0.1195000E+02  0.0000000E+00  0.0000000E+00  0.2264727492138509E+02  0.9333202022132687E+01
-0.1185000E+02  0.0000000E+00  0.0000000E+00  0.7479997022247687E+01  0.3854485037915152E+01
-0.1175000E+02  0.0000000E+00  0.0000000E+00  0.9812297729116622E+01  0.6390143946388143E+01
-0.1165000E+02  0.0000000E+00  0.0000000E+00  0.8938052086304854E+01  0.5704227058346961E+01
-0.1155000E+02  0.0000000E+00  0.0000000E+00  0.8281684673025577E+01  0.3636714804910896E+01
-0.1145000E+02  0.0000000E+00  0.0000000E+00  0.8592287768670751E+01  0.4574641369542962E+01
-0.1135000E+02  0.0000000E+00  0.0000000E+00  0.1397092832289940E+02  0.6269756156150238E+01
-0.1125000E+02  0.0000000E+00  0.0000000E+00  0.1751302473215258E+02  0.8249352666388514E+01
-0.1115000E+02  0.0000000E+00  0.0000000E+00  0.1019690698775264E+02  0.4232808052309879E+01
-0.1105000E+02  0.0000000E+00  0.0000000E+00  0.1045212099114838E+02  0.3906303799974050E+01
