#   DETECTOR OUTPUT MSH/DMSH
#   X BIN:    20 Y BIN:     1 Z BIN:     1
#                DETECTOR TYPE: DQ-EFF    
#   X START:-0.130D+02 Y START:-0.500D+00 Z START:-0.100D+00
#   X END  :-0.110D+02 Y END  : 0.500D+00 Z END  : 0.100D+00
#   PRIMARIES: 0.108D+07
-0.1295000E+02  0.0000000E+00  0.0000000E+00  0.4611796692806001E+00  0.2893809273483947E+00
-0.1285000E+02  0.0000000E+00  0.0000000E+00  0.1979995678043351E+02  0.1154208827644815E+02
-0.1275000E+02  0.0000000E+00  0.0000000E+00  0.3131805218030508E+02  0.1551116880938631E+02
-0.1265000E+02  0.0000000E+00  0.0000000E+00  0.1089543220348043E+02  0.7211504970405180E+01
-0.1255000E+02  0.0000000E+00  0.0000000E+00  0.1270073360206864E+02  0.7831637063671012E+01
-0.1245000E+02  0.0000000E+00  0.0000000E+00  0.7869739308875705E+01  0.6537549176406086E+01
-0.1235000E+02  0.0000000E+00  0.0000000E+00  0.1609424089541319E+02  0.1092085411239902E+02
-0.1225000E+02  0.0000000E+00  0.0000000E+00  0.1355223924313023E+02  0.7043483147944102E+01
-0.1215000E+02  0.0000000E+00  0.0000000E+00  0.4496473257784275E+02  0.1929134929804074E+02
-0.1205000E+02  0.0000000E+00  0.0000000E+00  0.1330821110493427E+02  0.6643036060208790E+01
-0.1195000E+02  0.0000000E+00  0.0000000E+00  0.5092243700261722E+02  0.2316895348964082E+02
-0.1185000E+02  0.0000000E+00  0.0000000E+00  0.1252353225073909E+02  0.7716223748532765E+01
-0.1175000E+02  0.0000000E+00  0.0000000E+00  0.2269519737473702E+02  0.1555724598981601E+02
-0.1165000E+02  0.0000000E+00  0.0000000E+00  0.1909608753648941E+02  0.1421794535009812E+02
-0.1155000E+02  0.0000000E+00  0.0000000E+00  0.1325830920781141E+02  0.6656551566749802E+01
-0.1145000E+02  0.0000000E+00  0.0000000E+00  0.1547319657265847E+02  0.1002434369506936E+02
-0.1135000E+02  0.0000000E+00  0.0000000E+00  0.2848683498351889E+02  0.1343909005673775E+02
-0.1125000E+02  0.0000000E+00  0.0000000E+00  0.3952105330804822E+02  0.2055263447357038E+02
-0.1115000E+02  0.0000000E+00  0.0000000E+00  0.1597810552709969E+02  0.7699225505489826E+01
-0.1105000E+02  0.0000000E+00  0.0000000E+00  0.1642488659616988E+02  0.7066055230754053E+01
