#   DETECTOR OUTPUT MSH/DMSH
#   X BIN:    20 Y BIN:     1 Z BIN:     1
#                DETECTOR TYPE: TLET      
#   X START:-0.130D+02 Y START:-0.500D+00 Z START:-0.100D+00
#   X END  :-0.110D+02 Y END  : 0.500D+00 Z END  : 0.100D+00
#   PRIMARIES: 0.108D+07
-0.1295000E+02  0.0000000E+00  0.0000000E+00  0.0000000000000000E+00  0.0000000000000000E+00
-0.1285000E+02  0.0000000E+00  0.0000000E+00  0.0000000000000000E+00  0.0000000000000000E+00
-0.1275000E+02  0.0000000E+00  0.0000000E+00  0.0000000000000000E+00  0.0000000000000000E+00
-0.1265000E+02  0.0000000E+00  0.0000000E+00  0.0000000000000000E+00  0.0000000000000000E+00
-0.1255000E+02  0.0000000E+00  0.0000000E+00  0.0000000000000000E+00  0.0000000000000000E+00
-0.1245000E+02  0.0000000E+00  0.0000000E+00  0.0000000000000000E+00  0.0000000000000000E+00
-0.1235000E+02  0.0000000E+00  0.0000000E+00  0.0000000000000000E+00  0.0000000000000000E+00
-0.1225000E+02  0.0000000E+00  0.0000000E+00  0.1654402665668404E+01  0.1301019497400900E+01
-0.1215000E+02  0.0000000E+00  0.0000000E+00  0.1587191546440490E+00  0.1587191546440490E+00
-0.1205000E+02  0.0000000E+00  0.0000000E+00  0.1542328300661863E+00  0.1542328300661863E+00
-0.1195000E+02  0.0000000E+00  0.0000000E+00  0.3216045721467184E+01  0.3216045721467185E+01
-0.1185000E+02  0.0000000E+00  0.0000000E+00  0.1306440671798159E+01  0.1306440671798158E+01
-0.1175000E+02  0.0000000E+00  0.0000000E+00  0.0000000000000000E+00  0.0000000000000000E+00
-0.1165000E+02  0.0000000E+00  0.0000000E+00  0.0000000000000000E+00  0.0000000000000000E+00
-0.1155000E+02  0.0000000E+00  0.0000000E+00  0.0000000000000000E+00  0.0000000000000000E+00
-0.1145000E+02  0.0000000E+00  0.0000000E+00  0.0000000000000000E+00  0.0000000000000000E+00
-0.1135000E+02  0.0000000E+00  0.0000000E+00  0.0000000000000000E+00  0.0000000000000000E+00
-0.1125000E+02  0.0000000E+00  0.0000000E+00  0.0000000000000000E+00  0.0000000000000000E+00
-0.1115000E+02  0.0000000E+00  0.0000000E+00  0.1869710973552380E+01  0.1335501517501021E+01
-0.1105000E+02  0.0000000E+00  0.0000000E+00  0.2014210644093475E+01  0.1575422471097191E+01
