-15.2 5.51647 0.000519388
-15.1 5.55197 0.000595248
-15 5.58814 0.000683417
-14.9 5.63734 0.000720811
-14.8 5.65321 0.000692188
-14.7 5.69401 0.000717364
-14.6 5.72257 0.000694763
-14.5 5.73475 0.000721153
-14.4 5.78376 0.000739782
-14.3 5.79631 0.000805598
-14.2 5.82566 0.00082766
-14.1 5.85792 0.000807603
-14 5.86807 0.000800156
-13.9 5.91358 0.000747855
-13.8 5.9255 0.000798946
-13.7 5.953 0.000809086
-13.6 5.98283 0.000773433
-13.5 5.99262 0.000861567
-13.4 6.03733 0.000858135
-13.3 6.04793 0.000809684
-13.2 6.08018 0.000746865
-13.1 6.10305 0.000854606
-13 6.12009 0.000868936
-12.9 6.1574 0.000948861
-12.8 6.16642 0.000909962
-12.7 6.20669 0.000832654
-12.6 6.2186 0.000874865
-12.5 6.25087 0.000887155
-12.4 6.27157 0.000910793
-12.3 6.29436 0.000790223
-12.2 6.32447 0.00083396
-12.1 6.34052 0.000844236
-12 6.37624 0.000812453
-11.9 6.38932 0.000862738
-11.8 6.42573 0.000854463
-11.7 6.44078 0.000879277
-11.6 6.47808 0.000982208
-11.5 6.49352 0.000954931
-11.4 6.52727 0.000944931
-11.3 6.54434 0.000890048
-11.2 6.5776 0.00078609
-11.1 6.59756 0.000901191
-11 6.62972 0.000828629
-10.9 6.65029 0.000862629
-10.8 6.68203 0.000916023
-10.7 6.70266 0.000882455
-10.6 6.73559 0.000995619
-10.5 6.75584 0.000810892
-10.4 6.7875 0.000850485
-10.3 6.80459 0.000873865
-10.2 6.85035 0.000935287
-10.1 6.86154 0.000893931
-10 6.90283 0.000942681
-9.9 6.92157 0.00091421
-9.8 6.95353 0.000966456
-9.7 6.98238 0.00101866
-9.6 7.00679 0.000953767
-9.5 7.04539 0.0010085
-9.4 7.06289 0.000960152
-9.3 7.1037 0.000939366
-9.2 7.12394 0.000909589
-9.1 7.1561 0.000955349
-9 7.18923 0.000998409
-8.9 7.21224 0.000946705
-8.8 7.25124 0.00083986
-8.7 7.27638 0.000982524
-8.6 7.30617 0.000879038
-8.5 7.34229 0.000885215
-8.4 7.36882 0.000913622
-8.3 7.40262 0.000908042
-8.2 7.43658 0.000969228
-8.1 7.46608 0.000990284
-8 7.50006 0.000894227
-7.9 7.53392 0.000988865
-7.8 7.56384 0.00104575
-7.7 7.59894 0.000915045
-7.6 7.63398 0.000983476
-7.5 7.66975 0.000943099
-7.4 7.7072 0.000946494
-7.3 7.74627 0.000945452
-7.2 7.78677 0.00100469
-7.1 7.82894 0.00100779
-7 7.87235 0.000903531
-6.9 7.91907 0.000969034
-6.8 7.96452 0.0010053
-6.7 8.0126 0.000995756
-6.6 8.05882 0.000985576
-6.5 8.10605 0.000820235
-6.4 8.15469 0.000963428
-6.3 8.20521 0.000834107
-6.2 8.25727 0.000914755
-6.1 8.30942 0.00099231
-6 8.36396 0.00104767
-5.9 8.41784 0.000980116
-5.8 8.47304 0.00100766
-5.7 8.5297 0.000995586
-5.6 8.59014 0.0010255
-5.5 8.65206 0.000971809
-5.4 8.71296 0.000961668
-5.3 8.77554 0.00102328
-5.2 8.84349 0.00104003
-5.1 8.9082 0.000957166
-5 8.97728 0.000869804
-4.9 9.04761 0.000895139
-4.8 9.11941 0.00098817
-4.7 9.19437 0.000974322
-4.6 9.27203 0.00101369
-4.5 9.35062 0.000993894
-4.4 9.4317 0.00101834
-4.3 9.51625 0.00100847
-4.2 9.60277 0.0010523
-4.1 9.69134 0.000996927
-4 9.78425 0.00102147
-3.9 9.87784 0.00102783
-3.8 9.97743 0.000990855
-3.7 10.0816 0.00090278
-3.6 10.1886 0.0010236
-3.5 10.301 0.000971947
-3.4 10.4181 0.00107591
-3.3 10.5408 0.00100454
-3.2 10.6687 0.00100862
-3.1 10.8004 0.00093142
-3 10.9385 0.000980043
-2.9 11.0821 0.00100911
-2.8 11.2348 0.00090413
-2.7 11.3943 0.000944797
-2.6 11.5638 0.00102768
-2.5 11.7427 0.000993106
-2.4 11.9314 0.00104789
-2.3 12.1299 0.00104004
-2.2 12.3399 0.00106528
-2.1 12.5646 0.00110106
-2 12.8033 0.00109136
-1.9 13.0595 0.00103101
-1.8 13.3375 0.00106613
-1.7 13.6403 0.000944677
-1.6 13.9649 0.000991078
-1.5 14.3178 0.000970667
-1.4 14.7083 0.000994422
-1.3 15.1386 0.00105307
-1.2 15.6165 0.00109903
-1.1 16.1559 0.0010891
-1 16.7649 0.00107009
-0.9 17.4616 0.00110672
-0.8 18.264 0.0011425
-0.7 19.2073 0.00139371
-0.6 20.3454 0.00154261
-0.5 21.7616 0.00160685
-0.4 23.5932 0.00180367
-0.3 26.0644 0.00235575
-0.2 29.5601 0.0030444
-0.1 34.691 0.00387964
0 41.053 0.00489067
0.1 48.3221 0.00639365
0.2 56.0591 0.00807476
0.3 63.1755 0.012089
0.4 69.5106 0.0162701
0.5 75.5185 0.0277277
0.6 80.3934 0.0511333
0.7 82.033 0.0973008
0.8 72.9868 0.209279
0.9 49.4018 0.260981
1 33.9965 0.207438
1.1 28.8397 0.207697
1.2 28.9165 0.198096
1.3 28.7919 0.216679
1.4 28.6662 0.220907
1.5 28.7849 0.202284
1.6 28.6628 0.209253
1.7 28.3222 0.225034
1.8 28.3194 0.225774
1.9 28.3822 0.21722
2 28.0613 0.233178
2.1 28.0902 0.214339
2.2 28.2644 0.2277
2.3 28.3247 0.216466
2.4 28.4843 0.212894
2.5 28.5812 0.224553
2.6 28.2026 0.215938
2.7 27.8928 0.226874
2.8 28.2255 0.238624
2.9 28.1633 0.236953
3 28.3458 0.261916
3.1 28.6546 0.239472
3.2 28.1179 0.219007
3.3 27.8196 0.226975
3.4 27.8488 0.239872
3.5 27.8392 0.245404
3.6 27.6514 0.243762
3.7 27.7645 0.24764
3.8 27.3142 0.240043
3.9 27.5615 0.236233
4 27.7649 0.257008
4.1 27.5901 0.233265
4.2 27.3097 0.224538
4.3 27.7292 0.237571
4.4 27.4537 0.235504
4.5 27.1009 0.233245
4.6 27.6107 0.259242
4.7 27.633 0.232039
4.8 27.2086 0.248963
4.9 27.3855 0.246154
5 27.1432 0.239928
5.1 26.8469 0.216448
5.2 27.1832 0.227187
5.3 27.6057 0.258619
5.4 27.3178 0.255448
5.5 27.0872 0.269814
5.6 27.158 0.241314
5.7 27.437 0.254687
5.8 27.1194 0.241966
5.9 26.8807 0.234332
6 27.0499 0.239292
6.1 26.7079 0.244642
6.2 26.8382 0.257562
6.3 26.4852 0.25514
6.4 26.7293 0.258249
6.5 26.6575 0.247623
6.6 26.7436 0.274034
6.7 26.8087 0.261581
6.8 26.6471 0.249922
6.9 27.1275 0.267211
7 26.5932 0.273254
7.1 26.2737 0.255457
7.2 26.7366 0.242919
7.3 26.7353 0.268424
7.4 26.6658 0.278111
7.5 26.5739 0.259515
7.6 26.7528 0.244468
7.7 26.9762 0.247801
7.8 26.5898 0.273394
7.9 26.5093 0.247786
8 26.4528 0.254493
8.1 26.1994 0.269978
8.2 26.2008 0.233883
8.3 26.3041 0.271319
8.4 26.4564 0.271801
8.5 26.3052 0.257315
8.6 25.6022 0.262866
8.7 26.2703 0.251201
8.8 25.9358 0.23881
8.9 26.3151 0.261012
9 26.2922 0.262642
9.1 26.1042 0.265886
9.2 25.9433 0.277632
9.3 26.0252 0.255955
9.4 26.1278 0.267482
9.5 26.1654 0.2707
9.6 26.0435 0.289166
9.7 26.0564 0.260418
9.8 25.9791 0.263594
9.9 26.1066 0.309922
10 25.5438 0.288078
10.1 25.8216 0.28491
10.2 25.7561 0.299643
10.3 25.8881 0.284224
10.4 25.748 0.283061
10.5 25.9196 0.301341
10.6 25.5821 0.288617
10.7 25.5609 0.294311
10.8 25.4096 0.297457
10.9 25.1175 0.30399
11 25.2271 0.297484
11.1 24.9335 0.308677
11.2 25.2114 0.288901
11.3 25.3472 0.263626
11.4 25.7785 0.282855
11.5 25.6611 0.319092
11.6 25.2675 0.305934
11.7 25.1013 0.308742
11.8 24.9859 0.317103
11.9 25.6045 0.310817
12 25.5834 0.289806
12.1 25.8153 0.304361
12.2 25.497 0.300654
