-15.2 3.92137 2.99816e-06
-15.1 3.9214 3.00537e-06
-15 3.93077 3.16592e-06
-14.9 3.95306 3.12583e-06
-14.8 3.95311 3.12672e-06
-14.7 3.97349 3.5137e-06
-14.6 3.9851 3.32727e-06
-14.5 3.9865 3.59594e-06
-14.4 4.01687 3.6379e-06
-14.3 4.01749 3.5033e-06
-14.2 4.03236 4.13812e-06
-14.1 4.05011 3.68631e-06
-14 4.05084 3.86294e-06
-13.9 4.08019 4.30825e-06
-13.8 4.08319 3.79517e-06
-13.7 4.09813 4.7055e-06
-13.6 4.11648 3.92298e-06
-13.5 4.11888 4.50592e-06
-13.4 4.14814 4.64665e-06
-13.3 4.15032 4.17721e-06
-13.2 4.17091 5.39589e-06
-13.1 4.18425 4.30001e-06
-13 4.19335 5.55747e-06
-12.9 4.21821 4.57426e-06
-12.8 4.22088 5.04921e-06
-12.7 4.2489 5.44875e-06
-12.6 4.25381 4.72222e-06
-12.5 4.27607 6.1611e-06
-12.4 4.28857 4.7184e-06
-12.3 4.30352 6.47431e-06
-12.2 4.32368 4.95487e-06
-12.1 4.33317 6.52015e-06
-12 4.35832 5.45259e-06
-11.9 4.36545 6.40513e-06
-11.8 4.39225 6.03838e-06
-11.7 4.39977 6.21532e-06
-11.6 4.42611 6.62664e-06
-11.5 4.43544 6.16076e-06
-11.4 4.46062 7.01217e-06
-11.3 4.47203 6.23708e-06
-11.2 4.49623 7.34929e-06
-11.1 4.50938 6.47672e-06
-11 4.53311 7.73325e-06
-10.9 4.54749 6.83375e-06
-10.8 4.57128 7.96149e-06
-10.7 4.58647 7.34522e-06
-10.6 4.61068 8.18613e-06
-10.5 4.62653 7.94123e-06
-10.4 4.65054 8.43539e-06
-10.3 4.66341 8.27007e-06
-10.2 4.69997 8.4767e-06
-10.1 4.70598 8.76376e-06
-10 4.73961 8.62941e-06
-9.9 4.75298 9.34294e-06
-9.8 4.77969 9.51853e-06
-9.7 4.80178 9.42647e-06
-9.6 4.82038 8.73414e-06
-9.5 4.85225 9.77197e-06
-9.4 4.86524 9.69287e-06
-9.3 4.90088 9.31842e-06
-9.2 4.91781 1.05708e-05
-9.1 4.9445 9.27542e-06
-9 4.97322 1.09376e-05
-8.9 4.99196 1.0751e-05
-8.8 5.02609 1.04387e-05
-8.7 5.04846 1.20293e-05
-8.6 5.07469 1.09675e-05
-8.5 5.10702 1.2458e-05
-8.4 5.13044 1.24604e-05
-8.3 5.16088 1.19958e-05
-8.2 5.19194 1.25382e-05
-8.1 5.21854 1.29121e-05
-8 5.25035 1.22575e-05
-7.9 5.2823 1.31159e-05
-7.8 5.31198 1.36812e-05
-7.7 5.34457 1.33921e-05
-7.6 5.37822 1.37539e-05
-7.5 5.41086 1.45564e-05
-7.4 5.4447 1.46338e-05
-7.3 5.47999 1.48834e-05
-7.2 5.51548 1.56416e-05
-7.1 5.55146 1.61837e-05
-7 5.58852 1.75491e-05
-6.9 5.62647 1.68393e-05
-6.8 5.66512 1.74933e-05
-6.7 5.70459 1.80831e-05
-6.6 5.74501 1.84382e-05
-6.5 5.78638 1.89565e-05
-6.4 5.82871 1.97392e-05
-6.3 5.87203 2.01498e-05
-6.2 5.91639 2.05507e-05
-6.1 5.96185 2.12113e-05
-6 6.00843 2.18436e-05
-5.9 6.05619 2.26016e-05
-5.8 6.10518 2.34944e-05
-5.7 6.15546 2.40567e-05
-5.6 6.20707 2.48156e-05
-5.5 6.26008 2.5508e-05
-5.4 6.31455 2.62001e-05
-5.3 6.37055 2.73138e-05
-5.2 6.42814 2.8369e-05
-5.1 6.48742 2.96388e-05
-5 6.54847 3.08118e-05
-4.9 6.61136 3.17527e-05
-4.8 6.6762 3.26438e-05
-4.7 6.74308 3.37274e-05
-4.6 6.81212 3.57912e-05
-4.5 6.88343 3.7613e-05
-4.4 6.95714 3.90846e-05
-4.3 7.03338 4.03511e-05
-4.2 7.1123 4.20379e-05
-4.1 7.19409 4.3368e-05
-4 7.27888 4.52858e-05
-3.9 7.36689 4.79776e-05
-3.8 7.45829 5.03245e-05
-3.7 7.55332 5.32711e-05
-3.6 7.65224 5.61281e-05
-3.5 7.75532 5.86825e-05
-3.4 7.86286 6.22668e-05
-3.3 7.97518 6.45555e-05
-3.2 8.09267 6.83058e-05
-3.1 8.2157 7.34048e-05
-3 8.34472 7.66557e-05
-2.9 8.48026 8.14118e-05
-2.8 8.62288 8.6079e-05
-2.7 8.77318 9.68969e-05
-2.6 8.9319 0.000101956
-2.5 9.09997 0.000111681
-2.4 9.27825 0.000120078
-2.3 9.46772 0.000127266
-2.2 9.66991 0.000139866
-2.1 9.88608 0.000153016
-2 10.1181 0.000180255
-1.9 10.3679 0.000203748
-1.8 10.6383 0.000238124
-1.7 10.9321 0.000277682
-1.6 11.2526 0.000308866
-1.5 11.6045 0.00033179
-1.4 11.9938 0.000394706
-1.3 12.427 0.000466021
-1.2 12.9132 0.000509516
-1.1 13.4639 0.000627158
-1 14.0945 0.000701172
-0.9 14.8269 0.000942255
-0.8 15.69 0.00106151
-0.7 16.7251 0.00127942
-0.6 18.0007 0.00163044
-0.5 19.6262 0.0020174
-0.4 21.8039 0.00236767
-0.3 24.9114 0.0034104
-0.2 29.4783 0.00470488
-0.1 36.8377 0.00641916
0 46.6606 0.0087033
0.1 58.6938 0.0117113
0.2 72.4056 0.0150083
0.3 85.7367 0.0243734
0.4 98.4053 0.0326046
0.5 111.307 0.0574008
0.6 124.05 0.10858
0.7 137.069 0.193221
0.8 149.867 0.448924
0.9 160.774 0.959182
1 181.989 2.88355
1.1 307.37 58.9016
1.2 76.0559 44.9114
1.3 0 0
1.4 0 0
1.5 0 0
1.6 0 0
1.7 0 0
1.8 0 0
1.9 0 0
2 0 0
2.1 0 0
2.2 0 0
2.3 0 0
2.4 0 0
2.5 0 0
2.6 0 0
2.7 0 0
2.8 0 0
2.9 0 0
3 0 0
3.1 0 0
3.2 0 0
3.3 0 0
3.4 0 0
3.5 0 0
3.6 0 0
3.7 0 0
3.8 0 0
3.9 0 0
4 0 0
4.1 0 0
4.2 0 0
4.3 0 0
4.4 0 0
4.5 0 0
4.6 0 0
4.7 0 0
4.8 0 0
4.9 0 0
5 0 0
5.1 0 0
5.2 0 0
5.3 0 0
5.4 0 0
5.5 0 0
5.6 0 0
5.7 0 0
5.8 0 0
5.9 0 0
6 0 0
6.1 0 0
6.2 0 0
6.3 0 0
6.4 0 0
6.5 0 0
6.6 0 0
6.7 0 0
6.8 0 0
6.9 0 0
7 0 0
7.1 0 0
7.2 0 0
7.3 0 0
7.4 0 0
7.5 0 0
7.6 0 0
7.7 0 0
7.8 0 0
7.9 0 0
8 0 0
8.1 0 0
8.2 0 0
8.3 0 0
8.4 0 0
8.5 0 0
8.6 0 0
8.7 0 0
8.8 0 0
8.9 0 0
9 0 0
9.1 0 0
9.2 0 0
9.3 0 0
9.4 0 0
9.5 0 0
9.6 0 0
9.7 0 0
9.8 0 0
9.9 0 0
10 0 0
10.1 0 0
10.2 0 0
10.3 0 0
10.4 0 0
10.5 0 0
10.6 0 0
10.7 0 0
10.8 0 0
10.9 0 0
11 0 0
11.1 0 0
11.2 0 0
11.3 0 0
11.4 0 0
11.5 0 0
11.6 0 0
11.7 0 0
11.8 0 0
11.9 0 0
12 0 0
12.1 0 0
12.2 0 0
