-15.2 0.0663754 1.36645e-05
-15.1 0.0668194 1.43842e-05
-15 0.0672476 1.44522e-05
-14.9 0.0678169 1.45773e-05
-14.8 0.0679745 1.56277e-05
-14.7 0.0684267 1.53377e-05
-14.6 0.068725 1.53808e-05
-14.5 0.068816 1.55451e-05
-14.4 0.0693478 1.65731e-05
-14.3 0.0694421 1.63123e-05
-14.2 0.0697317 1.59245e-05
-14.1 0.0700524 1.69396e-05
-14 0.0701057 1.60997e-05
-13.9 0.0705787 1.59071e-05
-13.8 0.0706457 1.65666e-05
-13.7 0.0708935 1.72467e-05
-13.6 0.0711645 1.66579e-05
-13.5 0.0711985 1.74315e-05
-13.4 0.0716489 1.75363e-05
-13.3 0.0716882 1.6717e-05
-13.2 0.0719827 1.52635e-05
-13.1 0.072162 1.65502e-05
-13 0.0722724 1.63023e-05
-12.9 0.0726193 1.72208e-05
-12.8 0.072628 1.69585e-05
-12.7 0.073004 1.63875e-05
-12.6 0.0730455 1.69644e-05
-12.5 0.0733212 1.6466e-05
-12.4 0.0734582 1.77289e-05
-12.3 0.0736185 1.62598e-05
-12.2 0.0738657 1.77132e-05
-12.1 0.0739428 1.75915e-05
-12 0.0742517 1.6794e-05
-11.9 0.0742898 1.83665e-05
-11.8 0.0745989 1.76546e-05
-11.7 0.0746635 1.75887e-05
-11.6 0.0749811 1.88729e-05
-11.5 0.0750386 1.77705e-05
-11.4 0.0753055 1.82255e-05
-11.3 0.0753835 1.81911e-05
-11.2 0.0756487 1.70716e-05
-11.1 0.0757544 1.82128e-05
-11 0.0759971 1.72023e-05
-10.9 0.076104 1.77981e-05
-10.8 0.0763376 1.74272e-05
-10.7 0.0764435 1.8087e-05
-10.6 0.0766902 1.9022e-05
-10.5 0.0767868 1.71886e-05
-10.4 0.0770123 1.77554e-05
-10.3 0.0770881 1.79177e-05
-10.2 0.0774319 1.84195e-05
-10.1 0.0774223 1.83255e-05
-10 0.0777492 1.97953e-05
-9.9 0.0778151 1.9113e-05
-9.8 0.0780275 1.91028e-05
-9.7 0.078212 2.0386e-05
-9.6 0.0783404 1.93473e-05
-9.5 0.0786247 1.89049e-05
-9.4 0.0786697 1.9574e-05
-9.3 0.0789737 1.9761e-05
-9.2 0.0790476 1.9765e-05
-9.1 0.0792485 1.9343e-05
-9 0.0794595 1.91434e-05
-8.9 0.0795585 1.95731e-05
-8.8 0.0798317 1.95112e-05
-8.7 0.0799486 2.10029e-05
-8.6 0.0801167 1.96989e-05
-8.5 0.080355 1.99615e-05
-8.4 0.0804815 1.9524e-05
-8.3 0.0806871 1.95442e-05
-8.2 0.0808923 1.938e-05
-8.1 0.0810503 1.98391e-05
-8 0.0812499 2.01481e-05
-7.9 0.0814445 1.88929e-05
-7.8 0.0815951 1.95196e-05
-7.7 0.0818029 1.90846e-05
-7.6 0.0820071 2.02903e-05
-7.5 0.0822168 1.85039e-05
-7.4 0.0824376 1.91915e-05
-7.3 0.0826797 2.09206e-05
-7.2 0.0829307 2.11263e-05
-7.1 0.0832012 2.06875e-05
-7 0.0834815 2.02115e-05
-6.9 0.0837955 2.12182e-05
-6.8 0.0840932 2.1185e-05
-6.7 0.0844154 2.16208e-05
-6.6 0.0847137 2.17514e-05
-6.5 0.0850213 1.88042e-05
-6.4 0.0853366 1.94648e-05
-6.3 0.0856745 1.97024e-05
-6.2 0.0860251 2.09241e-05
-6.1 0.0863712 2.24102e-05
-6 0.0867404 2.28587e-05
-5.9 0.0870946 2.19076e-05
-5.8 0.0874614 2.30995e-05
-5.7 0.0878368 2.25969e-05
-5.6 0.0882511 2.25491e-05
-5.5 0.0886805 2.1855e-05
-5.4 0.0890869 2.07196e-05
-5.3 0.0895099 2.25054e-05
-5.2 0.0899874 2.22291e-05
-5.1 0.0904256 2.19386e-05
-5 0.0909064 2.16073e-05
-4.9 0.0913895 2.0815e-05
-4.8 0.0918856 2.28489e-05
-4.7 0.0924092 2.23955e-05
-4.6 0.0929559 2.15997e-05
-4.5 0.0935028 2.22637e-05
-4.4 0.0940636 2.16423e-05
-4.3 0.0946643 2.14081e-05
-4.2 0.0952834 2.27522e-05
-4.1 0.0959067 2.23095e-05
-4 0.0965768 2.29758e-05
-3.9 0.0972355 2.20783e-05
-3.8 0.0979546 2.25314e-05
-3.7 0.0987098 2.22454e-05
-3.6 0.0994826 2.37818e-05
-3.5 0.100301 2.35778e-05
-3.4 0.10116 2.39225e-05
-3.3 0.102069 2.42051e-05
-3.2 0.103018 2.44181e-05
-3.1 0.103996 2.38661e-05
-3 0.105019 2.56329e-05
-2.9 0.106091 2.55926e-05
-2.8 0.10724 2.54985e-05
-2.7 0.108436 2.53062e-05
-2.6 0.109723 2.59135e-05
-2.5 0.111094 2.60857e-05
-2.4 0.112532 2.60152e-05
-2.3 0.114053 2.67318e-05
-2.2 0.115669 2.71126e-05
-2.1 0.117406 2.59874e-05
-2 0.119244 2.70755e-05
-1.9 0.121237 2.6474e-05
-1.8 0.12341 2.68862e-05
-1.7 0.125799 2.79105e-05
-1.6 0.128356 2.79767e-05
-1.5 0.131147 2.85416e-05
-1.4 0.134256 2.96081e-05
-1.3 0.137688 3.13944e-05
-1.2 0.1415 3.27813e-05
-1.1 0.145809 3.23462e-05
-1 0.150684 3.37895e-05
-0.9 0.156246 3.47569e-05
-0.8 0.162629 3.6718e-05
-0.7 0.170076 3.93918e-05
-0.6 0.178967 4.00456e-05
-0.5 0.189868 4.1719e-05
-0.4 0.203592 4.45106e-05
-0.3 0.221195 4.91409e-05
-0.2 0.242488 5.67684e-05
-0.1 0.266155 6.53669e-05
0 0.27599 7.15914e-05
0.1 0.25653 7.39444e-05
0.2 0.20344 6.49538e-05
0.3 0.135402 5.44896e-05
0.4 0.0773282 4.27918e-05
0.5 0.0368539 2.86521e-05
0.6 0.0144479 1.91829e-05
0.7 0.00468211 1.0941e-05
0.8 0.00131103 6.06608e-06
0.9 0.000396431 3.23688e-06
1 0.000204155 2.02021e-06
1.1 0.000160872 1.94077e-06
1.2 0.000160544 1.87216e-06
1.3 0.000158574 1.77157e-06
1.4 0.000156161 1.92447e-06
1.5 0.000156579 1.74835e-06
1.6 0.000153262 1.89835e-06
1.7 0.0001502 1.95017e-06
1.8 0.000150345 1.8975e-06
1.9 0.000147871 1.74119e-06
2 0.000144632 1.76853e-06
2.1 0.000143525 1.75274e-06
2.2 0.000143748 1.66713e-06
2.3 0.000142451 1.69734e-06
2.4 0.000142809 1.67921e-06
2.5 0.000141224 1.74662e-06
2.6 0.00013577 1.71571e-06
2.7 0.000133994 1.89238e-06
2.8 0.000133756 1.71227e-06
2.9 0.000131907 1.83946e-06
3 0.000132457 1.78567e-06
3.1 0.000133504 1.79215e-06
3.2 0.000127716 1.59947e-06
3.3 0.00012345 1.43317e-06
3.4 0.000124075 1.67446e-06
3.5 0.000123391 1.64206e-06
3.6 0.000122184 1.71486e-06
3.7 0.000120865 1.76415e-06
3.8 0.000117272 1.66455e-06
3.9 0.000118476 1.64681e-06
4 0.000118281 1.56032e-06
4.1 0.000116687 1.53495e-06
4.2 0.000115103 1.65493e-06
4.3 0.00011695 1.75152e-06
4.4 0.000114196 1.58108e-06
4.5 0.000111654 1.58893e-06
4.6 0.000112606 1.57018e-06
4.7 0.000110756 1.42867e-06
4.8 0.00010745 1.45295e-06
4.9 0.000106083 1.3916e-06
5 0.000104799 1.56112e-06
5.1 0.000103076 1.45875e-06
5.2 0.000103804 1.49743e-06
5.3 0.000105472 1.54935e-06
5.4 0.00010323 1.4521e-06
5.5 0.000101249 1.38405e-06
5.6 0.000100977 1.41171e-06
5.7 0.000101485 1.51022e-06
5.8 9.92895e-05 1.42087e-06
5.9 9.79442e-05 1.34369e-06
6 9.65567e-05 1.26484e-06
6.1 9.38467e-05 1.32558e-06
6.2 9.31381e-05 1.36146e-06
6.3 9.12824e-05 1.43904e-06
6.4 9.2166e-05 1.3701e-06
6.5 9.07751e-05 1.30318e-06
6.6 8.98444e-05 1.37399e-06
6.7 8.96578e-05 1.41794e-06
6.8 8.86279e-05 1.3553e-06
6.9 9.01864e-05 1.41656e-06
7 8.61911e-05 1.32687e-06
7.1 8.49305e-05 1.25574e-06
7.2 8.57454e-05 1.27134e-06
7.3 8.48677e-05 1.30805e-06
7.4 8.36212e-05 1.35311e-06
7.5 8.23353e-05 1.29257e-06
7.6 8.284e-05 1.25028e-06
7.7 8.32e-05 1.18913e-06
7.8 8.07749e-05 1.18002e-06
7.9 7.99804e-05 1.06475e-06
8 8.01489e-05 1.23169e-06
8.1 7.82775e-05 1.2675e-06
8.2 7.73514e-05 1.10943e-06
8.3 7.65275e-05 1.13914e-06
8.4 7.63052e-05 1.25808e-06
8.5 7.50699e-05 1.20468e-06
8.6 7.27374e-05 1.21776e-06
8.7 7.53405e-05 1.24386e-06
8.8 7.30126e-05 1.18435e-06
8.9 7.46781e-05 1.27312e-06
9 7.36803e-05 1.28338e-06
9.1 7.0751e-05 1.2098e-06
9.2 6.96619e-05 1.10239e-06
9.3 6.92215e-05 1.10312e-06
9.4 6.90572e-05 1.16514e-06
9.5 6.86688e-05 1.22651e-06
9.6 6.80894e-05 1.09631e-06
9.7 6.75941e-05 1.08266e-06
9.8 6.70845e-05 1.0689e-06
9.9 6.65826e-05 1.20215e-06
10 6.46582e-05 1.1029e-06
10.1 6.56167e-05 1.14357e-06
10.2 6.44743e-05 1.2766e-06
10.3 6.47402e-05 1.17311e-06
10.4 6.40134e-05 1.25679e-06
10.5 6.34076e-05 1.12749e-06
10.6 6.17035e-05 1.13412e-06
10.7 6.13125e-05 1.05917e-06
10.8 6.04143e-05 1.10398e-06
10.9 5.97873e-05 1.23261e-06
11 5.98247e-05 1.15604e-06
11.1 5.74837e-05 1.12205e-06
11.2 5.79138e-05 1.08091e-06
11.3 5.85215e-05 1.08638e-06
11.4 5.96079e-05 1.0564e-06
11.5 5.79081e-05 1.04705e-06
11.6 5.61688e-05 1.06714e-06
11.7 5.5242e-05 1.04468e-06
11.8 5.49955e-05 1.10488e-06
11.9 5.71886e-05 1.06422e-06
12 5.59344e-05 8.95361e-07
12.1 5.63994e-05 9.7751e-07
12.2 5.42455e-05 9.49029e-07
