-15.2 122.946 0.853148
-15.1 123.078 0.809034
-15 123.849 0.931626
-14.9 124.506 0.892734
-14.8 123.493 0.764554
-14.7 123.252 0.780683
-14.6 123.703 0.797927
-14.5 124.877 0.899005
-14.4 124.479 0.759157
-14.3 124.637 0.845938
-14.2 126.744 0.761922
-14.1 123.324 0.787636
-14 126.479 0.805477
-13.9 125.064 0.81648
-13.8 125.003 0.854221
-13.7 125.935 0.821349
-13.6 124.085 0.84559
-13.5 125.576 0.852195
-13.4 124.771 0.820387
-13.3 126.788 0.832494
-13.2 127.047 0.836117
-13.1 125.541 0.830521
-13 125.296 0.779492
-12.9 125.397 0.759248
-12.8 125.737 0.844194
-12.7 126.572 0.795165
-12.6 127.292 0.888607
-12.5 127.373 0.812004
-12.4 126.702 0.783844
-12.3 127.954 0.877206
-12.2 126.592 0.813099
-12.1 126.119 0.813245
-12 125.071 0.78131
-11.9 126.279 0.812899
-11.8 126.359 0.826477
-11.7 125.146 0.879618
-11.6 127.906 0.844027
-11.5 127.016 0.829628
-11.4 126.768 0.780341
-11.3 125.83 0.816583
-11.2 126.731 0.785357
-11.1 126.154 0.774259
-11 126.476 0.72162
-10.9 127.171 0.81285
-10.8 126.05 0.752488
-10.7 126.343 0.854696
-10.6 126.891 0.763849
-10.5 125.216 0.766559
-10.4 126.983 0.806128
-10.3 125.658 0.721784
-10.2 127.465 0.729466
-10.1 127.746 0.816353
-10 126.215 0.77377
-9.9 127.767 0.832585
-9.8 126.319 0.748239
-9.7 126.57 0.735641
-9.6 125.995 0.748323
-9.5 127.454 0.78585
-9.4 125.496 0.787827
-9.3 126.827 0.7341
-9.2 126.426 0.742756
-9.1 126.009 0.716876
-9 125.782 0.782378
-8.9 126.233 0.700273
-8.8 127.483 0.741643
-8.7 126.406 0.735702
-8.6 125.354 0.745509
-8.5 126.268 0.830064
-8.4 126.674 0.796915
-8.3 125.849 0.725937
-8.2 125.337 0.72535
-8.1 125.905 0.76719
-8 126.773 0.734701
-7.9 126.743 0.727962
-7.8 126.603 0.818705
-7.7 125.326 0.718892
-7.6 125.496 0.705499
-7.5 nan nan
-7.4 126.434 0.702311
-7.3 124.936 0.796587
-7.2 126.027 0.683697
-7.1 126.225 0.770984
-7 124.752 0.751029
-6.9 125.886 0.745756
-6.8 125.553 0.728628
-6.7 125.292 0.742432
-6.6 125.722 0.724323
-6.5 124.471 0.639966
-6.4 126.173 0.730143
-6.3 126.799 0.712403
-6.2 124.918 0.727625
-6.1 128.315 0.749943
-6 126.749 0.717421
-5.9 126.451 0.675131
-5.8 125.488 0.684418
-5.7 125.751 0.755397
-5.6 126.569 0.722361
-5.5 125.692 0.712062
-5.4 127.001 0.663952
-5.3 126.083 0.711285
-5.2 124.844 0.674895
-5.1 125.841 0.67214
-5 126.998 0.677905
-4.9 127.581 0.681858
-4.8 126.593 0.748334
-4.7 126.679 0.662449
-4.6 127.053 0.687488
-4.5 126.236 0.743471
-4.4 126.493 0.715023
-4.3 126.375 0.716314
-4.2 126.39 0.651678
-4.1 127.708 0.71664
-4 126.982 0.700297
-3.9 127.101 0.657205
-3.8 126.602 0.659221
-3.7 127.315 0.684939
-3.6 126.851 0.625919
-3.5 126.62 0.606993
-3.4 126.528 0.62171
-3.3 127.627 0.645049
-3.2 126.645 0.615184
-3.1 126.751 0.637701
-3 127.645 0.605461
-2.9 128.117 0.618062
-2.8 126.685 0.567085
-2.7 127.841 0.64035
-2.6 128.691 0.619106
-2.5 nan nan
-2.4 129.106 0.564219
-2.3 128.31 0.61474
-2.2 128.512 0.58366
-2.1 128.006 0.582934
-2 128.475 0.633087
-1.9 128.16 0.581985
-1.8 127.162 0.577127
-1.7 127.504 0.538463
-1.6 127.147 0.622484
-1.5 126.486 0.548639
-1.4 127.321 0.513349
-1.3 127.182 0.511948
-1.2 126.315 0.568165
-1.1 126.578 0.504493
-1 124.873 0.513264
-0.9 123.932 0.506746
-0.8 124.019 0.513696
-0.7 122.233 0.45924
-0.6 120.88 0.403164
-0.5 118.38 0.387881
-0.4 117.275 0.38325
-0.3 117.646 0.3559
-0.2 121.901 0.303646
-0.1 135.569 0.236144
0 156.849 0.221611
0.1 185.151 0.194303
0.2 218.584 0.188909
0.3 247.976 0.220684
0.4 279.605 0.323083
0.5 314.14 0.514445
0.6 366.084 1.14552
0.7 474.521 3.34146
0.8 793.277 10.3372
0.9 1702.76 34.3706
1 2572.68 52.8975
1.1 3237.76 67.5358
1.2 3115.4 67.8503
1.3 3157.59 68.2023
1.4 3073.8 62.6857
1.5 3015.89 65.08
1.6 3107.22 67.8817
1.7 3110.15 66.208
1.8 2992.67 71.7591
1.9 3240.88 75.2567
2 3124.51 68.9987
2.1 3086.3 60.3468
2.2 3138.87 66.4799
2.3 3070.57 67.7002
2.4 3020.97 67.073
2.5 2980.64 74.3733
2.6 2991.39 71.0431
2.7 3024.32 67.9763
2.8 3039.05 70.515
2.9 3220.17 79.2551
3 3040.24 79.7697
3.1 3127.09 75.2803
3.2 3132.59 71.1003
3.3 2980.12 72.0002
3.4 3145.09 73.3959
3.5 3037.54 67.4112
3.6 3227.79 76.8921
3.7 2973.71 70.0458
3.8 3077.93 74.4323
3.9 2950.99 67.2346
4 3077.66 81.5682
4.1 3083.24 75.5377
4.2 3172.2 73.9786
4.3 3090.33 81.9661
4.4 3017.96 72.9737
4.5 2848.51 71.8726
4.6 2931.72 72.8477
4.7 3045.31 81.8229
4.8 3024.88 78.5851
4.9 2995.71 79.3285
5 3065.82 77.6404
5.1 3050.69 80.5938
5.2 2881.16 74.5601
5.3 2978.26 78.5605
5.4 2883.25 72.6432
5.5 3034.87 84.8976
5.6 2937.35 90.398
5.7 2988.9 73.1421
5.8 2972.94 91.0128
5.9 2947.17 81.4143
6 2833.99 83.481
6.1 2962.82 85.1384
6.2 3066.28 86.7207
6.3 2962.24 79.161
6.4 2914.65 87.9794
6.5 2929.09 80.8928
6.6 2894.77 79.3073
6.7 3000.95 87.2818
6.8 2934.52 83.0004
6.9 2918.11 90.5171
7 2874.88 91.7912
7.1 3219.61 101.018
7.2 2806.67 88.7197
7.3 2943.23 80.0732
7.4 2836.65 71.1908
7.5 2963.55 85.8964
7.6 3083.55 85.4821
7.7 3043.77 78.6088
7.8 2952.16 88.8429
7.9 2947.06 87.1755
8 3069.37 81.6286
8.1 3083.49 94.4676
8.2 2961.9 91.9833
8.3 2936.75 90.7086
8.4 2857.96 86.9517
8.5 3011.05 88.0378
8.6 3046.63 101.595
8.7 2925.46 91.3363
8.8 2935.43 88.7131
8.9 2826.35 96.6824
9 2744.76 81.9211
9.1 2768.95 85.3117
9.2 3000.44 93.9098
9.3 2716.18 89.8927
9.4 2904.9 101.201
9.5 2929.64 88.1477
9.6 2761.8 96.1592
9.7 2821.13 89.3323
9.8 2727.32 88.6531
9.9 2826.55 97.4621
10 2895.41 92.9234
10.1 2774.9 89.9777
10.2 2893.43 103.474
10.3 2824.17 90.1108
10.4 2688.93 98.1572
10.5 2827.15 105.779
10.6 2750.13 96.3104
10.7 2927.97 110.756
10.8 2850.93 103.097
10.9 2971.36 108.996
11 2714.99 92.514
11.1 2987.24 104.958
11.2 2820.75 107.647
11.3 2761.54 90.8552
11.4 2654.06 91.7421
11.5 2698.24 102.844
11.6 2757.3 105.814
11.7 2787.93 106.376
11.8 2973.97 94.0497
11.9 2580.51 100.579
12 2660.71 93.7737
12.1 2602.31 96.5654
12.2 2732.98 97.7741
