-15.2 4.27732 0.00226565
-15.1 4.3233 0.00211047
-15 4.36493 0.002357
-14.9 4.40872 0.00234468
-14.8 4.42718 0.00214331
-14.7 4.46121 0.00205595
-14.6 4.48888 0.00210092
-14.5 4.50572 0.00227834
-14.4 4.54441 0.00198654
-14.3 4.56136 0.00220856
-14.2 4.59166 0.00236568
-14.1 4.612 0.00214281
-14 4.63195 0.00238537
-13.9 4.66606 0.00214119
-13.8 4.67816 0.00234654
-13.7 4.70379 0.00240436
-13.6 4.72425 0.0023314
-13.5 4.73865 0.00232165
-13.4 4.77323 0.00231261
-13.3 4.78956 0.00232208
-13.2 4.81533 0.00212357
-13.1 4.83586 0.00235392
-13 4.85102 0.00230857
-12.9 4.88082 0.00232444
-12.8 4.89161 0.00235802
-12.7 4.92863 0.0024519
-12.6 4.93844 0.00256173
-12.5 4.96657 0.00215044
-12.4 4.9843 0.00239037
-12.3 5.00606 0.0024084
-12.2 5.03166 0.00238527
-12.1 5.04307 0.00246866
-12 5.06973 0.00212658
-11.9 5.08588 0.0023525
-11.8 5.1185 0.00238381
-11.7 5.12976 0.00251436
-11.6 5.16814 0.00249022
-11.5 5.18044 0.00251774
-11.4 5.21047 0.00242035
-11.3 5.22376 0.00256505
-11.2 5.25623 0.00232478
-11.1 5.27069 0.00237267
-11 5.30258 0.00224927
-10.9 5.32021 0.00238012
-10.8 5.34644 0.00222781
-10.7 5.36549 0.00259765
-10.6 5.39853 0.00242392
-10.5 5.41427 0.00231356
-10.4 5.44624 0.00232803
-10.3 5.45773 0.00238217
-10.2 5.502 0.00238778
-10.1 5.51535 0.00262361
-10 5.54829 0.00256093
-9.9 5.56945 0.00258401
-9.8 5.59651 0.00251621
-9.7 5.62621 0.00256401
-9.6 5.64663 0.0025682
-9.5 5.68735 0.00256684
-9.4 5.69796 0.00253483
-9.3 5.74139 0.00248761
-9.2 5.75753 0.002525
-9.1 5.78913 0.00252995
-9 5.82017 0.0025976
-8.9 5.8443 0.00246745
-8.8 5.88429 0.00239458
-8.7 5.9051 0.00251915
-8.6 5.93342 0.0024914
-8.5 5.97097 0.0026527
-8.4 5.99832 0.00249104
-8.3 6.03129 0.00260234
-8.2 6.06606 0.00257812
-8.1 6.09419 0.00249995
-8 6.13333 0.00268469
-7.9 6.16848 0.00254249
-7.8 6.19862 0.00283537
-7.7 6.23172 0.00240921
-7.6 6.26715 0.00254508
-7.5 nan nan
-7.4 6.34629 0.00273369
-7.3 6.38005 0.00274976
-7.2 6.42297 0.0028479
-7.1 6.46206 0.00278946
-7 6.49699 0.00246401
-6.9 6.54352 0.00273245
-6.8 6.58469 0.00272701
-6.7 6.62895 0.00277643
-6.6 6.67446 0.00274557
-6.5 6.71442 0.00246439
-6.4 6.76226 0.0026794
-6.3 6.81383 0.00252403
-6.2 6.85742 0.00259967
-6.1 6.91674 0.00289724
-6 6.96584 0.00279647
-5.9 7.01425 0.00265923
-5.8 7.06287 0.00274132
-5.7 7.11541 0.00311464
-5.6 7.17764 0.00270585
-5.5 7.23251 0.00268981
-5.4 7.29347 0.00288518
-5.3 7.34772 0.00300822
-5.2 7.412 0.0029156
-5.1 7.47399 0.00266777
-5 7.54339 0.00267458
-4.9 7.61248 0.00283797
-4.8 7.68053 0.00307351
-4.7 7.75257 0.00288695
-4.6 7.8241 0.00286586
-4.5 7.8976 0.00306639
-4.4 7.97471 0.00297206
-4.3 8.05717 0.00314152
-4.2 8.13969 0.0030052
-4.1 8.23106 0.00310744
-4 8.31484 0.00306635
-3.9 8.40534 0.00302579
-3.8 8.49856 0.00297567
-3.7 8.60478 0.00305814
-3.6 8.70402 0.00298423
-3.5 8.81267 0.00276946
-3.4 8.92493 0.00281253
-3.3 9.04534 0.00311206
-3.2 9.16585 0.00280767
-3.1 9.29238 0.00283683
-3 9.42946 0.00294356
-2.9 9.56655 0.00317677
-2.8 9.71637 0.00283412
-2.7 9.87386 0.00303482
-2.6 10.0401 0.00301825
-2.5 nan nan
-2.4 10.4031 0.00325633
-2.3 10.5951 0.00334994
-2.2 10.8032 0.00321815
-2.1 11.0267 0.0033404
-2 11.2676 0.00351465
-1.9 11.5228 0.00329926
-1.8 11.7961 0.00310963
-1.7 12.1038 0.00330601
-1.6 12.428 0.00373278
-1.5 12.7845 0.00331232
-1.4 13.1933 0.00334359
-1.3 13.6364 0.00340441
-1.2 14.1286 0.00383191
-1.1 14.6935 0.00368223
-1 15.3282 0.00369455
-0.9 16.0655 0.00389707
-0.8 16.9431 0.00411151
-0.7 17.981 0.00403598
-0.6 19.2566 0.00376229
-0.5 20.8762 0.00410249
-0.4 23.046 0.00452116
-0.3 26.1311 0.00500713
-0.2 30.7708 0.00587921
-0.1 38.1563 0.00731634
0 48.0134 0.00993603
0.1 60.1246 0.0127741
0.2 73.947 0.0157635
0.3 87.3408 0.0250247
0.4 100.037 0.0336416
0.5 112.726 0.0600964
0.6 124.409 0.115625
0.7 132.653 0.227166
0.8 127.554 0.508662
0.9 102.057 0.967808
1 85.1242 1.15618
1.1 79.211 1.05906
1.2 78.2031 1.12409
1.3 79.1404 1.09449
1.4 77.711 1.21316
1.5 76.5416 1.10915
1.6 77.0183 1.19158
1.7 75.9077 1.18217
1.8 74.9662 1.18061
1.9 78.4235 1.12655
2 75.7661 1.09767
2.1 77.0721 1.17497
2.2 76.7788 1.15721
2.3 76.4538 1.19689
2.4 76.5669 1.17561
2.5 75.0306 1.13132
2.6 74.1796 1.13184
2.7 73.9468 1.12823
2.8 75.7377 1.2498
2.9 75.9803 1.23374
3 74.0953 1.29777
3.1 76.0803 1.20842
3.2 76.273 1.36287
3.3 73.6747 1.22462
3.4 76.7542 1.30949
3.5 73.3598 1.24579
3.6 75.6087 1.29372
3.7 73.9381 1.30125
3.8 72.3784 1.04619
3.9 71.9418 1.18912
4 74.417 1.40341
4.1 75.3289 1.32822
4.2 73.7671 1.20032
4.3 73.862 1.25973
4.4 72.0989 1.15875
4.5 69.9666 1.14022
4.6 70.9843 1.09407
4.7 74.0878 1.3324
4.8 71.5657 1.23306
4.9 72.345 1.21071
5 72.2258 1.17491
5.1 70.2378 1.31788
5.2 70.695 1.26188
5.3 72.0709 1.21651
5.4 71.5597 1.32241
5.5 71.3305 1.31923
5.6 71.1219 1.29961
5.7 71.5888 1.24804
5.8 71.6567 1.33099
5.9 72.6364 1.44644
6 68.3703 1.19871
6.1 70.3178 1.30975
6.2 72.2678 1.35831
6.3 69.0771 1.31085
6.4 68.6931 1.32561
6.5 68.9489 1.21558
6.6 68.7471 1.30545
6.7 68.5875 1.31166
6.8 68.7998 1.3405
6.9 71.1005 1.39336
7 66.514 1.35733
7.1 69.5438 1.34573
7.2 68.1136 1.47809
7.3 71.1423 1.39803
7.4 70.7869 1.32825
7.5 70.4521 1.37038
7.6 72.4259 1.26023
7.7 72.7141 1.33696
7.8 70.0364 1.3495
7.9 71.5794 1.432
8 72.7353 1.31818
8.1 71.4901 1.30113
8.2 70.2001 1.34358
8.3 69.6291 1.48128
8.4 69.6158 1.39832
8.5 72.0521 1.52339
8.6 70.5845 1.59314
8.7 71.0357 1.53001
8.8 70.3023 1.41677
8.9 68.4893 1.49097
9 68.3308 1.40971
9.1 68.383 1.47285
9.2 69.2354 1.36601
9.3 66.5495 1.41727
9.4 68.5492 1.54412
9.5 71.3736 1.61813
9.6 66.6483 1.31424
9.7 68.8647 1.38016
9.8 67.1655 1.51435
9.9 67.9425 1.47858
10 66.7822 1.40795
10.1 66.6648 1.43479
10.2 68.7303 1.76145
10.3 66.6077 1.38614
10.4 66.9828 1.62607
10.5 67.057 1.63406
10.6 68.8518 1.74768
10.7 68.0418 1.57351
10.8 65.4511 1.58655
10.9 67.6474 1.55534
11 64.9627 1.39823
11.1 66.4886 1.54547
11.2 66.7521 1.7099
11.3 65.7721 1.4706
11.4 65.1333 1.51255
11.5 64.9008 1.58989
11.6 64.1176 1.30836
11.7 66.1551 1.62769
11.8 67.4699 1.56788
11.9 61.9258 1.39027
12 62.5392 1.35625
12.1 64.3011 1.654
12.2 64.1251 1.55764
