-15.2 37.1054 0.278212
-15.1 37.2028 0.282538
-15 37.7646 0.305108
-14.9 37.7318 0.284507
-14.8 37.465 0.264036
-14.7 37.5857 0.254078
-14.6 37.6343 0.268949
-14.5 37.8946 0.273986
-14.4 37.8172 0.242128
-14.3 38.1603 0.264581
-14.2 38.8347 0.244473
-14.1 37.8411 0.261556
-14 38.5239 0.271464
-13.9 38.2717 0.262294
-13.8 38.4007 0.272399
-13.7 38.5467 0.260674
-13.6 38.0229 0.274643
-13.5 38.4233 0.26706
-13.4 38.0336 0.272411
-13.3 38.9502 0.260234
-13.2 38.866 0.259658
-13.1 38.5481 0.26684
-13 38.1888 0.246248
-12.9 38.3193 0.228384
-12.8 38.6873 0.256178
-12.7 38.8061 0.255781
-12.6 39.1627 0.283287
-12.5 39.1544 0.262547
-12.4 38.9169 0.263517
-12.3 39.161 0.287842
-12.2 38.8351 0.266291
-12.1 38.6239 0.261686
-12 38.4459 0.256328
-11.9 38.863 0.260499
-11.8 39.0391 0.251926
-11.7 38.6379 0.295766
-11.6 39.3463 0.264597
-11.5 38.9975 0.261606
-11.4 38.8809 0.25975
-11.3 38.6429 0.262888
-11.2 38.7478 0.25337
-11.1 38.7791 0.255189
-11 38.9552 0.23937
-10.9 39.096 0.269218
-10.8 38.7903 0.243281
-10.7 38.939 0.268845
-10.6 38.9692 0.238667
-10.5 38.5082 0.23516
-10.4 39.0105 0.261385
-10.3 38.6203 0.243712
-10.2 39.1428 0.230837
-10.1 39.419 0.256867
-10 38.869 0.246775
-9.9 39.1875 0.261161
-9.8 38.8973 0.23852
-9.7 38.9577 0.234752
-9.6 38.8557 0.246234
-9.5 39.2065 0.257995
-9.4 38.816 0.255131
-9.3 38.9909 0.244037
-9.2 38.9234 0.246335
-9.1 38.7229 0.238161
-9 38.7815 0.246956
-8.9 38.9341 0.224708
-8.8 39.2308 0.232393
-8.7 38.9687 0.239062
-8.6 38.6105 0.249191
-8.5 38.9475 0.264633
-8.4 39.088 0.247604
-8.3 38.6002 0.232212
-8.2 38.5335 0.232879
-8.1 38.778 0.252135
-8 39.0975 0.239504
-7.9 39.0281 0.238765
-7.8 39.1004 0.26533
-7.7 38.5508 0.236146
-7.6 38.5773 0.225105
-7.5 38.8932 0.241558
-7.4 39.0105 0.225556
-7.3 38.6981 0.2493
-7.2 38.7699 0.220261
-7.1 38.9636 0.260626
-7 38.5938 0.238855
-6.9 38.8867 0.254759
-6.8 38.6792 0.233206
-6.7 38.8274 0.228346
-6.6 38.9171 0.240594
-6.5 38.4072 0.207593
-6.4 38.9546 0.228115
-6.3 39.154 0.23018
-6.2 38.6306 0.231153
-6.1 39.48 0.241992
-6 39.3374 0.225998
-5.9 39.1362 0.22432
-5.8 38.8422 0.216078
-5.7 38.8286 0.237265
-5.6 39.2069 0.22148
-5.5 38.8969 0.217085
-5.4 39.3562 0.210346
-5.3 39.0916 0.232445
-5.2 38.6444 0.198923
-5.1 38.9956 0.212879
-5 39.528 0.216117
-4.9 39.6067 0.224365
-4.8 39.2878 0.225485
-4.7 39.4771 0.208858
-4.6 39.4746 0.224769
-4.5 39.2303 0.233251
-4.4 39.197 0.221658
-4.3 39.2484 0.233303
-4.2 39.4517 0.205782
-4.1 39.709 0.222478
-4 39.6614 0.218192
-3.9 39.5337 0.222851
-3.8 39.4748 0.206526
-3.7 39.7481 0.221556
-3.6 39.5284 0.191173
-3.5 39.7521 0.189659
-3.4 39.7684 0.203629
-3.3 40.0152 0.213151
-3.2 39.8041 0.198422
-3.1 40.0213 0.214192
-3 40.2034 0.198193
-2.9 40.3515 0.191612
-2.8 40.4022 0.18822
-2.7 40.6186 0.204441
-2.6 40.8435 0.196779
-2.5 40.6922 0.179932
-2.4 41.2477 0.183809
-2.3 40.9725 0.188209
-2.2 41.2227 0.182191
-2.1 41.2019 0.184294
-2 41.4405 0.1989
-1.9 41.4381 0.183294
-1.8 41.3473 0.176179
-1.7 41.791 0.170539
-1.6 41.6985 0.184983
-1.5 41.8639 0.164186
-1.4 42.4001 0.158499
-1.3 42.8947 0.167006
-1.2 42.8079 0.176588
-1.1 43.4914 0.161322
-1 43.6196 0.163612
-0.9 43.7971 0.153612
-0.8 44.5018 0.149528
-0.7 45.0011 0.134899
-0.6 45.7193 0.116438
-0.5 46.4121 0.115632
-0.4 48.2153 0.112142
-0.3 51.3147 0.104
-0.2 65.4663 0.101521
-0.1 76.6531 0.0781561
0 90.9594 0.0703739
0.1 107.25 0.0622446
0.2 124.433 0.061005
0.3 120.959 0.0586426
0.4 132.955 0.0870449
0.5 144.993 0.146466
0.6 160.292 0.325872
0.7 186.77 0.978837
0.8 254.96 3.04543
0.9 438.074 10.2301
1 621.418 15.3037
1.1 760.836 18.598
1.2 727.075 18.2901
1.3 766.189 19.5637
1.4 719.713 17.4194
1.5 697.593 18.0399
1.6 715.653 19.2493
1.7 724.607 18.6812
1.8 697.093 20.1697
1.9 768.943 21.4865
2 748.517 20.1019
2.1 723.565 17.2243
2.2 738.667 19.5917
2.3 733.727 19.0568
2.4 705.391 17.4155
2.5 705.361 21.0853
2.6 693.418 19.8388
2.7 720.265 20.584
2.8 701.352 19.1787
2.9 761.339 21.7536
3 707.009 22.6018
3.1 730.721 21.8543
3.2 726.576 20.2874
3.3 697.263 19.7328
3.4 742.513 19.914
3.5 694.403 19.4892
3.6 759.2 21.4479
3.7 710.165 20.5428
3.8 711.047 21.2719
3.9 680.919 19.9556
4 737.892 22.8476
4.1 748.517 21.9432
4.2 742.433 19.9597
4.3 722.477 21.7558
4.4 723.214 21.4864
4.5 650.791 19.8675
4.6 683.722 19.9353
4.7 733.858 23.4356
4.8 690.14 21.0573
4.9 701.382 22.6111
5 712.349 21.4332
5.1 704.158 23.113
5.2 681.426 21.0888
5.3 728.789 24.287
5.4 662.366 22.3285
5.5 719.453 24.8092
5.6 706.375 26.5079
5.7 688.609 20.7718
5.8 713.915 24.0917
5.9 700.553 21.9437
6 645.364 20.7834
6.1 683.935 23.0147
6.2 704.562 23.1147
6.3 695.034 22.7262
6.4 687.337 24.5633
6.5 695.755 24.2364
6.6 664.226 22.6197
6.7 699.594 26.3464
6.8 691.356 24.2143
6.9 701.205 26.0116
7 671.373 26.6161
7.1 731.705 26.3119
7.2 658.749 25.0809
7.3 816.923 27.3484
7.4 789.815 24.7175
7.5 816.745 30.1112
7.6 864.618 26.0564
7.7 851.566 24.8807
7.8 834.784 28.8188
7.9 816.162 28.2106
8 846.222 27.4239
8.1 846.98 30.3272
8.2 815.512 31.357
8.3 810.219 29.8292
8.4 773.813 27.4438
8.5 837.258 29.3736
8.6 846.153 35.895
8.7 799.038 29.3782
8.8 788.197 27.7486
8.9 793.09 31.4298
9 769.433 27.403
9.1 756.004 28.5021
9.2 837.282 30.9237
9.3 745.931 30.5977
9.4 806.094 32.4349
9.5 813.983 29.152
9.6 758.883 29.9852
9.7 781.359 29.7644
9.8 729.345 27.9638
9.9 780.902 31.2969
10 788.641 29.1156
10.1 750.733 29.5273
10.2 794.322 31.4756
10.3 777.62 29.3539
10.4 765.158 33.4164
10.5 794.859 36.6167
10.6 785.208 33.1588
10.7 826.261 38.0637
10.8 784.486 33.9858
10.9 824.902 34.4494
11 748.716 30.2189
11.1 823.144 35.246
11.2 793.127 34.965
11.3 742.188 28.1501
11.4 738.823 29.4827
11.5 741.878 33.3212
11.6 760.871 34.2346
11.7 771.849 34.6542
11.8 830.885 31.271
11.9 734.992 34.2548
12 716.466 31.9254
12.1 707.381 31.6901
12.2 758.414 32.9513
