-15.2 6.37551 0.0219294
-15.1 7.26609 0.0223944
-15 7.74503 0.0258542
-14.9 8.12994 0.029109
-14.8 8.42523 0.0260516
-14.7 8.62658 0.0286471
-14.6 8.86357 0.0281122
-14.5 9.00992 0.0278095
-14.4 9.07923 0.0269888
-14.3 9.25363 0.0285353
-14.2 9.42949 0.0304409
-14.1 9.55185 0.0286057
-14 9.66437 0.0311263
-13.9 9.75609 0.0289932
-13.8 9.86108 0.0287678
-13.7 10.0036 0.0312839
-13.6 10.0556 0.0296452
-13.5 10.1365 0.0296644
-13.4 10.2075 0.032437
-13.3 10.3405 0.028044
-13.2 10.3946 0.0276188
-13.1 10.4685 0.0304792
-13 10.5038 0.0299343
-12.9 10.5841 0.0325667
-12.8 10.6894 0.034587
-12.7 10.7233 0.0289053
-12.6 10.7773 0.0310261
-12.5 10.8132 0.0297979
-12.4 10.8786 0.0328848
-12.3 10.9076 0.0285812
-12.2 10.9677 0.0299686
-12.1 11.004 0.0291635
-12 11.0485 0.0281399
-11.9 11.1307 0.0304118
-11.8 11.1158 0.0301819
-11.7 11.2105 0.0323721
-11.6 11.3002 0.0326944
-11.5 11.347 0.0314194
-11.4 11.3683 0.0316899
-11.3 11.3691 0.0298683
-11.2 11.4674 0.0257268
-11.1 11.4757 0.0304098
-11 11.5218 0.0281187
-10.9 11.5569 0.0303309
-10.8 11.6261 0.0311884
-10.7 11.6348 0.0314983
-10.6 11.751 0.0343259
-10.5 11.7168 0.0274787
-10.4 11.7212 0.0300853
-10.3 11.8216 0.0295972
-10.2 11.7548 0.0318557
-10.1 11.8705 0.0293266
-10 11.8513 0.0290501
-9.9 11.944 0.0298288
-9.8 11.9679 0.0325607
-9.7 12.0026 0.0318928
-9.6 12.0462 0.0302388
-9.5 12.1231 0.0323083
-9.4 12.1269 0.0305894
-9.3 12.1873 0.0296174
-9.2 12.1409 0.0274856
-9.1 12.2103 0.0287451
-9 12.2604 0.0309147
-8.9 12.2618 0.0291185
-8.8 12.3347 0.0263716
-8.7 12.3188 0.0304791
-8.6 12.342 0.029828
-8.5 12.3942 0.0269799
-8.4 12.4019 0.0310363
-8.3 12.4429 0.0294592
-8.2 12.487 0.0292488
-8.1 12.4954 0.0300751
-8 12.5359 0.028891
-7.9 12.5746 0.0298312
-7.8 12.5742 0.0310169
-7.7 12.5996 0.028526
-7.6 12.5925 0.0296621
-7.5 12.6644 0.0295464
-7.4 12.7263 0.0265876
-7.3 12.7673 0.0287511
-7.2 12.7909 0.0294938
-7.1 12.8172 0.031657
-7 12.8183 0.0274965
-6.9 12.8829 0.0299074
-6.8 12.899 0.0301538
-6.7 12.9902 0.0283861
-6.6 13.0457 0.0293404
-6.5 13.0277 0.0261185
-6.4 13.0614 0.0305945
-6.3 13.1113 0.0254561
-6.2 13.1856 0.0284597
-6.1 13.2598 0.0289746
-6 13.2934 0.0308033
-5.9 13.3367 0.0273283
-5.8 13.3704 0.0288631
-5.7 13.3632 0.0309457
-5.6 13.421 0.0271672
-5.5 13.5031 0.0269456
-5.4 13.5547 0.0264336
-5.3 13.5267 0.0269402
-5.2 13.6667 0.0283096
-5.1 13.6902 0.027621
-5 13.735 0.0269738
-4.9 13.8124 0.0247592
-4.8 13.8503 0.0264093
-4.7 13.8965 0.0275447
-4.6 13.9775 0.0270868
-4.5 14.043 0.0269479
-4.4 14.0768 0.0266922
-4.3 14.1254 0.0281754
-4.2 14.1973 0.0289518
-4.1 14.2635 0.0261079
-4 14.3412 0.0253504
-3.9 14.3702 0.0266487
-3.8 14.4418 0.027096
-3.7 14.5392 0.0239828
-3.6 14.5942 0.0260647
-3.5 14.6722 0.0255996
-3.4 14.7449 0.0262826
-3.3 14.8565 0.0254763
-3.2 14.9258 0.0246665
-3.1 15.0163 0.0254745
-3 15.1364 0.0254961
-2.9 15.1782 0.0234431
-2.8 15.3602 0.0214678
-2.7 15.4322 0.0226049
-2.6 15.5451 0.022423
-2.5 15.6805 0.0214812
-2.4 15.8314 0.0217066
-2.3 15.9655 0.0238744
-2.2 16.1229 0.0241974
-2.1 16.3103 0.0241534
-2 16.5144 0.0238763
-1.9 16.6598 0.0214692
-1.8 16.874 0.0216759
-1.7 17.1661 0.0195803
-1.6 17.4348 0.0213348
-1.5 17.6879 0.019982
-1.4 18.1264 0.019468
-1.3 18.568 0.020984
-1.2 19.068 0.020416
-1.1 19.7096 0.0202354
-1 20.4711 0.0215162
-0.9 21.4712 0.019055
-0.8 22.7416 0.0175525
-0.7 24.3785 0.0197213
-0.6 26.6289 0.0217144
-0.5 29.8652 0.0214022
-0.4 35.0529 0.0216345
-0.3 44.4367 0.0273578
-0.2 58.6538 0.0314585
-0.1 85.1767 0.0378432
0 118.696 0.0441651
0.1 156.372 0.0479939
0.2 195.588 0.0497136
0.3 229.001 0.0743082
0.4 259.253 0.0932902
0.5 287.13 0.144784
0.6 311.921 0.250982
0.7 332.715 0.428858
0.8 336.011 0.809867
0.9 284.791 1.54288
1 198.749 1.80052
1.1 147.357 1.9299
1.2 141.831 2.05431
1.3 141.661 2.0645
1.4 144.353 2.16518
1.5 142.328 1.92282
1.6 146.754 2.02885
1.7 138.536 1.99239
1.8 137.708 2.14116
1.9 143.618 2.07174
2 136.859 2.08334
2.1 136.651 2.20446
2.2 139.382 2.16015
2.3 138.862 2.15399
2.4 138.388 2.05341
2.5 143.679 1.84701
2.6 139.636 2.11515
2.7 136.028 2.31207
2.8 139.659 2.2967
2.9 139.4 2.20316
3 136.994 2.26739
3.1 143.968 2.18715
3.2 140.162 2.1291
3.3 138.697 2.32682
3.4 137.841 2.36681
3.5 137.941 2.47975
3.6 135.434 2.38058
3.7 139.932 2.41006
3.8 131.617 2.44071
3.9 134.793 2.28402
4 136.904 2.47874
4.1 136.582 2.23747
4.2 135.169 2.32345
4.3 137.738 2.2326
4.4 135.32 2.33489
4.5 130.695 2.27467
4.6 136.11 2.48975
4.7 138.9 2.27417
4.8 130.227 2.47888
4.9 134.475 2.5672
5 137.245 2.51256
5.1 131.669 2.41859
5.2 134.246 2.30468
5.3 136.778 2.43369
5.4 134.324 2.61672
5.5 131.517 2.75602
5.6 132.047 2.71999
5.7 137.107 2.61811
5.8 136.148 2.54773
5.9 129.895 2.44902
6 135.174 2.52049
6.1 129.114 2.61053
6.2 134.137 2.55529
6.3 127.969 2.59129
6.4 128.577 2.80882
6.5 127.191 2.42838
6.6 131.795 2.72532
6.7 133.902 3.01447
6.8 128.316 2.48123
6.9 131.77 2.6403
7 129.869 2.92956
7.1 126.444 2.63489
7.2 131.098 2.71815
7.3 127.097 2.83764
7.4 128.641 2.59267
7.5 128.644 2.54623
7.6 129.629 2.57334
7.7 133.661 2.32793
7.8 131.927 2.60449
7.9 128.246 2.49211
8 130.401 2.49794
8.1 126.341 2.68983
8.2 124.906 2.49343
8.3 128.469 2.56905
8.4 129.415 2.57549
8.5 132.488 2.60868
8.6 121.087 2.83411
8.7 127.07 2.66114
8.8 125.162 2.80428
8.9 124.694 2.92823
9 126.885 2.7152
9.1 128.035 2.83515
9.2 122.897 2.55048
9.3 126.081 2.90508
9.4 127.261 3.07176
9.5 129.051 2.67167
9.6 125.58 3.04179
9.7 126.653 2.57929
9.8 126.473 2.87796
9.9 128.561 3.19105
10 121.793 3.03732
10.1 126.947 2.85331
10.2 125.913 3.03682
10.3 121.223 3.00846
10.4 122.525 2.85616
10.5 124.768 2.87897
10.6 123.8 2.88215
10.7 120.693 2.88757
10.8 123.297 3.09284
10.9 120.441 3.19537
11 119.227 2.95066
11.1 118.603 2.92735
11.2 117.586 2.8981
11.3 120.873 2.72033
11.4 125.301 2.84302
11.5 121.361 2.99036
11.6 123.275 2.92487
11.7 119.344 3.33791
11.8 119.519 2.98301
11.9 121.418 3.13514
12 122.342 2.89123
12.1 122.095 3.10111
12.2 119.992 2.94967
