-15.2 5.5335 3.62712e-06
-15.1 5.53354 3.63478e-06
-15 5.54503 3.82694e-06
-14.9 5.57233 3.77587e-06
-14.8 5.57239 3.77531e-06
-14.7 5.59733 4.24094e-06
-14.6 5.61154 4.01534e-06
-14.5 5.61325 4.3376e-06
-14.4 5.65038 4.38287e-06
-14.3 5.65113 4.21859e-06
-14.2 5.6693 4.98441e-06
-14.1 5.69098 4.43757e-06
-14 5.69186 4.65173e-06
-13.9 5.72767 5.18618e-06
-13.8 5.73134 4.56657e-06
-13.7 5.74954 5.65939e-06
-13.6 5.77191 4.71128e-06
-13.5 5.77484 5.41118e-06
-13.4 5.81046 5.57574e-06
-13.3 5.81311 5.01449e-06
-13.2 5.83815 6.47498e-06
-13.1 5.85439 5.15346e-06
-13 5.86544 6.6593e-06
-12.9 5.89565 5.47535e-06
-12.8 5.89889 6.04491e-06
-12.7 5.9329 6.52276e-06
-12.6 5.93887 5.64895e-06
-12.5 5.96585 7.37304e-06
-12.4 5.981 5.64483e-06
-12.3 5.99911 7.73815e-06
-12.2 6.02354 5.91653e-06
-12.1 6.03501 7.78165e-06
-12 6.06545 6.49816e-06
-11.9 6.07406 7.63029e-06
-11.8 6.10646 7.18116e-06
-11.7 6.11554 7.38732e-06
-11.6 6.14734 7.87029e-06
-11.5 6.1586 7.31175e-06
-11.4 6.18897 8.32242e-06
-11.3 6.20273 7.39064e-06
-11.2 6.23188 8.71056e-06
-11.1 6.24773 7.66798e-06
-11 6.27628 9.1653e-06
-10.9 6.29359 8.09054e-06
-10.8 6.32219 9.42668e-06
-10.7 6.34045 8.69e-06
-10.6 6.36952 9.67667e-06
-10.5 6.38853 9.38291e-06
-10.4 6.41734 9.94788e-06
-10.3 6.43277 9.7537e-06
-10.2 6.47658 9.97103e-06
-10.1 6.48377 1.03049e-05
-10 6.52402 1.01117e-05
-9.9 6.54 1.08675e-05
-9.8 6.57193 1.04148e-05
-9.7 6.59831 1.10784e-05
-9.6 6.62052 1.02567e-05
-9.5 6.65853 1.14747e-05
-9.4 6.67402 1.13803e-05
-9.3 6.71649 1.09367e-05
-9.2 6.73663 1.24064e-05
-9.1 6.76841 1.08802e-05
-9 6.80253 1.28202e-05
-8.9 6.82481 1.25842e-05
-8.8 6.86534 1.21882e-05
-8.7 6.89186 1.40318e-05
-8.6 6.92298 1.27044e-05
-8.5 6.96127 1.38539e-05
-8.4 6.98899 1.44717e-05
-8.3 7.02501 1.34918e-05
-8.2 7.06172 1.46291e-05
-8.1 7.09314 1.50521e-05
-8 7.13069 1.42824e-05
-7.9 7.16835 1.5276e-05
-7.8 7.20332 1.59219e-05
-7.7 7.2417 1.55736e-05
-7.6 7.28127 1.59836e-05
-7.5 7.31963 1.6901e-05
-7.4 7.35938 1.69705e-05
-7.3 7.40078 1.7234e-05
-7.2 7.44239 1.80821e-05
-7.1 7.48452 1.8641e-05
-7 7.52788 1.94918e-05
-6.9 7.57225 1.94713e-05
-6.8 7.61739 2.02003e-05
-6.7 7.66344 2.08722e-05
-6.6 7.71056 2.12717e-05
-6.5 7.75873 2.18559e-05
-6.4 7.80797 2.27378e-05
-6.3 7.85831 2.31863e-05
-6.2 7.9098 2.3616e-05
-6.1 7.96251 2.43151e-05
-6 8.01647 2.50427e-05
-5.9 8.07173 2.58618e-05
-5.8 8.12835 2.68456e-05
-5.7 8.18638 2.74625e-05
-5.6 8.24589 2.82975e-05
-5.5 8.30693 2.90372e-05
-5.4 8.36958 2.97775e-05
-5.3 8.43391 3.0999e-05
-5.2 8.49998 3.2151e-05
-5.1 8.5679 3.35452e-05
-5 8.63775 3.48249e-05
-4.9 8.70961 3.58412e-05
-4.8 8.78359 3.68172e-05
-4.7 8.85979 3.79745e-05
-4.6 8.93833 4.02194e-05
-4.5 9.01934 4.21918e-05
-4.4 9.10293 4.37651e-05
-4.3 9.18926 4.50336e-05
-4.2 9.27849 4.68604e-05
-4.1 9.37079 4.82615e-05
-4 9.46632 5.03237e-05
-3.9 9.5653 5.29385e-05
-3.8 9.6679 5.57334e-05
-3.7 9.77439 5.87202e-05
-3.6 9.88502 6.15445e-05
-3.5 10.0001 6.4194e-05
-3.4 10.1198 6.78794e-05
-3.3 10.2447 7.04937e-05
-3.2 10.375 7.4301e-05
-3.1 10.5111 7.90488e-05
-3 10.6535 8.23897e-05
-2.9 10.8027 8.72192e-05
-2.8 10.9593 9.19627e-05
-2.7 11.1239 0.000100889
-2.6 11.2973 0.000107565
-2.5 11.4803 0.000115643
-2.4 11.6738 0.000122436
-2.3 11.8788 0.000129269
-2.2 12.0968 0.000140447
-2.1 12.329 0.000151932
-2 12.5772 0.000175629
-1.9 12.8434 0.000194721
-1.8 13.13 0.0002206
-1.7 13.4399 0.000247494
-1.6 13.7761 0.000272998
-1.5 14.1432 0.00029381
-1.4 14.5462 0.000341005
-1.3 14.9914 0.000392185
-1.2 15.4867 0.000426694
-1.1 16.0425 0.000511549
-1 16.6721 0.000566757
-0.9 17.3941 0.00072845
-0.8 18.2325 0.000814584
-0.7 19.2217 0.000978364
-0.6 20.4152 0.00120467
-0.5 21.8961 0.00145424
-0.4 23.8031 0.00170127
-0.3 26.3677 0.00233092
-0.2 34.2047 0.00353254
-0.1 40.2174 0.00451368
0 47.6765 0.00573007
0.1 56.2029 0.00743776
0.2 65.3029 0.00945944
0.3 65.0496 0.0127488
0.4 71.8211 0.0167944
0.5 78.5076 0.0287382
0.6 84.8954 0.052911
0.7 91.1736 0.0910309
0.8 97.1472 0.207878
0.9 102.075 0.422455
1 111.6 1.25767
1.1 116.745 7.73387
1.2 17.2004 4.31879
1.3 0 0
1.4 0 0
1.5 0 0
1.6 0 0
1.7 0 0
1.8 0 0
1.9 0 0
2 0 0
2.1 0 0
2.2 0 0
2.3 0 0
2.4 0 0
2.5 0 0
2.6 0 0
2.7 0 0
2.8 0 0
2.9 0 0
3 0 0
3.1 0 0
3.2 0 0
3.3 0 0
3.4 0 0
3.5 0 0
3.6 0 0
3.7 0 0
3.8 0 0
3.9 0 0
4 0 0
4.1 0 0
4.2 0 0
4.3 0 0
4.4 0 0
4.5 0 0
4.6 0 0
4.7 0 0
4.8 0 0
4.9 0 0
5 0 0
5.1 0 0
5.2 0 0
5.3 0 0
5.4 0 0
5.5 0 0
5.6 0 0
5.7 0 0
5.8 0 0
5.9 0 0
6 0 0
6.1 0 0
6.2 0 0
6.3 0 0
6.4 0 0
6.5 0 0
6.6 0 0
6.7 0 0
6.8 0 0
6.9 0 0
7 0 0
7.1 0 0
7.2 0 0
7.3 0 0
7.4 0 0
7.5 0 0
7.6 0 0
7.7 0 0
7.8 0 0
7.9 0 0
8 0 0
8.1 0 0
8.2 0 0
8.3 0 0
8.4 0 0
8.5 0 0
8.6 0 0
8.7 0 0
8.8 0 0
8.9 0 0
9 0 0
9.1 0 0
9.2 0 0
9.3 0 0
9.4 0 0
9.5 0 0
9.6 0 0
9.7 0 0
9.8 0 0
9.9 0 0
10 0 0
10.1 0 0
10.2 0 0
10.3 0 0
10.4 0 0
10.5 0 0
10.6 0 0
10.7 0 0
10.8 0 0
10.9 0 0
11 0 0
11.1 0 0
11.2 0 0
11.3 0 0
11.4 0 0
11.5 0 0
11.6 0 0
11.7 0 0
11.8 0 0
11.9 0 0
12 0 0
12.1 0 0
12.2 0 0
