-15.2 5.60431 0.000537138
-15.1 5.64085 0.000616151
-15 5.67646 0.000711459
-14.9 5.72334 0.00074578
-14.8 5.73963 0.000714584
-14.7 5.77847 0.000748453
-14.6 5.80605 0.000721828
-14.5 5.81835 0.000745516
-14.4 5.8643 0.000763735
-14.3 5.8771 0.000833508
-14.2 5.90516 0.000856223
-14.1 5.93581 0.000836202
-14 5.94614 0.000828648
-13.9 5.98887 0.000780201
-13.8 6.00069 0.000826346
-13.7 6.027 0.000834141
-13.6 6.05519 0.000797269
-13.5 6.06494 0.000883638
-13.4 6.10714 0.000882779
-13.3 6.11777 0.000834586
-13.2 6.14838 0.000776947
-13.1 6.17024 0.000885333
-13 6.18669 0.000902784
-12.9 6.22212 0.000986203
-12.8 6.23111 0.000941257
-12.7 6.26938 0.00086572
-12.6 6.28108 0.000905432
-12.5 6.31192 0.000917759
-12.4 6.33188 0.000941812
-12.3 6.35387 0.000812658
-12.2 6.38281 0.000863484
-12.1 6.39848 0.000877696
-12 6.43288 0.000841286
-11.9 6.44576 0.000893707
-11.8 6.48091 0.0008839
-11.7 6.49582 0.000909845
-11.6 6.53218 0.00101874
-11.5 6.54737 0.000988096
-11.4 6.58036 0.000975136
-11.3 6.59713 0.000918958
-11.2 6.62991 0.000814518
-11.1 6.64964 0.000930146
-11 6.68151 0.000857726
-10.9 6.70193 0.000893251
-10.8 6.73358 0.000948539
-10.7 6.75415 0.000914028
-10.6 6.78723 0.0010306
-10.5 6.80753 0.000840174
-10.4 6.83948 0.000883247
-10.3 6.85679 0.000903718
-10.2 6.90324 0.000965732
-10.1 6.91475 0.000918181
-10 6.95696 0.000974611
-9.9 6.97631 0.000943112
-9.8 7.00924 0.00100555
-9.7 7.03922 0.00105408
-9.6 7.06452 0.000992437
-9.5 7.10498 0.00104365
-9.4 7.12331 0.000997919
-9.3 7.1664 0.000974206
-9.2 7.18794 0.000947001
-9.1 7.22209 0.000995399
-9 7.25773 0.00104069
-8.9 7.28241 0.000992303
-8.8 7.32462 0.000869318
-8.7 7.35212 0.00101541
-8.6 7.38462 0.000910447
-8.5 7.42449 0.000909528
-8.4 7.45387 0.000947688
-8.3 7.49144 0.000942007
-8.2 7.52961 0.00100761
-8.1 7.56286 0.00103335
-8 7.60141 0.000934378
-7.9 7.64019 0.00102866
-7.8 7.67477 0.00107242
-7.7 7.71505 0.000938741
-7.6 7.75547 0.00101792
-7.5 7.79606 0.000966069
-7.4 7.83737 0.000979092
-7.3 7.88007 0.000982551
-7.2 7.92168 0.00103971
-7.1 7.9651 0.00105017
-7 8.0085 0.000932703
-6.9 8.05551 0.00099529
-6.8 8.10125 0.00103332
-6.7 8.15 0.00102356
-6.6 8.19707 0.00101229
-6.5 8.2454 0.000846717
-6.4 8.29543 0.000996052
-6.3 8.34757 0.000863069
-6.2 8.40135 0.000948379
-6.1 8.45517 0.00102844
-6 8.51116 0.00108254
-5.9 8.56625 0.00101218
-5.8 8.62242 0.00104106
-5.7 8.67993 0.00103829
-5.6 8.74141 0.0010616
-5.5 8.80448 0.00101012
-5.4 8.86665 0.000995369
-5.3 8.93069 0.00106699
-5.2 9.00049 0.001075
-5.1 9.06703 0.000999463
-5 9.13812 0.000902608
-4.9 9.2104 0.00092526
-4.8 9.28397 0.00102247
-4.7 9.3605 0.00101877
-4.6 9.43966 0.00105591
-4.5 9.51971 0.00103029
-4.4 9.6024 0.00105316
-4.3 9.68889 0.00104395
-4.2 9.77768 0.00110124
-4.1 9.86881 0.00102729
-4 9.9646 0.00105427
-3.9 10.061 0.00106284
-3.8 10.1632 0.00102453
-3.7 10.2695 0.000931567
-3.6 10.3781 0.00105736
-3.5 10.4917 0.00101119
-3.4 10.61 0.00111939
-3.3 10.7342 0.00103977
-3.2 10.8639 0.00104961
-3.1 10.998 0.000968753
-3 11.1388 0.00101921
-2.9 11.2851 0.00103973
-2.8 11.4404 0.000936428
-2.7 11.6019 0.000981262
-2.6 11.7732 0.00106359
-2.5 11.954 0.00103489
-2.4 12.1453 0.00108758
-2.3 12.3473 0.00107574
-2.2 12.5619 0.00110242
-2.1 12.7918 0.00113789
-2 13.0355 0.00113858
-1.9 13.2962 0.00107106
-1.8 13.578 0.00110652
-1.7 13.8848 0.000983196
-1.6 14.2144 0.00102968
-1.5 14.5741 0.00101119
-1.4 14.9732 0.00103276
-1.3 15.4125 0.0010918
-1.2 15.8989 0.00113967
-1.1 16.4469 0.00113382
-1 17.0665 0.00111418
-0.9 17.7797 0.0011545
-0.8 18.6069 0.00118901
-0.7 19.5841 0.00145523
-0.6 20.7643 0.00159674
-0.5 22.2295 0.00167274
-0.4 24.1186 0.0018797
-0.3 26.6649 0.00244778
-0.2 34.5403 0.00360668
-0.1 40.5637 0.00456078
0 48.0475 0.00576123
0.1 56.6163 0.00755509
0.2 65.7556 0.00949322
0.3 65.4495 0.0126935
0.4 72.1377 0.0172133
0.5 78.4925 0.0292833
0.6 83.6635 0.0541899
0.7 85.4434 0.102618
0.8 75.9999 0.221129
0.9 51.2623 0.274912
1 35.0903 0.217011
1.1 29.673 0.217893
1.2 29.748 0.206378
1.3 29.6197 0.226305
1.4 29.4898 0.22921
1.5 29.6141 0.210906
1.6 29.4909 0.217372
1.7 29.1292 0.234596
1.8 29.1253 0.235588
1.9 29.1973 0.226614
2 28.8579 0.242279
2.1 28.8882 0.224218
2.2 29.0713 0.237318
2.3 29.1319 0.226725
2.4 29.2972 0.220996
2.5 29.402 0.233445
2.6 29.0093 0.224191
2.7 28.6825 0.236607
2.8 29.0312 0.248889
2.9 28.9667 0.245828
3 29.1534 0.275123
3.1 29.4816 0.249884
3.2 28.922 0.22903
3.3 28.6101 0.238008
3.4 28.6398 0.251206
3.5 28.6314 0.256771
3.6 28.4345 0.25518
3.7 28.5568 0.259104
3.8 28.0811 0.250762
3.9 28.3397 0.244675
4 28.5512 0.267031
4.1 28.3718 0.242631
4.2 28.0795 0.233584
4.3 28.5166 0.246712
4.4 28.2301 0.246671
4.5 27.8577 0.243593
4.6 28.3948 0.27177
4.7 28.4179 0.242175
4.8 27.971 0.260094
4.9 28.1604 0.256751
5 27.9104 0.252459
5.1 27.5974 0.22596
5.2 27.947 0.236764
5.3 28.3895 0.26812
5.4 28.09 0.266005
5.5 27.8459 0.281625
5.6 27.9212 0.251942
5.7 28.2159 0.265687
5.8 27.8848 0.252578
5.9 27.6316 0.244326
6 27.8134 0.250419
6.1 27.4529 0.254156
6.2 27.5941 0.267855
6.3 27.2214 0.267553
6.4 27.4748 0.270266
6.5 27.4006 0.257532
6.6 27.4934 0.286448
6.7 27.5616 0.275444
6.8 27.387 0.260315
6.9 27.8912 0.278516
7 27.3363 0.285154
7.1 27.0005 0.265771
7.2 27.4836 0.25433
7.3 31.2888 0.317593
7.4 31.2104 0.328704
7.5 31.102 0.305075
7.6 31.3124 0.288964
7.7 31.5773 0.291712
7.8 31.1239 0.324628
7.9 31.026 0.29145
8 30.9614 0.297022
8.1 30.6622 0.318702
8.2 30.6616 0.274502
8.3 30.7865 0.319642
8.4 30.9658 0.319876
8.5 30.7899 0.302741
8.6 29.9585 0.310343
8.7 30.7457 0.295406
8.8 30.3517 0.282154
8.9 30.7964 0.30695
9 30.7709 0.309403
9.1 30.5518 0.313149
9.2 30.3594 0.325996
9.3 30.4582 0.300139
9.4 30.5799 0.317722
9.5 30.6239 0.319074
9.6 30.4797 0.339877
9.7 30.4948 0.307771
9.8 30.4036 0.310452
9.9 30.5564 0.362968
10 29.8912 0.338016
10.1 30.2202 0.334696
10.2 30.1431 0.35226
10.3 30.2939 0.335502
10.4 30.1301 0.33215
10.5 30.3338 0.352083
10.6 29.9377 0.339911
10.7 29.9101 0.346909
10.8 29.7349 0.348429
10.9 29.3918 0.358069
11 29.518 0.350495
11.1 29.1736 0.364776
11.2 29.4982 0.340858
11.3 29.659 0.309491
11.4 30.1683 0.333106
11.5 30.0284 0.376478
11.6 29.5681 0.359513
11.7 29.3713 0.361661
11.8 29.2364 0.371674
11.9 29.9627 0.365406
12 29.9374 0.342336
12.1 30.2093 0.358897
12.2 29.8345 0.35281
