-15.2 5.44827 3.93569e-06
-15.1 5.44831 3.94679e-06
-15 5.46108 4.15634e-06
-14.9 5.49119 4.19675e-06
-14.8 5.49125 4.19965e-06
-14.7 5.51862 4.723e-06
-14.6 5.5341 4.41131e-06
-14.5 5.53599 4.7539e-06
-14.4 5.57643 4.79811e-06
-14.3 5.57724 4.63293e-06
-14.2 5.5971 5.47501e-06
-14.1 5.62057 4.87905e-06
-14 5.62154 5.10747e-06
-13.9 5.66042 5.66519e-06
-13.8 5.66436 5.04039e-06
-13.7 5.68415 6.23305e-06
-13.6 5.70824 5.12676e-06
-13.5 5.71143 5.87325e-06
-13.4 5.74984 6.02775e-06
-13.3 5.75267 5.41654e-06
-13.2 5.77969 6.93927e-06
-13.1 5.79701 5.6057e-06
-13 5.80895 7.2367e-06
-12.9 5.84118 5.90013e-06
-12.8 5.84468 9.45246e-06
-12.7 5.88096 2.63368e-05
-12.6 5.88722 6.0145e-06
-12.5 5.91595 7.75591e-06
-12.4 5.9319 5.94515e-06
-12.3 5.95114 8.25484e-06
-12.2 5.97679 6.2338e-06
-12.1 5.98894 8.12965e-06
-12 6.02078 6.81177e-06
-11.9 6.02984 8.05322e-06
-11.8 6.06362 7.5167e-06
-11.7 6.07307 7.81337e-06
-11.6 6.10608 8.27637e-06
-11.5 6.1177 7.65145e-06
-11.4 6.14906 8.59098e-06
-11.3 6.16316 7.60495e-06
-11.2 6.19308 8.8591e-06
-11.1 6.20921 7.88052e-06
-11 6.23833 9.46113e-06
-10.9 6.25583 8.26677e-06
-10.8 6.28478 9.43419e-06
-10.7 6.30312 8.76859e-06
-10.6 6.33231 9.73988e-06
-10.5 6.35128 9.44894e-06
-10.4 6.37996 9.9755e-06
-10.3 6.39532 2.59502e-05
-10.2 6.43846 1.07081e-05
-10.1 6.44555 1.13712e-05
-10 6.4849 1.23526e-05
-9.9 6.50051 1.81127e-05
-9.8 6.53146 6.38349e-05
-9.7 6.55689 1.08873e-05
-9.6 6.57816 1.01424e-05
-9.5 6.61451 1.11709e-05
-9.4 6.62922 1.09963e-05
-9.3 6.66934 1.0652e-05
-9.2 6.68832 1.20382e-05
-9.1 6.71798 1.04729e-05
-9 6.74977 1.24083e-05
-8.9 6.77035 1.22908e-05
-8.8 6.80758 1.23302e-05
-8.7 6.83187 1.50867e-05
-8.6 6.86009 1.8843e-05
-8.5 6.89472 6.24067e-05
-8.4 6.91954 2.10364e-05
-8.3 6.95164 6.36148e-05
-8.2 6.9841 1.30094e-05
-8.1 7.01172 1.35992e-05
-8 7.04448 1.27788e-05
-7.9 7.07718 1.33114e-05
-7.8 7.10732 1.3805e-05
-7.7 7.14035 1.37479e-05
-7.6 7.17441 1.43933e-05
-7.5 7.20794 1.55364e-05
-7.4 7.24379 1.61579e-05
-7.3 7.28155 1.74255e-05
-7.2 7.32216 1.92832e-05
-7.1 7.36315 2.26565e-05
-7 7.40666 7.0134e-05
-6.9 7.45085 1.93712e-05
-6.8 7.4958 2.01029e-05
-6.7 7.54137 2.07192e-05
-6.6 7.5877 2.10139e-05
-6.5 7.63482 2.15544e-05
-6.4 7.68274 2.22531e-05
-6.3 7.73158 2.25227e-05
-6.2 7.78148 2.34833e-05
-6.1 7.83265 2.78573e-05
-6 7.88534 4.20463e-05
-5.9 7.93945 2.56883e-05
-5.8 7.99523 2.67828e-05
-5.7 8.05249 2.73544e-05
-5.6 8.11117 2.81399e-05
-5.5 8.17127 2.85587e-05
-5.4 8.23277 2.95034e-05
-5.3 8.29573 3.05969e-05
-5.2 8.36024 3.17555e-05
-5.1 8.42642 3.29452e-05
-5 8.49445 3.42812e-05
-4.9 8.56458 3.52648e-05
-4.8 8.63699 3.60833e-05
-4.7 8.71186 3.79119e-05
-4.6 8.78919 4.00585e-05
-4.5 8.86899 4.26599e-05
-4.4 8.95123 4.6102e-05
-4.3 9.036 7.96941e-05
-4.2 9.12316 4.63669e-05
-4.1 9.21318 4.74813e-05
-4 9.30623 5.00344e-05
-3.9 9.40281 7.7182e-05
-3.8 9.50325 6.84832e-05
-3.7 9.60815 7.94293e-05
-3.6 9.71776 8.63229e-05
-3.5 9.83222 8.80064e-05
-3.4 9.95155 0.000101556
-3.3 10.0757 7.7771e-05
-3.2 10.2051 0.00011017
-3.1 10.3398 0.000123603
-3 10.4807 0.000132541
-2.9 10.6286 0.000160133
-2.8 10.7842 0.000169678
-2.7 10.9487 0.00025141
-2.6 11.1222 0.000222762
-2.5 11.3059 0.000295777
-2.4 11.5004 0.000333086
-2.3 11.7051 0.000368906
-2.2 11.9238 0.000419032
-2.1 12.1566 0.000504637
-2 12.4084 0.000625726
-1.9 12.6796 0.000750271
-1.8 12.9766 0.000945835
-1.7 13.3022 0.00119955
-1.6 13.6575 0.00128255
-1.5 14.0489 0.00142025
-1.4 14.4899 0.00166583
-1.3 14.9858 0.00200495
-1.2 15.5555 0.00224635
-1.1 16.2125 0.00266222
-1 16.9784 0.00301817
-0.9 17.8868 0.00386444
-0.8 18.9842 0.00441394
-0.7 20.3259 0.00493957
-0.6 22.0442 0.00620916
-0.5 24.3418 0.00709082
-0.4 27.6748 0.00772998
-0.3 32.938 0.0103401
-0.2 40.2939 0.0121004
-0.1 52.5294 0.0141794
0 67.065 0.0163095
0.1 82.5219 0.0178381
0.2 97.825 0.0176908
0.3 110.686 0.0256419
0.4 121.776 0.0310111
0.5 131.964 0.048191
0.6 141.23 0.0813961
0.7 150.172 0.137913
0.8 158.36 0.286259
0.9 164.821 0.612956
1 173.579 1.5445
1.1 153.236 8.92179
1.2 21.9179 5.27217
1.3 0 0
1.4 0 0
1.5 0 0
1.6 0 0
1.7 0 0
1.8 0 0
1.9 0 0
2 0 0
2.1 0 0
2.2 0 0
2.3 0 0
2.4 0 0
2.5 0 0
2.6 0 0
2.7 0 0
2.8 0 0
2.9 0 0
3 0 0
3.1 0 0
3.2 0 0
3.3 0 0
3.4 0 0
3.5 0 0
3.6 0 0
3.7 0 0
3.8 0 0
3.9 0 0
4 0 0
4.1 0 0
4.2 0 0
4.3 0 0
4.4 0 0
4.5 0 0
4.6 0 0
4.7 0 0
4.8 0 0
4.9 0 0
5 0 0
5.1 0 0
5.2 0 0
5.3 0 0
5.4 0 0
5.5 0 0
5.6 0 0
5.7 0 0
5.8 0 0
5.9 0 0
6 0 0
6.1 0 0
6.2 0 0
6.3 0 0
6.4 0 0
6.5 0 0
6.6 0 0
6.7 0 0
6.8 0 0
6.9 0 0
7 0 0
7.1 0 0
7.2 0 0
7.3 0 0
7.4 0 0
7.5 0 0
7.6 0 0
7.7 0 0
7.8 0 0
7.9 0 0
8 0 0
8.1 0 0
8.2 0 0
8.3 0 0
8.4 0 0
8.5 0 0
8.6 0 0
8.7 0 0
8.8 0 0
8.9 0 0
9 0 0
9.1 0 0
9.2 0 0
9.3 0 0
9.4 0 0
9.5 0 0
9.6 0 0
9.7 0 0
9.8 0 0
9.9 0 0
10 0 0
10.1 0 0
10.2 0 0
10.3 0 0
10.4 0 0
10.5 0 0
10.6 0 0
10.7 0 0
10.8 0 0
10.9 0 0
11 0 0
11.1 0 0
11.2 0 0
11.3 0 0
11.4 0 0
11.5 0 0
11.6 0 0
11.7 0 0
11.8 0 0
11.9 0 0
12 0 0
12.1 0 0
12.2 0 0
