-15.2 6.76039 0.0105101
-15.1 7.23878 0.0110029
-15 7.50913 0.0126608
-14.9 7.73714 0.0141138
-14.8 7.90069 0.0127093
-14.7 8.03528 0.01381
-14.6 8.17384 0.0133963
-14.5 8.26012 0.0135407
-14.4 8.328 0.0130325
-14.3 8.43384 0.0138396
-14.2 8.53783 0.0149067
-14.1 8.62155 0.013916
-14 8.69363 0.0150848
-13.9 8.76542 0.0138307
-13.8 8.82994 0.0140579
-13.7 8.91733 0.0149174
-13.6 8.96322 0.0141591
-13.5 9.0089 0.0145735
-13.4 9.07423 0.0156295
-13.3 9.15002 0.0135137
-13.2 9.19777 0.0129937
-13.1 9.24796 0.0146305
-13 9.28036 0.0144461
-12.9 9.34105 0.0157077
-12.8 9.3961 0.0164693
-12.7 9.43835 0.0139884
-12.6 9.47634 0.0149638
-12.5 9.51125 0.0143343
-12.4 9.55797 0.0159087
-12.3 9.58738 0.0136193
-12.2 9.63291 0.0142256
-12.1 9.66488 0.0141569
-12 9.70591 0.013436
-11.9 9.75315 0.0144708
-11.8 9.76903 0.0143937
-11.7 9.82749 0.0152635
-11.6 9.89076 0.0159122
-11.5 9.92509 0.0151785
-11.4 9.95553 0.0152214
-11.3 9.9667 0.0144915
-11.2 10.0271 0.0121704
-11.1 10.0496 0.0144831
-11 10.0913 0.0133698
-10.9 10.1211 0.0143052
-10.8 10.1709 0.0149823
-10.7 10.1888 0.0148316
-10.6 10.2595 0.0164861
-10.5 10.256 0.0130287
-10.4 10.283 0.0142868
-10.3 10.3296 0.0140974
-10.2 10.336 0.0152976
-10.1 10.3944 0.013951
-10 10.4146 0.0140413
-9.9 10.4655 0.0142983
-9.8 10.4947 0.0154807
-9.7 10.5322 0.0154674
-9.6 10.5685 0.0145333
-9.5 10.6243 0.0155819
-9.4 10.6432 0.0146949
-9.3 10.6865 0.0139763
-9.2 10.6831 0.013084
-9.1 10.7339 0.0138524
-9 10.7754 0.0148856
-8.9 10.7957 0.0141774
-8.8 10.848 0.0123233
-8.7 10.8574 0.0146211
-8.6 10.8866 0.0140912
-8.5 10.9314 0.0129333
-8.4 10.9521 0.0145341
-8.3 10.9916 0.0139636
-8.2 11.0329 0.0140972
-8.1 11.0594 0.0144016
-8 11.0982 0.013458
-7.9 11.1374 0.0141885
-7.8 11.1523 0.0148633
-7.7 11.1895 0.0134207
-7.6 11.2104 0.0141335
-7.5 11.2658 0.0138551
-7.4 11.3169 0.0129021
-7.3 11.3596 0.0135106
-7.2 11.391 0.0141928
-7.1 11.4278 0.0150685
-7 11.4514 0.012915
-6.9 11.5083 0.0141673
-6.8 11.5404 0.0143954
-6.7 11.6133 0.0136551
-6.6 11.6567 0.0139682
-6.5 11.6766 0.0121281
-6.4 11.7199 0.0143489
-6.3 11.7732 0.0117398
-6.2 11.8366 0.0133176
-6.1 11.8977 0.0136361
-6 11.9483 0.0146325
-5.9 11.994 0.0129503
-5.8 12.0384 0.0134788
-5.7 12.0667 0.0142814
-5.6 12.1309 0.0129193
-5.5 12.2037 0.0128641
-5.4 12.2549 0.0124958
-5.3 12.2811 0.0128234
-5.2 12.383 0.0133688
-5.1 12.4268 0.0129145
-5 12.4897 0.0122985
-4.9 12.5635 0.0116425
-4.8 12.6186 0.0124378
-4.7 12.6833 0.0126507
-4.6 12.7624 0.0126543
-4.5 12.831 0.012583
-4.4 12.8914 0.0125782
-4.3 12.9626 0.012976
-4.2 13.0423 0.0134286
-4.1 13.1177 0.0122066
-4 13.2065 0.0118414
-3.9 13.27 0.0123932
-3.8 13.3582 0.0125185
-3.7 13.4594 0.0110838
-3.6 13.5397 0.0121481
-3.5 13.6352 0.0118584
-3.4 13.7326 0.0124518
-3.3 13.8479 0.0118031
-3.2 13.9536 0.0114457
-3.1 14.0659 0.0115028
-3 14.1924 0.0116575
-2.9 14.2945 0.0109069
-2.8 14.4531 0.00980519
-2.7 14.5744 0.0103145
-2.6 14.7196 0.0106021
-2.5 14.8772 0.0101744
-2.4 15.0469 0.0101838
-2.3 15.2188 0.0109643
-2.2 15.4045 0.0110693
-2.1 15.6145 0.0110679
-2 15.8341 0.0110317
-1.9 16.0447 0.00988058
-1.8 16.2945 0.0100718
-1.7 16.5938 0.0088893
-1.6 16.8928 0.00959492
-1.5 17.208 0.0091005
-1.4 17.6236 0.00887409
-1.3 18.0677 0.00946003
-1.2 18.5628 0.00932658
-1.1 19.1564 0.00912144
-1 19.8442 0.00955443
-0.9 20.693 0.00847021
-0.8 21.7206 0.00767207
-0.7 22.9978 0.00889142
-0.6 24.6539 0.00963064
-0.5 26.8947 0.00951661
-0.4 30.1819 0.00940938
-0.3 35.4807 0.0117992
-0.2 49.3503 0.0155087
-0.1 64.0442 0.0179343
0 81.5869 0.0203101
0.1 100.337 0.0217281
0.2 118.949 0.0219928
0.3 117.269 0.0272994
0.4 128.878 0.0336913
0.5 139.424 0.0520247
0.6 148.558 0.0885596
0.7 155.817 0.148621
0.8 155.867 0.288382
0.9 134.121 0.563114
1 98.9186 0.678604
1.1 77.9821 0.768643
1.2 76.2401 0.821025
1.3 76.0484 0.830097
1.4 76.7111 0.875451
1.5 76.3496 0.77761
1.6 77.7659 0.810172
1.7 74.6449 0.805797
1.8 74.2741 0.864307
1.9 76.4517 0.833148
2 73.8959 0.828834
2.1 73.8684 0.889984
2.2 74.8769 0.87965
2.3 74.7326 0.862252
2.4 74.6997 0.81468
2.5 76.5771 0.746291
2.6 75.0916 0.85261
2.7 73.39 0.927772
2.8 74.9869 0.932068
2.9 74.8252 0.892462
3 74.0532 0.948122
3.1 76.7919 0.88757
3.2 75.1569 0.862604
3.3 74.3682 0.943205
3.4 74.0723 0.954581
3.5 74.1573 0.998259
3.6 73.1707 0.957655
3.7 74.7999 0.975799
3.8 71.586 1.00074
3.9 72.876 0.927459
4 73.5965 1.00641
4.1 73.4541 0.914537
4.2 72.8725 0.947984
4.3 74.0792 0.891012
4.4 73.0369 0.936561
4.5 71.1735 0.930863
4.6 73.498 1.01353
4.7 74.3223 0.920149
4.8 71.1118 1.01434
4.9 72.8109 1.03532
5 73.3552 0.999129
5.1 71.3263 0.952755
5.2 72.4786 0.928886
5.3 73.6666 1.00254
5.4 72.7302 1.04283
5.5 71.3097 1.11992
5.6 71.7353 1.10492
5.7 73.678 1.03652
5.8 73.1285 1.02602
5.9 70.8357 0.983826
6 72.8568 1.01679
6.1 70.4167 1.04631
6.2 72.3465 1.02434
6.3 69.8305 1.03773
6.4 70.2472 1.14693
6.5 69.8252 0.998232
6.6 71.1731 1.1281
6.7 71.9314 1.21077
6.8 70.0314 1.01796
6.9 71.656 1.08585
7 70.3345 1.21599
7.1 69.0242 1.07518
7.2 71.116 1.09836
7.3 79.8003 1.32726
7.4 80.3869 1.24526
7.5 80.5949 1.21141
7.6 81.0417 1.20253
7.7 82.9741 1.07803
7.8 81.6253 1.24148
7.9 80.27 1.17249
8 81.1023 1.14332
8.1 79.1542 1.27845
8.2 78.8365 1.15983
8.3 80.1587 1.22284
8.4 80.8575 1.22554
8.5 82.1216 1.20495
8.6 76.4116 1.33794
8.7 79.7034 1.27025
8.8 78.5763 1.28715
8.9 78.8049 1.36715
9 79.648 1.2588
9.1 79.9261 1.32008
9.2 77.6209 1.23494
9.3 79.0073 1.37285
9.4 79.6672 1.44917
9.5 80.5482 1.25632
9.6 78.8798 1.44385
9.7 79.4867 1.23723
9.8 79.2355 1.33038
9.9 80.2248 1.51075
10 76.9609 1.44521
10.1 79.2253 1.35284
10.2 78.6305 1.44634
10.3 76.9261 1.41444
10.4 77.3401 1.34577
10.5 78.3635 1.3866
10.6 77.7841 1.3933
10.7 76.7395 1.38054
10.8 77.4332 1.4645
10.9 75.937 1.5348
11 75.7222 1.42008
11.1 74.9698 1.40975
11.2 75.0085 1.37479
11.3 76.4638 1.27833
11.4 78.5115 1.31393
11.5 76.9799 1.4292
11.6 77.3962 1.39247
11.7 75.5962 1.57234
11.8 75.4958 1.42488
11.9 76.6933 1.48053
12 77.2641 1.38367
12.1 77.1673 1.46961
12.2 76.0691 1.39922
