-15.2 0.0122118 2.17123e-06
-15.1 0.0122438 2.15933e-06
-15 0.0122668 2.18098e-06
-14.9 0.0122856 2.18418e-06
-14.8 0.0123006 2.27232e-06
-14.7 0.0123132 2.23594e-06
-14.6 0.0123259 2.30419e-06
-14.5 0.0123352 2.2403e-06
-14.4 0.0123441 2.21752e-06
-14.3 0.0123519 2.25344e-06
-14.2 0.0123574 2.18921e-06
-14.1 0.0123633 2.27956e-06
-14 0.012368 2.20814e-06
-13.9 0.0123729 2.17551e-06
-13.8 0.0123761 2.24908e-06
-13.7 0.0123776 2.26195e-06
-13.6 0.0123781 2.27162e-06
-13.5 0.0123795 2.1871e-06
-13.4 0.0123795 2.22118e-06
-13.3 0.0123784 2.15907e-06
-13.2 0.0123779 2.17175e-06
-13.1 0.0123762 2.2741e-06
-13 0.0123745 2.2387e-06
-12.9 0.0123707 2.16609e-06
-12.8 0.0123674 2.19977e-06
-12.7 0.012364 2.25401e-06
-12.6 0.0123607 2.32104e-06
-12.5 0.0123566 2.37032e-06
-12.4 0.0123514 2.3178e-06
-12.3 0.0123441 2.21474e-06
-12.2 0.0123386 2.27164e-06
-12.1 0.0123316 2.22343e-06
-12 0.0123247 2.21032e-06
-11.9 0.0123168 2.28746e-06
-11.8 0.0123091 2.25378e-06
-11.7 0.0123018 2.22479e-06
-11.6 0.0122939 2.16372e-06
-11.5 0.0122846 2.18963e-06
-11.4 0.0122745 2.22521e-06
-11.3 0.0122655 2.25197e-06
-11.2 0.0122561 2.25687e-06
-11.1 0.0122458 2.34694e-06
-11 0.0122358 2.25174e-06
-10.9 0.0122253 2.31829e-06
-10.8 0.012214 2.26791e-06
-10.7 0.0122015 2.37488e-06
-10.6 0.0121903 2.40789e-06
-10.5 0.0121776 2.2948e-06
-10.4 0.0121658 2.34803e-06
-10.3 0.0121526 2.37463e-06
-10.2 0.0121386 2.40317e-06
-10.1 0.0121253 2.42506e-06
-10 0.0121122 2.45832e-06
-9.9 0.0120983 2.4662e-06
-9.8 0.0120829 2.46944e-06
-9.7 0.0120688 2.45135e-06
-9.6 0.0120538 2.36635e-06
-9.5 0.0120396 2.31103e-06
-9.4 0.0120251 2.31695e-06
-9.3 0.0120086 2.37104e-06
-9.2 0.0119919 2.35878e-06
-9.1 0.0119756 2.3825e-06
-9 0.0119603 2.37528e-06
-8.9 0.011945 2.46033e-06
-8.8 0.0119287 2.52743e-06
-8.7 0.0119106 2.44329e-06
-8.6 0.0118926 2.38661e-06
-8.5 0.0118756 2.46788e-06
-8.4 0.0118588 2.43756e-06
-8.3 0.0118404 2.41424e-06
-8.2 0.0118211 2.29094e-06
-8.1 0.0118026 2.23663e-06
-8 0.0117854 2.25718e-06
-7.9 0.0117662 2.18891e-06
-7.8 0.0117475 2.22473e-06
-7.7 0.0117305 2.23057e-06
-7.6 0.0117113 2.24199e-06
-7.5 0.0116909 2.27503e-06
-7.4 0.011672 2.3098e-06
-7.3 0.0116511 2.35636e-06
-7.2 0.0116313 2.37862e-06
-7.1 0.0116111 2.37124e-06
-7 0.0115911 2.3463e-06
-6.9 0.0115719 2.37014e-06
-6.8 0.0115524 2.46397e-06
-6.7 0.0115292 2.43644e-06
-6.6 0.0115093 2.44216e-06
-6.5 0.011491 2.474e-06
-6.4 0.0114702 2.39233e-06
-6.3 0.01145 2.41172e-06
-6.2 0.0114286 2.39116e-06
-6.1 0.0114055 2.43007e-06
-6 0.0113842 2.51789e-06
-5.9 0.0113616 2.42598e-06
-5.8 0.0113389 2.45081e-06
-5.7 0.0113166 2.44259e-06
-5.6 0.0112944 2.40767e-06
-5.5 0.0112723 2.38242e-06
-5.4 0.0112507 2.29652e-06
-5.3 0.0112279 2.2839e-06
-5.2 0.0112053 2.3847e-06
-5.1 0.0111815 2.4578e-06
-5 0.0111562 2.39283e-06
-4.9 0.0111323 2.33954e-06
-4.8 0.0111075 2.33317e-06
-4.7 0.0110851 2.24998e-06
-4.6 0.01106 2.28859e-06
-4.5 0.0110351 2.28423e-06
-4.4 0.0110101 2.32965e-06
-4.3 0.0109866 2.26251e-06
-4.2 0.0109601 2.26032e-06
-4.1 0.0109342 2.2256e-06
-4 0.0109085 2.2962e-06
-3.9 0.0108817 2.24011e-06
-3.8 0.0108557 2.22181e-06
-3.7 0.0108301 2.21986e-06
-3.6 0.0108035 2.19784e-06
-3.5 0.0107772 2.17713e-06
-3.4 0.0107514 2.17521e-06
-3.3 0.0107238 2.21654e-06
-3.2 0.0106958 2.31115e-06
-3.1 0.0106678 2.23886e-06
-3 0.0106404 2.27964e-06
-2.9 0.0106114 2.33324e-06
-2.8 0.0105824 2.26678e-06
-2.7 0.0105528 2.29659e-06
-2.6 0.0105229 2.24577e-06
-2.5 0.0104941 2.18036e-06
-2.4 0.0104644 2.17259e-06
-2.3 0.0104348 2.23066e-06
-2.2 0.0104057 2.2478e-06
-2.1 0.0103751 2.2669e-06
-2 0.0103418 2.2397e-06
-1.9 0.0103111 2.18659e-06
-1.8 0.0102781 2.21864e-06
-1.7 0.0102464 2.20473e-06
-1.6 0.0102138 2.19142e-06
-1.5 0.0101789 2.16928e-06
-1.4 0.0101437 2.14554e-06
-1.3 0.0101075 2.08427e-06
-1.2 0.0100711 2.06357e-06
-1.1 0.0100315 2.0938e-06
-1 0.00999099 2.08884e-06
-0.9 0.00994717 2.09409e-06
-0.8 0.00989947 2.06024e-06
-0.7 0.00984461 2.10121e-06
-0.6 0.00978056 2.05008e-06
-0.5 0.00970249 2.12761e-06
-0.4 0.0096008 2.11668e-06
-0.3 0.00944969 2.08737e-06
-0.2 0.00915819 1.95315e-06
-0.1 0.00861847 1.91586e-06
0 0.0076593 1.87376e-06
0.1 0.00623366 1.76552e-06
0.2 0.00454107 1.52513e-06
0.3 0.00304126 1.26805e-06
0.4 0.00199909 1.11544e-06
0.5 0.00136299 1.00736e-06
0.6 0.00104345 1.02273e-06
0.7 0.00090981 9.70853e-07
0.8 0.000859893 8.93481e-07
0.9 0.000840563 9.14988e-07
1 0.000828147 9.03993e-07
1.1 0.000817605 9.19168e-07
1.2 0.000808175 8.61447e-07
1.3 0.000798459 8.93231e-07
1.4 0.000788741 8.2268e-07
1.5 0.000779406 7.99226e-07
1.6 0.000770873 8.88329e-07
1.7 0.000762311 8.65343e-07
1.8 0.000753805 8.35906e-07
1.9 0.000745365 7.84568e-07
2 0.000736106 8.56671e-07
2.1 0.000727986 8.54032e-07
2.2 0.000719506 8.4609e-07
2.3 0.000711282 8.19114e-07
2.4 0.000703113 7.74449e-07
2.5 0.000694767 7.85717e-07
2.6 0.000687354 8.35804e-07
2.7 0.000679504 8.47458e-07
2.8 0.000671718 8.00588e-07
2.9 0.000663827 8.55849e-07
3 0.000656748 7.84412e-07
3.1 0.000649317 7.78033e-07
3.2 0.000641145 7.70377e-07
3.3 0.000633189 7.22621e-07
3.4 0.00062703 7.23326e-07
3.5 0.000620233 7.93338e-07
3.6 0.000613137 7.72077e-07
3.7 0.000606024 7.69089e-07
3.8 0.000599568 7.60179e-07
3.9 0.000592946 7.14036e-07
4 0.000585819 7.5185e-07
4.1 0.000579644 7.52119e-07
4.2 0.000573804 7.02399e-07
4.3 0.000567485 7.4167e-07
4.4 0.000560266 7.41408e-07
4.5 0.000553875 7.3682e-07
4.6 0.000547609 7.05006e-07
4.7 0.0005423 7.06123e-07
4.8 0.000535927 6.968e-07
4.9 0.000530855 7.56752e-07
5 0.000525195 7.37727e-07
5.1 0.000519723 7.15371e-07
5.2 0.000512755 6.92675e-07
5.3 0.000506444 6.45764e-07
5.4 0.000501021 6.46549e-07
5.5 0.000495375 6.7116e-07
5.6 0.00049019 6.69029e-07
5.7 0.000484679 6.86365e-07
5.8 0.000479185 6.38104e-07
5.9 0.000474334 6.50502e-07
6 0.000469388 6.06359e-07
6.1 0.000463754 6.22656e-07
6.2 0.000457508 6.3057e-07
6.3 0.000452386 6.0815e-07
6.4 0.000448489 6.29966e-07
6.5 0.000443278 6.36222e-07
6.6 0.000438062 6.14347e-07
6.7 0.000433519 6.60915e-07
6.8 0.000429544 6.344e-07
6.9 0.000424697 6.05638e-07
7 0.000419993 6.05824e-07
7.1 0.000415563 6.74263e-07
7.2 0.000411411 6.67085e-07
7.3 0.000406882 6.28545e-07
7.4 0.000402044 5.82611e-07
7.5 0.000397196 6.19392e-07
7.6 0.000391787 6.55673e-07
7.7 0.000387348 6.23246e-07
7.8 0.000383235 6.17676e-07
7.9 0.000379392 6.38709e-07
8 0.000374688 6.69718e-07
8.1 0.000369495 6.28669e-07
8.2 0.000364281 6.25987e-07
8.3 0.000359817 6.32839e-07
8.4 0.00035535 5.71885e-07
8.5 0.000351389 5.83884e-07
8.6 0.000347887 5.67399e-07
8.7 0.000342885 6.04527e-07
8.8 0.0003379 5.6705e-07
8.9 0.00033383 5.64826e-07
9 0.000328607 5.51337e-07
9.1 0.000324536 5.72563e-07
9.2 0.000320639 5.31916e-07
9.3 0.000315799 5.13666e-07
9.4 0.000311782 5.18001e-07
9.5 0.000308055 5.29711e-07
9.6 0.000303124 5.27732e-07
9.7 0.000298994 5.59015e-07
9.8 0.000294959 5.23731e-07
9.9 0.000291033 5.07904e-07
10 0.000287589 4.89079e-07
10.1 0.000283013 4.60934e-07
10.2 0.000278843 4.89128e-07
10.3 0.000274565 5.27191e-07
10.4 0.000270723 5.03913e-07
10.5 0.000266366 4.82658e-07
10.6 0.000262087 4.52676e-07
10.7 0.00025797 4.80186e-07
10.8 0.000253534 4.46431e-07
10.9 0.000249829 4.54098e-07
11 0.000245546 4.56214e-07
11.1 0.000241792 4.79473e-07
11.2 0.000237565 4.73661e-07
11.3 0.000233265 4.65327e-07
11.4 0.000229057 4.54296e-07
11.5 0.000225033 4.3252e-07
11.6 0.000220541 4.11389e-07
11.7 0.000216658 4.11258e-07
11.8 0.000212487 3.99428e-07
11.9 0.000208206 3.72268e-07
12 0.000203403 4.06143e-07
12.1 0.000199016 3.88603e-07
12.2 0.000193037 3.49062e-07
