-15.2 0.0672303 3.94177e-05
-15.1 0.067742 4.42351e-05
-15 0.0681792 3.93214e-05
-14.9 0.0687268 4.69231e-05
-14.8 0.068881 4.24687e-05
-14.7 0.0693239 4.59153e-05
-14.6 0.0696357 4.33442e-05
-14.5 0.0697447 4.04169e-05
-14.4 0.0702323 4.13494e-05
-14.3 0.0703587 4.73077e-05
-14.2 0.0706817 5.14654e-05
-14.1 0.0709575 4.79017e-05
-14 0.0710745 4.70364e-05
-13.9 0.0715425 4.44059e-05
-13.8 0.0715574 4.69558e-05
-13.7 0.0718769 4.69558e-05
-13.6 0.072111 5.05673e-05
-13.5 0.0721184 4.79039e-05
-13.4 0.0726064 4.48524e-05
-13.3 0.0726804 5.12247e-05
-13.2 0.0729509 4.6663e-05
-13.1 0.0731001 4.74353e-05
-13 0.0732501 4.6171e-05
-12.9 0.073542 5.00334e-05
-12.8 0.0735489 4.17766e-05
-12.7 0.0739276 4.77262e-05
-12.6 0.0739755 4.47044e-05
-12.5 0.0742676 4.50562e-05
-12.4 0.0743598 4.64987e-05
-12.3 0.0745357 3.97019e-05
-12.2 0.0748161 4.21017e-05
-12.1 0.0749193 4.05565e-05
-12 0.075164 4.42031e-05
-11.9 0.0752216 5.01116e-05
-11.8 0.075545 4.34679e-05
-11.7 0.0755439 4.77061e-05
-11.6 0.0758714 4.78401e-05
-11.5 0.075929 5.10638e-05
-11.4 0.0761813 4.76773e-05
-11.3 0.0762735 5.11309e-05
-11.2 0.0765404 4.87396e-05
-11.1 0.0766375 4.75328e-05
-11 0.0769373 4.8804e-05
-10.9 0.0770158 5.16581e-05
-10.8 0.0772317 5.19096e-05
-10.7 0.077336 4.68466e-05
-10.6 0.077619 4.846e-05
-10.5 0.077686 5.07906e-05
-10.4 0.0779746 5.14609e-05
-10.3 0.078006 5.00475e-05
-10.2 0.0783612 4.62641e-05
-10.1 0.0784295 5.19775e-05
-10 0.0787098 5.72528e-05
-9.9 0.0787106 5.17322e-05
-9.8 0.0789311 5.86305e-05
-9.7 0.0791291 5.89512e-05
-9.6 0.0792327 5.4563e-05
-9.5 0.0795327 5.96115e-05
-9.4 0.0795606 5.35262e-05
-9.3 0.0799122 5.66404e-05
-9.2 0.0799477 5.58347e-05
-9.1 0.0801987 5.6227e-05
-9 0.0803892 4.91364e-05
-8.9 0.0804911 5.56311e-05
-8.8 0.0807812 5.82255e-05
-8.7 0.0809124 5.52974e-05
-8.6 0.0810679 5.17476e-05
-8.5 0.0812966 5.53087e-05
-8.4 0.0814701 5.55712e-05
-8.3 0.0816652 5.33053e-05
-8.2 0.081919 5.12097e-05
-8.1 0.0820772 5.53967e-05
-8 0.0822414 5.39915e-05
-7.9 0.0824745 5.10831e-05
-7.8 0.0826076 4.82764e-05
-7.7 0.0827867 4.75812e-05
-7.6 0.0829442 4.82534e-05
-7.5 0.0831875 4.50711e-05
-7.4 0.0834017 5.367e-05
-7.3 0.0836344 5.63782e-05
-7.2 0.0838988 5.82317e-05
-7.1 0.0841956 6.25567e-05
-7 0.0844574 5.53935e-05
-6.9 0.0847836 5.396e-05
-6.8 0.0850724 5.70195e-05
-6.7 0.0854095 5.49257e-05
-6.6 0.0856865 5.98934e-05
-6.5 0.0859507 5.4809e-05
-6.4 0.0863075 5.34316e-05
-6.3 0.0866831 5.76245e-05
-6.2 0.0870174 6.0579e-05
-6.1 0.08743 6.12246e-05
-6 0.0877538 5.58807e-05
-5.9 0.0880603 5.87045e-05
-5.8 0.0884618 5.99146e-05
-5.7 0.0887983 5.68054e-05
-5.6 0.0892787 5.16267e-05
-5.5 0.0897127 5.60353e-05
-5.4 0.0900546 6.05615e-05
-5.3 0.0904721 5.57323e-05
-5.2 0.0909519 5.66606e-05
-5.1 0.0913883 5.77645e-05
-5 0.0919086 5.26748e-05
-4.9 0.092351 5.62799e-05
-4.8 0.0928649 5.83858e-05
-4.7 0.0934011 6.16491e-05
-4.6 0.0939528 6.38931e-05
-4.5 0.0944439 5.97502e-05
-4.4 0.0949835 5.80873e-05
-4.3 0.0956604 6.34947e-05
-4.2 0.0962646 6.41832e-05
-4.1 0.096893 6.60759e-05
-4 0.0975485 6.45675e-05
-3.9 0.0982044 5.88648e-05
-3.8 0.0988761 5.80135e-05
-3.7 0.0997077 5.98743e-05
-3.6 0.10045 5.9107e-05
-3.5 0.101301 6.32936e-05
-3.4 0.102164 6.07192e-05
-3.3 0.10309 6.32563e-05
-3.2 0.104051 6.48833e-05
-3.1 0.104986 6.11399e-05
-3 0.106063 6.3065e-05
-2.9 0.107137 6.44854e-05
-2.8 0.108323 6.46729e-05
-2.7 0.109534 6.08272e-05
-2.6 0.11084 6.47241e-05
-2.5 0.112206 6.8382e-05
-2.4 0.113677 7.1382e-05
-2.3 0.115158 6.92517e-05
-2.2 0.116775 7.55938e-05
-2.1 0.118529 7.30535e-05
-2 0.120373 7.3454e-05
-1.9 0.122422 8.2479e-05
-1.8 0.124634 7.86541e-05
-1.7 0.126957 7.88533e-05
-1.6 0.129546 7.53191e-05
-1.5 0.132344 8.30288e-05
-1.4 0.135485 7.94044e-05
-1.3 0.138907 7.99509e-05
-1.2 0.142723 8.59279e-05
-1.1 0.14713 8.18016e-05
-1 0.152011 8.78111e-05
-0.9 0.157547 9.45541e-05
-0.8 0.163972 9.57222e-05
-0.7 0.171453 0.000106761
-0.6 0.180325 0.000107723
-0.5 0.191122 0.000109828
-0.4 0.204905 0.000123601
-0.3 0.222418 0.000124055
-0.2 0.243437 0.000142812
-0.1 0.266848 0.000162097
0 0.276561 0.000175714
0.1 0.256522 0.000176668
0.2 0.20353 0.00013761
0.3 0.135388 0.000136653
0.4 0.0773642 9.96203e-05
0.5 0.0368185 6.60208e-05
0.6 0.0145317 4.68574e-05
0.7 0.00473623 2.44228e-05
0.8 0.00136634 1.54984e-05
0.9 0.000438473 8.94853e-06
1 0.000252532 6.56843e-06
1.1 0.000206943 5.48903e-06
1.2 0.000204291 6.43594e-06
1.3 0.000212459 5.80499e-06
1.4 0.000195137 5.33787e-06
1.5 0.000195335 6.2575e-06
1.6 0.000199367 5.68242e-06
1.7 0.000190535 6.22283e-06
1.8 0.000203873 5.98666e-06
1.9 0.000197448 5.58199e-06
2 0.000189583 5.05463e-06
2.1 0.000182934 5.39549e-06
2.2 0.000182475 5.90755e-06
2.3 0.000188428 5.11329e-06
2.4 0.000171558 5.5934e-06
2.5 0.000181574 5.37153e-06
2.6 0.000179365 4.70202e-06
2.7 0.000184983 5.9483e-06
2.8 0.000175176 5.61683e-06
2.9 0.000168619 5.42547e-06
3 0.000173124 5.66078e-06
3.1 0.000179654 5.55034e-06
3.2 0.000173667 5.70055e-06
3.3 0.000168193 5.1565e-06
3.4 0.000173436 6.0461e-06
3.5 0.000160209 5.44732e-06
3.6 0.000162692 5.22774e-06
3.7 0.000158005 4.80297e-06
3.8 0.000152957 5.71157e-06
3.9 0.000154637 5.60947e-06
4 0.000159854 5.65285e-06
4.1 0.000156205 4.96702e-06
4.2 0.000148002 4.9662e-06
4.3 0.000153074 4.64745e-06
4.4 0.000152162 5.14513e-06
4.5 0.000146248 4.49228e-06
4.6 0.000144146 4.96328e-06
4.7 0.000147196 4.96171e-06
4.8 0.000139699 4.80499e-06
4.9 0.000140717 4.67558e-06
5 0.000135059 4.7319e-06
5.1 0.000125719 4.56611e-06
5.2 0.000128573 4.73039e-06
5.3 0.000130837 4.52262e-06
5.4 0.000133024 5.19198e-06
5.5 0.000125392 4.34569e-06
5.6 0.000135216 5.20924e-06
5.7 0.000129782 5.00949e-06
5.8 0.000120123 4.28696e-06
5.9 0.000123219 4.7095e-06
6 0.000118118 4.05571e-06
6.1 0.000125765 5.0128e-06
6.2 0.000117786 4.35359e-06
6.3 0.000118219 4.435e-06
6.4 0.00012145 4.57358e-06
6.5 0.000120542 4.9471e-06
6.6 0.000111854 3.92656e-06
6.7 0.00010817 4.1093e-06
6.8 0.000118012 4.46098e-06
6.9 0.000122277 4.90407e-06
7 0.000107029 4.79746e-06
7.1 0.00011056 4.16898e-06
7.2 0.000110111 4.2263e-06
7.3 0.000104789 4.14904e-06
7.4 0.000101523 4.63587e-06
7.5 0.000106482 3.98169e-06
7.6 0.000109024 3.7961e-06
7.7 0.000104907 3.47384e-06
7.8 0.000102942 3.86521e-06
7.9 0.000107286 3.96121e-06
8 0.000104844 4.22664e-06
8.1 0.000109975 4.2054e-06
8.2 0.000108291 4.67062e-06
8.3 9.94393e-05 3.77519e-06
8.4 0.000104338 4.49316e-06
8.5 0.000103673 4.12401e-06
8.6 0.000100872 4.08642e-06
8.7 9.84062e-05 4.12284e-06
8.8 9.71494e-05 3.99651e-06
8.9 9.50769e-05 3.61248e-06
9 9.05958e-05 3.4949e-06
9.1 8.72477e-05 3.53901e-06
9.2 8.52298e-05 3.19881e-06
9.3 8.70053e-05 3.40439e-06
9.4 9.18061e-05 3.95422e-06
9.5 9.14346e-05 4.16231e-06
9.6 8.9676e-05 3.60443e-06
9.7 8.98385e-05 3.19875e-06
9.8 9.23927e-05 3.71114e-06
9.9 8.87205e-05 3.38186e-06
10 8.64083e-05 3.546e-06
10.1 8.44878e-05 3.4248e-06
10.2 8.30286e-05 3.63641e-06
10.3 8.39555e-05 3.79801e-06
10.4 8.66063e-05 3.85917e-06
10.5 8.36745e-05 4.03481e-06
10.6 9.00684e-05 3.98234e-06
10.7 8.33528e-05 3.5508e-06
10.8 7.68405e-05 3.75245e-06
10.9 7.91975e-05 4.01564e-06
11 7.70417e-05 3.82249e-06
11.1 7.19301e-05 3.68404e-06
11.2 7.58226e-05 3.5553e-06
11.3 6.83923e-05 3.12045e-06
11.4 7.42591e-05 3.34778e-06
11.5 7.1229e-05 3.48978e-06
11.6 7.25934e-05 3.83217e-06
11.7 6.94506e-05 3.04237e-06
11.8 7.54683e-05 3.38799e-06
11.9 7.30333e-05 3.28065e-06
12 6.87888e-05 3.00967e-06
12.1 7.59617e-05 3.46659e-06
12.2 6.95393e-05 3.08752e-06
