-15.2 4.19921 0.00399823
-15.1 4.19629 0.0038226
-15 4.21148 0.00379882
-14.9 4.23045 0.00393753
-14.8 4.23623 0.00371554
-14.7 4.25072 0.00383235
-14.6 4.26184 0.00349831
-14.5 4.26802 0.00390141
-14.4 4.29739 0.00370749
-14.3 4.30154 0.00383584
-14.2 4.32204 0.00405144
-14.1 4.33516 0.00386197
-14 4.3367 0.00352939
-13.9 4.36838 0.00371341
-13.8 4.37633 0.00387587
-13.7 4.39476 0.00395537
-13.6 4.41257 0.00402426
-13.5 4.41857 0.00384219
-13.4 4.44591 0.00398773
-13.3 4.43959 0.00388045
-13.2 4.47394 0.00393027
-13.1 4.486 0.00409787
-13 4.49538 0.00395505
-12.9 4.52899 0.00409924
-12.8 4.53038 0.0041017
-12.7 4.56227 0.00423839
-12.6 4.56572 0.0036992
-12.5 4.59466 0.00369511
-12.4 4.60459 0.00397697
-12.3 4.62301 0.00419106
-12.2 4.65284 0.0040341
-12.1 4.6609 0.00403485
-12 4.6855 0.00427893
-11.9 4.69258 0.00384159
-11.8 4.72185 0.0037456
-11.7 4.72235 0.00367929
-11.6 4.76648 0.00454771
-11.5 4.77139 0.00410222
-11.4 4.80092 0.00427324
-11.3 4.80577 0.00410586
-11.2 4.84397 0.00437444
-11.1 4.86172 0.00442834
-11 4.8801 0.0039493
-10.9 4.89543 0.00427709
-10.8 4.92164 0.00419712
-10.7 4.93771 0.00431242
-10.6 4.965 0.00434141
-10.5 4.99066 0.00413266
-10.4 5.01522 0.00385726
-10.3 5.02582 0.0040575
-10.2 5.06955 0.00397099
-10.1 5.07376 0.00435459
-10 5.11449 0.00450492
-9.9 5.12221 0.00457563
-9.8 5.15915 0.00462956
-9.7 5.18697 0.00458918
-9.6 5.20814 0.00436263
-9.5 5.2326 0.00455764
-9.4 5.25737 0.00437864
-9.3 5.29626 0.00424033
-9.2 5.31014 0.004637
-9.1 5.33834 0.0040628
-9 5.37374 0.00401215
-8.9 5.3949 0.00434684
-8.8 5.43439 0.00461629
-8.7 5.46032 0.00431498
-8.6 5.49531 0.00438395
-8.5 5.52338 0.00426223
-8.4 5.55027 0.00487947
-8.3 5.589 0.0045509
-8.2 5.63147 0.00444234
-8.1 5.65452 0.00506009
-8 5.68833 0.00472999
-7.9 5.73594 0.00448657
-7.8 5.75738 0.00454517
-7.7 5.78593 0.00466363
-7.6 5.82922 0.00465672
-7.5 5.86606 0.00431241
-7.4 5.90924 0.00456028
-7.3 5.94313 0.00462758
-7.2 5.97995 0.0045343
-7.1 6.02515 0.00493528
-7 6.06345 0.00450646
-6.9 6.10843 0.0051799
-6.8 6.15301 0.00453274
-6.7 6.19561 0.00500973
-6.6 6.2314 0.00418699
-6.5 6.29111 0.00460413
-6.4 6.32769 0.00486559
-6.3 6.37618 0.00497847
-6.2 6.42076 0.00464313
-6.1 6.46754 0.00499515
-6 6.52018 0.00516201
-5.9 6.5679 0.00466671
-5.8 6.63379 0.00545355
-5.7 6.68 0.0047418
-5.6 6.73871 0.0047994
-5.5 6.79352 0.00477024
-5.4 6.84791 0.00470409
-5.3 6.91284 0.004864
-5.2 6.97976 0.00454973
-5.1 7.03197 0.00485023
-5 7.11543 0.00428532
-4.9 7.18345 0.00494125
-4.8 7.251 0.00491348
-4.7 7.32702 0.00465508
-4.6 7.39909 0.00511349
-4.5 7.48177 0.00454057
-4.4 7.55552 0.00482622
-4.3 7.62694 0.00454865
-4.2 7.72285 0.0047711
-4.1 7.81041 0.00495866
-4 7.89111 0.00479103
-3.9 8.00075 0.0050061
-3.8 8.10166 0.00507096
-3.7 8.20127 0.00482172
-3.6 8.30147 0.00474318
-3.5 8.40726 0.00514541
-3.4 8.52015 0.00539744
-3.3 8.64602 0.00504339
-3.2 8.75981 0.00526056
-3.1 8.88604 0.00484898
-3 9.00671 0.00489991
-2.9 9.15952 0.0052478
-2.8 9.29383 0.00499429
-2.7 9.45474 0.00478141
-2.6 9.61833 0.00505534
-2.5 9.7969 0.0050112
-2.4 9.98302 0.00470981
-2.3 10.1811 0.00481381
-2.2 10.4071 0.00508145
-2.1 10.6134 0.00517948
-2 10.8688 0.00510909
-1.9 11.1316 0.0049677
-1.8 11.4248 0.00525425
-1.7 11.7541 0.00535509
-1.6 12.1243 0.00530759
-1.5 12.5132 0.00549889
-1.4 12.9893 0.0061216
-1.3 13.5319 0.0058649
-1.2 14.1657 0.00659722
-1.1 14.9189 0.00782523
-1 15.8322 0.00811482
-0.9 16.9584 0.00951132
-0.8 18.3828 0.0113047
-0.7 20.1952 0.0126332
-0.6 22.6437 0.0148445
-0.5 26.0971 0.0173987
-0.4 31.5346 0.0192085
-0.3 41.1551 0.0265753
-0.2 55.046 0.0303912
-0.1 81.1631 0.0370585
0 114.218 0.0432543
0.1 151.397 0.0496215
0.2 190.192 0.0499702
0.3 223.169 0.0754622
0.4 253.415 0.0950727
0.5 281.619 0.146451
0.6 307.825 0.24664
0.7 334.094 0.436946
0.8 357.991 0.900881
0.9 377.97 1.95775
1 406.613 5.20663
1.1 419.529 53.5061
1.2 50.3818 13.5085
1.3 0 0
1.4 0 0
1.5 0 0
1.6 0 0
1.7 0 0
1.8 0 0
1.9 0 0
2 0 0
2.1 0 0
2.2 0 0
2.3 0 0
2.4 0 0
2.5 0 0
2.6 0 0
2.7 0 0
2.8 0 0
2.9 0 0
3 0 0
3.1 0 0
3.2 0 0
3.3 0 0
3.4 0 0
3.5 0 0
3.6 0 0
3.7 0 0
3.8 0 0
3.9 0 0
4 0 0
4.1 0 0
4.2 0 0
4.3 0 0
4.4 0 0
4.5 0 0
4.6 0 0
4.7 0 0
4.8 0 0
4.9 0 0
5 0 0
5.1 0 0
5.2 0 0
5.3 0 0
5.4 0 0
5.5 0 0
5.6 0 0
5.7 0 0
5.8 0 0
5.9 0 0
6 0 0
6.1 0 0
6.2 0 0
6.3 0 0
6.4 0 0
6.5 0 0
6.6 0 0
6.7 0 0
6.8 0 0
6.9 0 0
7 0 0
7.1 0 0
7.2 0 0
7.3 0 0
7.4 0 0
7.5 0 0
7.6 0 0
7.7 0 0
7.8 0 0
7.9 0 0
8 0 0
8.1 0 0
8.2 0 0
8.3 0 0
8.4 0 0
8.5 0 0
8.6 0 0
8.7 0 0
8.8 0 0
8.9 0 0
9 0 0
9.1 0 0
9.2 0 0
9.3 0 0
9.4 0 0
9.5 0 0
9.6 0 0
9.7 0 0
9.8 0 0
9.9 0 0
10 0 0
10.1 0 0
10.2 0 0
10.3 0 0
10.4 0 0
10.5 0 0
10.6 0 0
10.7 0 0
10.8 0 0
10.9 0 0
11 0 0
11.1 0 0
11.2 0 0
11.3 0 0
11.4 0 0
11.5 0 0
11.6 0 0
11.7 0 0
11.8 0 0
11.9 0 0
12 0 0
12.1 0 0
12.2 0 0
