-15.2 5.67893 0.00102845
-15.1 5.71773 0.00107212
-15 5.75595 0.00119759
-14.9 5.80154 0.00115385
-14.8 5.81806 0.00115693
-14.7 5.85651 0.00104099
-14.6 5.88432 0.00110168
-14.5 5.89789 0.0011767
-14.4 5.94341 0.00105863
-14.3 5.95825 0.00116585
-14.2 5.98749 0.00128175
-14.1 6.01521 0.00113613
-14 6.02831 0.00126852
-13.9 6.0704 0.0011305
-13.8 6.08268 0.00122916
-13.7 6.10863 0.00122635
-13.6 6.1355 0.00119793
-13.5 6.14665 0.00120481
-13.4 6.18773 0.00124757
-13.3 6.2007 0.00124732
-13.2 6.23051 0.00110175
-13.1 6.25303 0.00125727
-13 6.26908 0.00125309
-12.9 6.30396 0.00124713
-12.8 6.31413 0.00123353
-12.7 6.35386 0.0012797
-12.6 6.36453 0.00129082
-12.5 6.39598 0.00119919
-12.4 6.41572 0.0013247
-12.3 6.43835 0.00122797
-12.2 6.46735 0.00123451
-12.1 6.48215 0.00129487
-12 6.51524 0.00112588
-11.9 6.52955 0.00124011
-11.8 6.56588 0.00125799
-11.7 6.57952 0.00129272
-11.6 6.61788 0.0013034
-11.5 6.63249 0.00135204
-11.4 6.66596 0.00132916
-11.3 6.68211 0.00135167
-11.2 6.71595 0.00120416
-11.1 6.73454 0.00126622
-11 6.76807 0.00122689
-10.9 6.78799 0.00120827
-10.8 6.8192 0.00124331
-10.7 6.84035 0.00128373
-10.6 6.87448 0.00133334
-10.5 6.89417 0.00119654
-10.4 6.92761 0.00117194
-10.3 6.94295 0.00129809
-10.2 6.99077 0.00129068
-10.1 7.00321 0.00134555
-10 7.04431 0.00137334
-9.9 7.06414 0.00130745
-9.8 7.09683 0.00129519
-9.7 7.12842 0.00138818
-9.6 7.15236 0.00132159
-9.5 7.19424 0.00137685
-9.4 7.21116 0.00131983
-9.3 7.25574 0.00133878
-9.2 7.27662 0.00130758
-9.1 7.31106 0.0013649
-9 7.34629 0.00139433
-8.9 7.37204 0.00134074
-8.8 7.41467 0.00124382
-8.7 7.44158 0.00135222
-8.6 7.474 0.00126284
-8.5 7.51479 0.00130683
-8.4 7.54478 0.0013023
-8.3 7.5814 0.00135434
-8.2 7.62034 0.00134507
-8.1 7.65263 0.0013303
-8 7.69315 0.00138609
-7.9 7.73164 0.00136549
-7.8 7.76695 0.00147312
-7.7 7.80606 0.00124496
-7.6 7.84616 0.00135152
-7.5 7.88847 0.00139681
-7.4 7.93016 0.00140145
-7.3 7.9718 0.00138794
-7.2 8.01448 0.00149042
-7.1 8.05834 0.00147197
-7 8.10119 0.00123044
-6.9 8.14902 0.00141689
-6.8 8.1951 0.00140432
-6.7 8.24437 0.00137991
-6.6 8.29223 0.0013848
-6.5 8.33956 0.00123906
-6.4 8.39 0.00134691
-6.3 8.44428 0.0012674
-6.2 8.49594 0.00131878
-6.1 8.55284 0.00145555
-6 8.60941 0.00146495
-5.9 8.66368 0.00139929
-5.8 8.71927 0.00143996
-5.7 8.77684 0.00155796
-5.6 8.84099 0.00141168
-5.5 8.90274 0.00133125
-5.4 8.96673 0.00144261
-5.3 9.0295 0.00152158
-5.2 9.09918 0.00148128
-5.1 9.16651 0.00134594
-5 9.23946 0.00130573
-4.9 9.31232 0.00137926
-4.8 9.38629 0.0015136
-4.7 9.46418 0.00143298
-4.6 9.54211 0.00148514
-4.5 9.62261 0.00151361
-4.4 9.70516 0.00146614
-4.3 9.79348 0.00150789
-4.2 9.8826 0.00151102
-4.1 9.97584 0.00152066
-4 10.0697 0.00158177
-3.9 10.167 0.00148071
-3.8 10.2687 0.00139333
-3.7 10.3778 0.00145002
-3.6 10.4857 0.00146931
-3.5 10.6018 0.00138234
-3.4 10.7212 0.00141093
-3.3 10.8459 0.0014938
-3.2 10.976 0.00140019
-3.1 11.1108 0.00136816
-3 11.2527 0.00135866
-2.9 11.3988 0.00149509
-2.8 11.5576 0.00136601
-2.7 11.7195 0.00145328
-2.6 11.8923 0.00149367
-2.5 12.0745 0.00149862
-2.4 12.2683 0.00160909
-2.3 12.4699 0.00155448
-2.2 12.6855 0.00147701
-2.1 12.9168 0.00162482
-2 13.1631 0.00160901
-1.9 13.4251 0.00150598
-1.8 13.708 0.00150338
-1.7 14.0189 0.00151232
-1.6 14.3485 0.00160193
-1.5 14.7112 0.00142572
-1.4 15.1149 0.00155735
-1.3 15.5572 0.00162613
-1.2 16.0454 0.00172167
-1.1 16.5989 0.00163174
-1 17.2212 0.00159357
-0.9 17.9339 0.0017038
-0.8 18.7653 0.00182566
-0.7 19.7452 0.00187355
-0.6 20.925 0.00189444
-0.5 22.3898 0.00210078
-0.4 24.2788 0.00229946
-0.3 26.8197 0.00262669
-0.2 34.7085 0.00375253
-0.1 40.7188 0.00469305
0 48.1829 0.00596852
0.1 56.7331 0.00770386
0.2 65.8616 0.00960722
0.3 65.5368 0.0127246
0.4 72.2401 0.0169383
0.5 78.6434 0.0295828
0.6 84.0123 0.0549965
0.7 86.3807 0.10751
0.8 78.8013 0.241335
0.9 57.3847 0.368913
1 44.2507 0.406901
1.1 39.1975 0.340984
1.2 39.2062 0.378697
1.3 39.7731 0.412436
1.4 39.0071 0.429366
1.5 38.8753 0.387162
1.6 38.6294 0.385214
1.7 38.2374 0.420264
1.8 38.1756 0.417844
1.9 38.92 0.416899
2 38.3319 0.385143
2.1 38.6932 0.418428
2.2 38.6858 0.411318
2.3 38.7746 0.397785
2.4 38.9748 0.446116
2.5 38.385 0.413825
2.6 37.8436 0.407294
2.7 37.7728 0.398573
2.8 38.243 0.443456
2.9 38.121 0.420312
3 37.7473 0.460937
3.1 38.5204 0.420657
3.2 38.285 0.475223
3.3 37.6275 0.427557
3.4 38.5362 0.483904
3.5 37.2216 0.460573
3.6 37.7816 0.453603
3.7 37.8879 0.485961
3.8 36.788 0.392881
3.9 36.983 0.427934
4 37.8902 0.494468
4.1 38.4379 0.488228
4.2 37.3024 0.441408
4.3 37.5703 0.441628
4.4 37.0425 0.42179
4.5 36.3666 0.420624
4.6 36.8178 0.422225
4.7 37.883 0.453793
4.8 36.5252 0.41411
4.9 37.0653 0.448202
5 36.7275 0.43235
5.1 35.9038 0.449509
5.2 36.5086 0.446422
5.3 37.3936 0.450494
5.4 36.8974 0.473201
5.5 36.7516 0.480454
5.6 36.9247 0.445406
5.7 36.7282 0.477714
5.8 37.0284 0.474223
5.9 37.2295 0.514207
6 35.7479 0.438016
6.1 36.1464 0.462073
6.2 36.6361 0.478997
6.3 35.7989 0.499015
6.4 35.9746 0.484883
6.5 35.9196 0.469055
6.6 35.6586 0.485171
6.7 35.5473 0.484595
6.8 35.6149 0.457712
6.9 37.0024 0.539583
7 34.977 0.504403
7.1 35.2507 0.465575
7.2 35.7078 0.504543
7.3 40.6238 0.566483
7.4 40.651 0.566403
7.5 40.01 0.48565
7.6 40.7654 0.485124
7.7 41.0432 0.520585
7.8 40.3425 0.535773
7.9 40.7494 0.559058
8 40.7639 0.509401
8.1 40.0533 0.522169
8.2 39.9736 0.521452
8.3 39.8223 0.584129
8.4 39.9223 0.567313
8.5 40.6146 0.592285
8.6 39.6648 0.597742
8.7 40.2569 0.560933
8.8 39.566 0.499278
8.9 39.6512 0.540446
9 39.9552 0.574888
9.1 39.3936 0.543467
9.2 39.5144 0.545489
9.3 39.0383 0.543046
9.4 39.3589 0.547139
9.5 40.5372 0.632135
9.6 38.8979 0.504782
9.7 39.7534 0.574537
9.8 38.9471 0.599635
9.9 39.3741 0.575145
10 38.3435 0.543476
10.1 38.7236 0.572721
10.2 39.1535 0.612168
10.3 38.9146 0.557346
10.4 39.2493 0.586724
10.5 39.0987 0.611154
10.6 40.1389 0.721881
10.7 39.3359 0.644522
10.8 37.9517 0.571343
10.9 38.6474 0.609606
11 38.1412 0.579956
11.1 38.0101 0.613861
11.2 38.6023 0.640681
11.3 38.2819 0.57514
11.4 38.7308 0.62529
11.5 38.1654 0.617381
11.6 37.7259 0.526792
11.7 38.512 0.674444
11.8 38.5103 0.601669
11.9 37.771 0.595378
12 37.3254 0.526139
12.1 38.1792 0.643668
12.2 38.0648 0.596457
