-15.2 3.99153
-15.1 4.03422
-15 4.07055
-14.9 4.11449
-14.8 4.13249
-14.7 4.16761
-14.6 4.19377
-14.5 4.20631
-14.4 4.24526
-14.3 4.25881
-14.2 4.28451
-14.1 4.31173
-14 4.32226
-13.9 4.35875
-13.8 4.37039
-13.7 4.3943
-13.6 4.41834
-13.5 4.42763
-13.4 4.46373
-13.3 4.4747
-13.2 4.50093
-13.1 4.5203
-13 4.53464
-12.9 4.56518
-12.8 4.57424
-12.7 4.60659
-12.6 4.61731
-12.5 4.64344
-12.4 4.66098
-12.3 4.67995
-12.2 4.70494
-12.1 4.71861
-12 4.748
-11.9 4.76
-11.8 4.7892
-11.7 4.8032
-11.6 4.8348
-11.5 4.84825
-11.4 4.87611
-11.3 4.89021
-11.2 4.91893
-11.1 4.93587
-11 4.96326
-10.9 4.98098
-10.8 5.00834
-10.7 5.02585
-10.6 5.05515
-10.5 5.07181
-10.4 5.09894
-10.3 5.11463
-10.2 5.15299
-10.1 5.16444
-10 5.19975
-9.9 5.21741
-9.8 5.24542
-9.7 5.2712
-9.6 5.29343
-9.5 5.32857
-9.4 5.34432
-9.3 5.38131
-9.2 5.39916
-9.1 5.42895
-9 5.45964
-8.9 5.48091
-8.8 5.51755
-8.7 5.54083
-8.6 5.56861
-8.5 5.60295
-8.4 5.6282
-8.3 5.66064
-8.2 5.69367
-8.1 5.72231
-8 5.75576
-7.9 5.7892
-7.8 5.81843
-7.7 5.85347
-7.6 5.88779
-7.5 5.92372
-7.4 5.95977
-7.3 5.99692
-7.2 6.03305
-7.1 6.07049
-7 6.10753
-6.9 6.14908
-6.8 6.18843
-6.7 6.2319
-6.6 6.27291
-6.5 6.31418
-6.4 6.35782
-6.3 6.40348
-6.2 6.45149
-6.1 6.49915
-6 6.54811
-5.9 6.59624
-5.8 6.64534
-5.7 6.69505
-5.6 6.74947
-5.5 6.80558
-5.4 6.86027
-5.3 6.91554
-5.2 6.97893
-5.1 7.03711
-5 7.09995
-4.9 7.16444
-4.8 7.22934
-4.7 7.29734
-4.6 7.36817
-4.5 7.4394
-4.4 7.51263
-4.3 7.58956
-4.2 7.66919
-4.1 7.75054
-4 7.83675
-3.9 7.92235
-3.8 8.01415
-3.7 8.11022
-3.6 8.20784
-3.5 8.31046
-3.4 8.41732
-3.3 8.53025
-3.2 8.64779
-3.1 8.76954
-3 8.89828
-2.9 9.03106
-2.8 9.17454
-2.7 9.32206
-2.6 9.47961
-2.5 9.64657
-2.4 9.82386
-2.3 10.0112
-2.2 10.211
-2.1 10.4264
-2 10.6551
-1.9 10.8993
-1.8 11.1655
-1.7 11.4579
-1.6 11.7723
-1.5 12.1157
-1.4 12.5032
-1.3 12.9312
-1.2 13.408
-1.1 13.951
-1 14.5707
-0.9 15.2943
-0.8 16.1448
-0.7 17.1657
-0.6 18.4253
-0.5 20.031
-0.4 22.1839
-0.3 25.2662
-0.2 29.8484
-0.1 37.242
0 47.1218
0.1 59.2438
0.2 73.0418
0.3 86.4278
0.4 98.9824
0.5 111.362
0.6 122.089
0.7 127.452
0.8 113.383
0.9 71.4602
1 43.3385
1.1 33.8215
1.2 33.6442
1.3 33.5273
1.4 33.4933
1.5 33.5187
1.6 33.5187
1.7 32.7634
1.8 32.7382
1.9 33.0803
2 32.3541
2.1 32.3764
2.2 32.7252
2.3 32.808
2.4 32.9699
2.5 33.3195
2.6 32.6741
2.7 32.1035
2.8 32.6969
2.9 32.6308
3 32.7873
3.1 33.4574
3.2 32.6177
3.3 32.1714
3.4 32.1621
3.5 32.1843
3.6 31.7625
3.7 32.1386
3.8 31.2054
3.9 31.6268
4 31.9832
4.1 31.7244
4.2 31.3268
4.3 32.0063
4.4 31.5839
4.5 30.9165
4.6 31.7929
4.7 31.9436
4.8 31.0401
4.9 31.4382
5 31.1835
5.1 30.6085
5.2 31.1246
5.3 31.8325
5.4 31.352
5.5 30.9229
5.6 31.0576
5.7 31.6066
5.8 31.1507
5.9 30.5914
6 31.0623
6.1 30.3397
6.2 30.7368
6.3 29.9977
6.4 30.3568
6.5 30.1787
6.6 30.4787
6.7 30.6481
6.8 30.1893
6.9 31.0408
7 30.2819
7.1 29.6812
7.2 30.3958
7.3 30.31
7.4 30.2898
7.5 30.1357
7.6 30.4478
7.7 30.8708
7.8 30.2857
7.9 30.0383
8 30.0831
8.1 29.6311
8.2 29.5141
8.3 29.8332
8.4 30.0581
8.5 29.9691
8.6 28.6764
8.7 29.7389
8.8 29.205
8.9 29.6266
9 29.7467
9.1 29.5328
9.2 29.1317
9.3 29.4731
9.4 29.6733
9.5 29.666
9.6 29.4909
9.7 29.4665
9.8 29.36
9.9 29.705
10 28.6477
10.1 29.2048
10.2 29.0938
10.3 29.0278
10.4 28.8959
10.5 29.3111
10.6 28.8375
10.7 28.6752
10.8 28.5822
10.9 28.1074
11 28.1606
11.1 27.7561
11.2 28.0541
11.3 28.2959
11.4 29.0515
11.5 28.7717
11.6 28.345
11.7 28.0611
11.8 27.884
11.9 28.7198
12 28.7552
12.1 29.0063
12.2 28.483
