-15.2 0.0659387
-15.1 0.0664116
-15 0.0668469
-14.9 0.0673567
-14.8 0.0675177
-14.7 0.0679258
-14.6 0.0682045
-14.5 0.068311
-14.4 0.0687838
-14.3 0.0688973
-14.2 0.0691754
-14.1 0.0694365
-14 0.0695205
-13.9 0.0699353
-13.8 0.0700021
-13.7 0.0702227
-13.6 0.0704511
-13.5 0.0705001
-13.4 0.0708898
-13.3 0.0709517
-13.2 0.0712086
-13.1 0.0713766
-13 0.0714724
-12.9 0.0717792
-12.8 0.0717958
-12.7 0.0721515
-12.6 0.0721751
-12.5 0.0724291
-12.4 0.0725514
-12.3 0.072703
-12.2 0.0729268
-12.1 0.0729869
-12 0.073255
-11.9 0.0733009
-11.8 0.0736005
-11.7 0.0736416
-11.6 0.0739606
-11.5 0.0740021
-11.4 0.0742561
-11.3 0.0743189
-11.2 0.0745808
-11.1 0.0746625
-11 0.0749098
-10.9 0.0750032
-10.8 0.075223
-10.7 0.0753264
-10.6 0.0755758
-10.5 0.075666
-10.4 0.0758928
-10.3 0.0759478
-10.2 0.0763008
-10.1 0.0763016
-10 0.0766121
-9.9 0.0766846
-9.8 0.0768968
-9.7 0.0771013
-9.6 0.0772194
-9.5 0.0775256
-9.4 0.0775604
-9.3 0.077893
-9.2 0.0779664
-9.1 0.0781837
-9 0.0784085
-8.9 0.078526
-8.8 0.0788252
-8.7 0.0789521
-8.6 0.0791416
-8.5 0.0794172
-8.4 0.0795721
-8.3 0.0797955
-8.2 0.0800458
-8.1 0.0802206
-8 0.0804761
-7.9 0.0807067
-7.8 0.0809065
-7.7 0.0811468
-7.6 0.0813896
-7.5 0.0816541
-7.4 0.0819054
-7.3 0.0821616
-7.2 0.0824225
-7.1 0.0826937
-7 0.082953
-6.9 0.0832632
-6.8 0.0835522
-6.7 0.083869
-6.6 0.0841667
-6.5 0.0844603
-6.4 0.0847798
-6.3 0.0851389
-6.2 0.0854676
-6.1 0.0858408
-6 0.0862142
-5.9 0.0865543
-5.8 0.0869067
-5.7 0.0872736
-5.6 0.0877032
-5.5 0.0881123
-5.4 0.0885284
-5.3 0.0889362
-5.2 0.089403
-5.1 0.0898442
-5 0.090341
-4.9 0.0908267
-4.8 0.0913214
-4.7 0.0918445
-4.6 0.09237
-4.5 0.0929074
-4.4 0.093456
-4.3 0.0940661
-4.2 0.0946813
-4.1 0.0953248
-4 0.0959687
-3.9 0.0966313
-3.8 0.0973379
-3.7 0.0981079
-3.6 0.0988556
-3.5 0.0996682
-3.4 0.10051
-3.3 0.101398
-3.2 0.102325
-3.1 0.103288
-3 0.104304
-2.9 0.105353
-2.8 0.106511
-2.7 0.107678
-2.6 0.10894
-2.5 0.110282
-2.4 0.111709
-2.3 0.113196
-2.2 0.114796
-2.1 0.11652
-2 0.118356
-1.9 0.12032
-1.8 0.122449
-1.7 0.124815
-1.6 0.127317
-1.5 0.130075
-1.4 0.133182
-1.3 0.136585
-1.2 0.140338
-1.1 0.144608
-1 0.14941
-0.9 0.154895
-0.8 0.161279
-0.7 0.168754
-0.6 0.177654
-0.5 0.188538
-0.4 0.202196
-0.3 0.219648
-0.2 0.238228
-0.1 0.261364
0 0.270991
0.1 0.251967
0.2 0.199956
0.3 0.135574
0.4 0.0776013
0.5 0.0371013
0.6 0.0146433
0.7 0.00483607
0.8 0.0014425
0.9 0.000519066
1 0.000330624
1.1 0.000282641
1.2 0.000277327
1.3 0.000280802
1.4 0.000271167
1.5 0.000272387
1.6 0.000262014
1.7 0.000256522
1.8 0.000254213
1.9 0.000254807
2 0.000250306
2.1 0.000250477
2.2 0.000248835
2.3 0.000244658
2.4 0.000243878
2.5 0.000237107
2.6 0.000232367
2.7 0.000226633
2.8 0.000227888
2.9 0.000224238
3 0.000222094
3.1 0.000223398
3.2 0.000216776
3.3 0.00020923
3.4 0.000213539
3.5 0.000204748
3.6 0.000205909
3.7 0.000205845
3.8 0.000196775
3.9 0.000198052
4 0.000197595
4.1 0.000200814
4.2 0.000194256
4.3 0.000193804
4.4 0.000190351
4.5 0.000185221
4.6 0.000183856
4.7 0.000187363
4.8 0.000177213
4.9 0.000176592
5 0.000174722
5.1 0.000168074
5.2 0.000171193
5.3 0.000172351
5.4 0.000170318
5.5 0.000167886
5.6 0.000166361
5.7 0.000165923
5.8 0.00016515
5.9 0.000162016
6 0.000156091
6.1 0.000154571
6.2 0.000153115
6.3 0.000150755
6.4 0.000150639
6.5 0.000148855
6.6 0.000144318
6.7 0.000143705
6.8 0.000142238
6.9 0.000147146
7 0.000137403
7.1 0.000137245
7.2 0.000138798
7.3 0.000135268
7.4 0.000131994
7.5 0.000128163
7.6 0.000130226
7.7 0.000130904
7.8 0.000126709
7.9 0.000126662
8 0.000128024
8.1 0.000124469
8.2 0.000122176
8.3 0.000118757
8.4 0.000119557
8.5 0.000119016
8.6 0.000116445
8.7 0.000116963
8.8 0.000114177
8.9 0.000113278
9 0.000113106
9.1 0.000108628
9.2 0.000109453
9.3 0.000105612
9.4 0.000106084
9.5 0.000107662
9.6 0.000103111
9.7 0.000103897
9.8 0.000102133
9.9 0.000100297
10 9.78662e-05
10.1 9.9256e-05
10.2 9.87468e-05
10.3 9.86816e-05
10.4 9.74025e-05
10.5 9.5821e-05
10.6 9.7711e-05
10.7 9.42008e-05
10.8 8.99195e-05
10.9 9.22367e-05
11 9.05768e-05
11.1 8.70034e-05
11.2 8.7695e-05
11.3 8.81525e-05
11.4 8.83595e-05
11.5 8.4975e-05
11.6 8.40957e-05
11.7 8.38696e-05
11.8 8.39171e-05
11.9 8.3678e-05
12 8.07066e-05
12.1 8.15602e-05
12.2 8.03305e-05
