-15.2 0.0122118 2.16447e-06
-15.1 0.0122438 2.15237e-06
-15 0.0122667 2.17033e-06
-14.9 0.0122855 2.17325e-06
-14.8 0.0123006 2.26533e-06
-14.7 0.0123132 2.22287e-06
-14.6 0.0123259 2.30117e-06
-14.5 0.0123351 2.23375e-06
-14.4 0.0123441 2.21077e-06
-14.3 0.0123519 2.24597e-06
-14.2 0.0123574 2.18004e-06
-14.1 0.0123632 2.27725e-06
-14 0.012368 2.21019e-06
-13.9 0.012373 2.17074e-06
-13.8 0.0123761 2.24303e-06
-13.7 0.0123775 2.26404e-06
-13.6 0.012378 2.26434e-06
-13.5 0.0123794 2.18662e-06
-13.4 0.0123794 2.22031e-06
-13.3 0.0123783 2.15775e-06
-13.2 0.0123778 2.17295e-06
-13.1 0.0123761 2.27241e-06
-13 0.0123743 2.24296e-06
-12.9 0.0123705 2.16848e-06
-12.8 0.0123672 2.20093e-06
-12.7 0.0123639 2.25326e-06
-12.6 0.0123606 2.32632e-06
-12.5 0.0123566 2.36828e-06
-12.4 0.0123513 2.31373e-06
-12.3 0.012344 2.21578e-06
-12.2 0.0123386 2.27819e-06
-12.1 0.0123314 2.22756e-06
-12 0.0123245 2.2094e-06
-11.9 0.0123166 2.27768e-06
-11.8 0.0123089 2.25075e-06
-11.7 0.0123016 2.23425e-06
-11.6 0.0122938 2.17181e-06
-11.5 0.0122845 2.20093e-06
-11.4 0.0122745 2.22341e-06
-11.3 0.0122654 2.25263e-06
-11.2 0.012256 2.25356e-06
-11.1 0.0122457 2.3459e-06
-11 0.0122358 2.24562e-06
-10.9 0.0122252 2.3183e-06
-10.8 0.0122139 2.26558e-06
-10.7 0.0122015 2.37806e-06
-10.6 0.0121904 2.39965e-06
-10.5 0.0121776 2.28591e-06
-10.4 0.0121658 2.3427e-06
-10.3 0.0121525 2.3618e-06
-10.2 0.0121385 2.3878e-06
-10.1 0.0121252 2.41533e-06
-10 0.0121121 2.44799e-06
-9.9 0.0120982 2.45275e-06
-9.8 0.0120829 2.46449e-06
-9.7 0.0120687 2.44115e-06
-9.6 0.0120537 2.36437e-06
-9.5 0.0120394 2.3061e-06
-9.4 0.012025 2.31592e-06
-9.3 0.0120085 2.37144e-06
-9.2 0.0119918 2.36001e-06
-9.1 0.0119755 2.39887e-06
-9 0.0119602 2.38071e-06
-8.9 0.0119448 2.46272e-06
-8.8 0.0119286 2.51708e-06
-8.7 0.0119104 2.43494e-06
-8.6 0.0118924 2.37659e-06
-8.5 0.0118754 2.46596e-06
-8.4 0.0118587 2.43281e-06
-8.3 0.0118402 2.41194e-06
-8.2 0.011821 2.29107e-06
-8.1 0.0118026 2.2275e-06
-8 0.0117853 2.2519e-06
-7.9 0.011766 2.19131e-06
-7.8 0.0117474 2.23123e-06
-7.7 0.0117303 2.23697e-06
-7.6 0.0117112 2.24708e-06
-7.5 0.0116908 2.27678e-06
-7.4 0.0116719 2.32258e-06
-7.3 0.0116511 2.36522e-06
-7.2 0.0116312 2.38289e-06
-7.1 0.011611 2.38077e-06
-7 0.011591 2.36199e-06
-6.9 0.0115719 2.37821e-06
-6.8 0.0115524 2.46602e-06
-6.7 0.0115292 2.43901e-06
-6.6 0.0115094 2.45171e-06
-6.5 0.0114911 2.47945e-06
-6.4 0.0114703 2.40493e-06
-6.3 0.01145 2.42937e-06
-6.2 0.0114286 2.39955e-06
-6.1 0.0114056 2.43261e-06
-6 0.0113842 2.51602e-06
-5.9 0.0113616 2.42716e-06
-5.8 0.0113389 2.45426e-06
-5.7 0.0113165 2.44412e-06
-5.6 0.0112944 2.40314e-06
-5.5 0.0112722 2.37539e-06
-5.4 0.0112506 2.29501e-06
-5.3 0.0112278 2.28491e-06
-5.2 0.0112053 2.38608e-06
-5.1 0.0111815 2.46741e-06
-5 0.0111562 2.39829e-06
-4.9 0.0111322 2.33735e-06
-4.8 0.0111073 2.32833e-06
-4.7 0.011085 2.24942e-06
-4.6 0.0110599 2.28476e-06
-4.5 0.0110351 2.27911e-06
-4.4 0.01101 2.32247e-06
-4.3 0.0109865 2.25422e-06
-4.2 0.01096 2.24894e-06
-4.1 0.0109341 2.21718e-06
-4 0.0109084 2.29445e-06
-3.9 0.0108817 2.23784e-06
-3.8 0.0108557 2.22129e-06
-3.7 0.01083 2.21623e-06
-3.6 0.0108034 2.19678e-06
-3.5 0.0107773 2.17726e-06
-3.4 0.0107514 2.17465e-06
-3.3 0.0107238 2.21144e-06
-3.2 0.0106958 2.31012e-06
-3.1 0.0106678 2.24097e-06
-3 0.0106405 2.27257e-06
-2.9 0.0106114 2.32952e-06
-2.8 0.0105825 2.2645e-06
-2.7 0.0105529 2.29184e-06
-2.6 0.010523 2.24495e-06
-2.5 0.0104942 2.18222e-06
-2.4 0.0104645 2.16791e-06
-2.3 0.0104349 2.22624e-06
-2.2 0.0104057 2.24582e-06
-2.1 0.0103751 2.26753e-06
-2 0.0103419 2.23894e-06
-1.9 0.010311 2.18192e-06
-1.8 0.0102782 2.21708e-06
-1.7 0.0102465 2.20031e-06
-1.6 0.0102139 2.18741e-06
-1.5 0.010179 2.16562e-06
-1.4 0.0101438 2.14686e-06
-1.3 0.0101075 2.07769e-06
-1.2 0.0100711 2.05901e-06
-1.1 0.0100315 2.09051e-06
-1 0.009991 2.08303e-06
-0.9 0.00994722 2.08573e-06
-0.8 0.00989948 2.04808e-06
-0.7 0.00984469 2.09364e-06
-0.6 0.00978062 2.04526e-06
-0.5 0.00970257 2.11623e-06
-0.4 0.00960088 2.10637e-06
-0.3 0.00944977 2.08189e-06
-0.2 0.00915829 1.95157e-06
-0.1 0.00861849 1.91731e-06
0 0.00765928 1.88021e-06
0.1 0.00623363 1.76365e-06
0.2 0.00454108 1.52231e-06
0.3 0.00304125 1.26324e-06
0.4 0.00199911 1.10809e-06
0.5 0.00136304 1.00625e-06
0.6 0.00104349 1.02225e-06
0.7 0.000909837 9.67361e-07
0.8 0.000859871 8.88386e-07
0.9 0.000840576 9.07995e-07
1 0.000828179 8.9963e-07
1.1 0.000817616 9.19531e-07
1.2 0.000808185 8.63808e-07
1.3 0.00079848 8.94682e-07
1.4 0.00078878 8.26434e-07
1.5 0.000779398 8.08117e-07
1.6 0.000770921 9.02612e-07
1.7 0.000762349 8.79355e-07
1.8 0.000753825 8.42829e-07
1.9 0.000745362 7.86953e-07
2 0.000736121 8.58402e-07
2.1 0.000727993 8.5866e-07
2.2 0.000719472 8.52251e-07
2.3 0.000711251 8.20725e-07
2.4 0.000703142 7.83325e-07
2.5 0.000694777 7.95259e-07
2.6 0.000687386 8.45265e-07
2.7 0.000679514 8.57507e-07
2.8 0.000671753 8.12786e-07
2.9 0.000663873 8.67521e-07
3 0.000656779 7.97042e-07
3.1 0.000649288 7.86105e-07
3.2 0.000641149 7.80912e-07
3.3 0.000633216 7.42702e-07
3.4 0.000627003 7.32558e-07
3.5 0.000620225 8.00754e-07
3.6 0.000613124 7.80829e-07
3.7 0.000606023 7.794e-07
3.8 0.000599581 7.66444e-07
3.9 0.000592936 7.22139e-07
4 0.000585812 7.5649e-07
4.1 0.000579665 7.5694e-07
4.2 0.000573786 7.05565e-07
4.3 0.000567504 7.49246e-07
4.4 0.00056029 7.42087e-07
4.5 0.000553905 7.35384e-07
4.6 0.000547609 7.08296e-07
4.7 0.000542278 7.11327e-07
4.8 0.000535934 6.94845e-07
4.9 0.000530917 7.53737e-07
5 0.000525233 7.37539e-07
5.1 0.000519787 7.19111e-07
5.2 0.000512794 6.90223e-07
5.3 0.000506513 6.44364e-07
5.4 0.000501091 6.47193e-07
5.5 0.000495416 6.70085e-07
5.6 0.000490236 6.69128e-07
5.7 0.000484724 6.87635e-07
5.8 0.000479212 6.33469e-07
5.9 0.000474347 6.47668e-07
6 0.000469404 6.04318e-07
6.1 0.00046376 6.20313e-07
6.2 0.000457502 6.24946e-07
6.3 0.0004524 6.05493e-07
6.4 0.000448522 6.29389e-07
6.5 0.000443291 6.36335e-07
6.6 0.000438047 6.14489e-07
6.7 0.000433523 6.57704e-07
6.8 0.000429532 6.36897e-07
6.9 0.000424748 6.04795e-07
7 0.000420005 6.03652e-07
7.1 0.000415568 6.67233e-07
7.2 0.00041142 6.62202e-07
7.3 0.000406915 6.25083e-07
7.4 0.000402061 5.85987e-07
7.5 0.000397224 6.18802e-07
7.6 0.000391817 6.55127e-07
7.7 0.000387337 6.23558e-07
7.8 0.000383242 6.20976e-07
7.9 0.000379439 6.428e-07
8 0.000374716 6.73512e-07
8.1 0.000369541 6.28356e-07
8.2 0.000364346 6.27307e-07
8.3 0.000359881 6.32643e-07
8.4 0.000355381 5.73201e-07
8.5 0.000351424 5.81513e-07
8.6 0.000347915 5.67045e-07
8.7 0.000342897 5.98886e-07
8.8 0.000337938 5.67971e-07
8.9 0.000333853 5.67264e-07
9 0.000328636 5.49297e-07
9.1 0.000324574 5.70062e-07
9.2 0.00032065 5.30906e-07
9.3 0.000315789 5.11484e-07
9.4 0.00031179 5.15137e-07
9.5 0.000308045 5.26868e-07
9.6 0.000303141 5.23028e-07
9.7 0.000299012 5.55622e-07
9.8 0.00029496 5.23224e-07
9.9 0.000291012 5.06522e-07
10 0.000287579 4.85241e-07
10.1 0.000282979 4.57498e-07
10.2 0.000278815 4.87482e-07
10.3 0.000274543 5.2369e-07
10.4 0.000270739 5.03415e-07
10.5 0.000266413 4.82518e-07
10.6 0.000262117 4.55257e-07
10.7 0.000257984 4.76731e-07
10.8 0.000253524 4.43085e-07
10.9 0.000249837 4.51876e-07
11 0.000245578 4.53812e-07
11.1 0.000241797 4.75739e-07
11.2 0.000237588 4.72032e-07
11.3 0.00023328 4.6248e-07
11.4 0.000229081 4.52601e-07
11.5 0.00022506 4.31055e-07
11.6 0.000220547 4.09693e-07
11.7 0.00021667 4.08879e-07
11.8 0.000212498 3.94029e-07
11.9 0.000208219 3.68361e-07
12 0.00020342 4.02846e-07
12.1 0.00019903 3.87171e-07
12.2 0.000193044 3.47152e-07
