-15.2 6.71949 0.0215855
-15.1 7.20678 0.0253469
-15 7.42977 0.0253416
-14.9 7.63974 0.0289842
-14.8 7.80675 0.0294713
-14.7 7.9035 0.0292158
-14.6 8.04406 0.0320139
-14.5 8.1612 0.0333466
-14.4 8.21423 0.0258457
-14.3 8.34143 0.0300688
-14.2 8.43289 0.0346869
-14.1 8.53798 0.0303015
-14 8.59952 0.0282574
-13.9 8.66236 0.0309907
-13.8 8.68284 0.031373
-13.7 8.82403 0.0331175
-13.6 8.85156 0.0335728
-13.5 8.88857 0.0328646
-13.4 8.99544 0.0313399
-13.3 9.04895 0.0316229
-13.2 9.1267 0.0322686
-13.1 9.08757 0.0323086
-13 9.19292 0.0317348
-12.9 9.25462 0.0355656
-12.8 9.27411 0.0311335
-12.7 9.30013 0.0318287
-12.6 9.37223 0.0304234
-12.5 9.42423 0.0338162
-12.4 9.4147 0.0314029
-12.3 9.43456 0.0270382
-12.2 9.53565 0.0308403
-12.1 9.59539 0.0299416
-12 9.58408 0.0309301
-11.9 9.65168 0.0305579
-11.8 9.65377 0.0291338
-11.7 9.70757 0.0301049
-11.6 9.77555 0.03108
-11.5 9.81046 0.0327355
-11.4 9.78913 0.0349132
-11.3 9.83212 0.0292616
-11.2 9.86429 0.0311106
-11.1 9.89247 0.0286561
-11 10.0041 0.0320095
-10.9 10.0243 0.0298829
-10.8 10.08 0.0343918
-10.7 10.067 0.0323819
-10.6 10.1369 0.0314785
-10.5 10.1381 0.0308612
-10.4 10.1559 0.0306774
-10.3 10.1923 0.0308815
-10.2 10.2454 0.0288792
-10.1 10.3243 0.0356003
-10 10.3214 0.0327842
-9.9 10.2824 0.0308282
-9.8 10.3637 0.033476
-9.7 10.4159 0.0347004
-9.6 10.4225 0.029461
-9.5 10.4801 0.0361898
-9.4 10.5118 0.0329113
-9.3 10.5367 0.031299
-9.2 10.5321 0.0261851
-9.1 10.5925 0.0333767
-9 10.6372 0.02915
-8.9 10.6608 0.0329349
-8.8 10.7119 0.0298274
-8.7 10.7381 0.0320104
-8.6 10.7708 0.0323527
-8.5 10.7597 0.0331462
-8.4 10.8231 0.0275302
-8.3 10.8399 0.0328156
-8.2 10.9199 0.031342
-8.1 10.9514 0.0289616
-8 10.9629 0.0315481
-7.9 11.0556 0.0302103
-7.8 11.0284 0.0281949
-7.7 11.0437 0.0329825
-7.6 11.0443 0.0288664
-7.5 11.0757 0.0311299
-7.4 11.1468 0.0251045
-7.3 11.1526 0.0291846
-7.2 11.2339 0.0282391
-7.1 11.2568 0.0331064
-7 11.2581 0.0314736
-6.9 11.3417 0.0296112
-6.8 11.3879 0.029867
-6.7 11.4491 0.0268811
-6.6 11.4867 0.0315467
-6.5 11.4987 0.030539
-6.4 11.5541 0.0296627
-6.3 11.6171 0.0264081
-6.2 11.6795 0.0301373
-6.1 11.7636 0.0316271
-6 11.7764 0.0291575
-5.9 11.8075 0.0275594
-5.8 11.8591 0.0312513
-5.7 11.8772 0.026952
-5.6 11.9783 0.025736
-5.5 12.0692 0.0277502
-5.4 12.0802 0.0235828
-5.3 12.0964 0.0291195
-5.2 12.1756 0.0296134
-5.1 12.2194 0.0281987
-5 12.3463 0.0255492
-4.9 12.377 0.0255478
-4.8 12.4025 0.029348
-4.7 12.5147 0.0277567
-4.6 12.6069 0.0267529
-4.5 12.6376 0.0310706
-4.4 12.6886 0.0283188
-4.3 12.7692 0.0291728
-4.2 12.8346 0.0292775
-4.1 12.9318 0.0283215
-4 13.0225 0.0265507
-3.9 13.0444 0.0236245
-3.8 13.1001 0.0267754
-3.7 13.2696 0.0252003
-3.6 13.3193 0.0276617
-3.5 13.4108 0.0248197
-3.4 13.4956 0.0259781
-3.3 13.673 0.0270751
-3.2 13.7672 0.0259245
-3.1 13.8465 0.0254828
-3 14.0049 0.0276067
-2.9 14.0919 0.0249791
-2.8 14.231 0.0219893
-2.7 14.3636 0.0212602
-2.6 14.5402 0.021296
-2.5 14.6613 0.024633
-2.4 14.8145 0.0236642
-2.3 15.0069 0.0231138
-2.2 15.2066 0.0237322
-2.1 15.369 0.0245435
-2 15.5827 0.0251183
-1.9 15.8319 0.0211739
-1.8 16.084 0.0213432
-1.7 16.359 0.0202539
-1.6 16.6801 0.0191961
-1.5 16.943 0.0187983
-1.4 17.3594 0.0221414
-1.3 17.7875 0.0201764
-1.2 18.2873 0.0182733
-1.1 18.8728 0.0172385
-1 19.5744 0.0199615
-0.9 20.371 0.0187212
-0.8 21.3576 0.0177639
-0.7 22.5934 0.0187836
-0.6 24.2017 0.0177625
-0.5 26.3183 0.0208863
-0.4 29.5196 0.0217899
-0.3 34.6164 0.0243077
-0.2 41.9474 0.027645
-0.1 54.1521 0.0342193
0 68.7786 0.0365079
0.1 84.2071 0.0432062
0.2 99.5843 0.0446819
0.3 112.396 0.0575585
0.4 123.624 0.075378
0.5 133.316 0.13077
0.6 142.205 0.193802
0.7 149.006 0.334097
0.8 149.857 0.646043
0.9 128.825 1.16589
1 94.2019 1.44838
1.1 72.7977 1.71787
1.2 72.031 1.95509
1.3 72.2535 1.88551
1.4 73.964 2.20133
1.5 71.6007 1.61362
1.6 76.2462 1.92966
1.7 70.5274 1.61984
1.8 72.2228 1.89887
1.9 72.4316 1.64081
2 71.6476 2.03393
2.1 68.7685 1.62497
2.2 69.7775 1.85333
2.3 72.5379 1.86106
2.4 69.1505 1.84998
2.5 67.1394 1.88113
2.6 70.453 2.0295
2.7 73.9385 2.19193
2.8 73.3549 1.87877
2.9 67.8443 2.11396
3 72.8209 1.89744
3.1 72.7896 2.08742
3.2 71.0848 2.19301
3.3 67.9453 1.83998
3.4 70.7704 2.17066
3.5 68.3958 1.93452
3.6 68.4185 2.03833
3.7 73.5245 2.07781
3.8 68.8306 2.32591
3.9 67.6379 2.05407
4 66.9221 2.00714
4.1 68.9046 1.82229
4.2 68.3947 2.07582
4.3 70.768 1.92944
4.4 67.0376 2.11406
4.5 66.8561 2.22109
4.6 70.4548 1.89217
4.7 70.5067 2.04694
4.8 66.9676 2.36014
4.9 71.1785 2.26997
5 75.6199 2.15126
5.1 66.6232 2.4043
5.2 68.1435 2.2604
5.3 69.5827 2.23246
5.4 66.9739 2.35744
5.5 69.5559 2.30565
5.6 70.2808 2.1427
5.7 68.2715 2.46505
5.8 71.317 2.55376
5.9 66.0834 2.50657
6 68.6108 2.55074
6.1 67.0242 2.49502
6.2 70.2536 2.54518
6.3 63.9193 2.48305
6.4 70.3151 2.69468
6.5 66.8224 2.36114
6.6 66.6789 2.71242
6.7 63.8285 2.45336
6.8 65.7118 2.34421
6.9 66.1454 2.65182
7 62.7195 2.61168
7.1 64.268 2.46303
7.2 64.2949 2.49246
7.3 64.8288 2.53497
7.4 61.7852 2.64667
7.5 63.0726 2.24159
7.6 64.2925 2.37153
7.7 67.6448 2.26109
7.8 65.5648 2.39683
7.9 67.332 2.37182
8 64.227 2.28785
8.1 65.0783 2.36947
8.2 62.3474 2.34025
8.3 62.7142 2.42591
8.4 66.5488 2.48763
8.5 67.1596 2.30196
8.6 63.5932 2.72151
8.7 64.8532 2.60767
8.8 67.1393 2.75542
8.9 64.6725 2.58772
9 61.9928 2.42605
9.1 64.3205 2.4877
9.2 63.2356 2.27967
9.3 59.6973 2.24318
9.4 63.8947 2.59908
9.5 65.2018 2.54514
9.6 64.88 2.38286
9.7 64.0794 2.51329
9.8 62.8394 2.18105
9.9 64.582 3.00692
10 64.7034 2.69041
10.1 62.6718 2.96566
10.2 62.6431 3.3218
10.3 61.2435 2.62833
10.4 60.2962 2.71344
10.5 63.1107 2.80643
10.6 64.4013 2.88682
10.7 64.5884 2.82737
10.8 67.0996 3.14313
10.9 61.0861 2.9165
11 62.7077 2.8145
11.1 61.1758 2.67295
11.2 57.09 2.99996
11.3 63.6966 2.98438
11.4 63.3682 3.08404
11.5 60.188 3.30945
11.6 63.1504 3.047
11.7 58.1791 2.74625
11.8 62.2953 2.606
11.9 61.0565 2.74839
12 61.206 2.75181
12.1 63.2465 3.06205
12.2 60.2921 2.90608
