-15.2 5.56156
-15.1 5.59919
-15 5.63746
-14.9 5.68522
-14.8 5.70129
-14.7 5.74141
-14.6 5.77003
-14.5 5.78356
-14.4 5.83176
-14.3 5.84626
-14.2 5.87661
-14.1 5.90601
-14 5.9187
-13.9 5.96316
-13.8 5.97549
-13.7 6.00265
-13.6 6.03112
-13.5 6.0422
-13.4 6.08564
-13.3 6.09842
-13.2 6.12971
-13.1 6.15299
-13 6.16949
-12.9 6.20634
-12.8 6.21636
-12.7 6.25795
-12.6 6.26883
-12.5 6.30134
-12.4 6.32176
-12.3 6.34508
-12.2 6.37508
-12.1 6.39024
-12 6.42468
-11.9 6.43907
-11.8 6.47634
-11.7 6.48998
-11.6 6.52912
-11.5 6.54387
-11.4 6.57789
-11.3 6.59446
-11.2 6.62848
-11.1 6.64737
-11 6.68096
-10.9 6.70084
-10.8 6.73207
-10.7 6.75308
-10.6 6.78693
-10.5 6.80645
-10.4 6.83942
-10.3 6.85458
-10.2 6.90162
-10.1 6.91335
-10 6.95339
-9.9 6.97284
-9.8 7.0041
-9.7 7.03451
-9.6 7.05738
-9.5 7.09715
-9.4 7.11331
-9.3 7.15554
-9.2 7.17494
-9.1 7.20731
-9 7.23983
-8.9 7.26356
-8.8 7.30293
-8.7 7.32744
-8.6 7.35691
-8.5 7.39368
-8.4 7.42092
-8.3 7.45365
-8.2 7.48817
-8.1 7.51664
-8 7.55221
-7.9 7.58587
-7.8 7.61623
-7.7 7.64996
-7.6 7.6845
-7.5 7.72166
-7.4 7.75931
-7.3 7.7973
-7.2 7.83846
-7.1 7.88082
-7 7.92373
-6.9 7.97081
-6.8 8.01649
-6.7 8.06462
-6.6 8.11135
-6.5 8.15762
-6.4 8.20645
-6.3 8.25871
-6.2 8.30854
-6.1 8.36326
-6 8.41825
-5.9 8.47102
-5.8 8.52529
-5.7 8.58172
-5.6 8.64441
-5.5 8.705
-5.4 8.76726
-5.3 8.82834
-5.2 8.89614
-5.1 8.96102
-5 9.03156
-4.9 9.10216
-4.8 9.17418
-4.7 9.25009
-4.6 9.32616
-4.5 9.40482
-4.4 9.48528
-4.3 9.57111
-4.2 9.65744
-4.1 9.74775
-4 9.83827
-3.9 9.93231
-3.8 10.0312
-3.7 10.1374
-3.6 10.2433
-3.5 10.3573
-3.4 10.4751
-3.3 10.5977
-3.2 10.7254
-3.1 10.857
-3 10.9955
-2.9 11.1383
-2.8 11.2935
-2.7 11.4527
-2.6 11.6228
-2.5 11.8021
-2.4 11.9925
-2.3 12.1896
-2.2 12.3996
-2.1 12.6248
-2 12.8649
-1.9 13.1211
-1.8 13.3989
-1.7 13.704
-1.6 14.0272
-1.5 14.381
-1.4 14.7741
-1.3 15.2051
-1.2 15.6824
-1.1 16.2247
-1 16.8332
-0.9 17.5262
-0.8 18.3287
-0.7 19.2699
-0.6 20.4023
-0.5 21.8114
-0.4 23.6341
-0.3 26.0882
-0.2 29.5553
-0.1 34.6507
0 40.9656
0.1 48.1857
0.2 55.8759
0.3 62.9562
0.4 69.2766
0.5 75.3031
0.6 80.3479
0.7 82.5487
0.8 75.3644
0.9 55.1279
1 42.6736
1.1 37.9255
1.2 37.9621
1.3 38.4765
1.4 37.7562
1.5 37.6116
1.6 37.3708
1.7 36.9451
1.8 36.9197
1.9 37.6398
2 37.0754
2.1 37.3738
2.2 37.3908
2.3 37.4568
2.4 37.6465
2.5 37.1111
2.6 36.6002
2.7 36.5031
2.8 36.9826
2.9 36.9181
3 36.5091
3.1 37.3116
3.2 37.0545
3.3 36.3615
3.4 37.2383
3.5 36.0299
3.6 36.5729
3.7 36.675
3.8 35.6583
3.9 35.8463
4 36.6794
4.1 37.1502
4.2 36.0787
4.3 36.3861
4.4 35.8391
4.5 35.2033
4.6 35.6604
4.7 36.6153
4.8 35.3388
4.9 35.8356
5 35.5305
5.1 34.7055
5.2 35.3167
5.3 36.1511
5.4 35.7273
5.5 35.5352
5.6 35.706
5.7 35.5237
5.8 35.8313
5.9 36.0008
6 34.6254
6.1 34.9659
6.2 35.4215
6.3 34.5378
6.4 34.809
6.5 34.7346
6.6 34.4763
6.7 34.4136
6.8 34.5249
6.9 35.7941
7 33.8811
7.1 34.1901
7.2 34.5209
7.3 34.3354
7.4 34.3886
7.5 33.8818
7.6 34.5345
7.7 34.6982
7.8 34.1369
7.9 34.4713
8 34.4966
8.1 33.9147
8.2 33.8296
8.3 33.6518
8.4 33.7049
8.5 34.3967
8.6 33.5543
8.7 34.0631
8.8 33.5334
8.9 33.5832
9 33.6396
9.1 33.3491
9.2 33.4323
9.3 33.068
9.4 33.292
9.5 34.3316
9.6 32.9434
9.7 33.686
9.8 32.997
9.9 33.3596
10 32.5272
10.1 32.7786
10.2 33.2149
10.3 32.9959
10.4 33.2869
10.5 33.0759
10.6 34.0142
10.7 33.2855
10.8 32.1299
10.9 32.7764
11 32.2699
11.1 32.0883
11.2 32.7305
11.3 32.4531
11.4 32.8213
11.5 32.3398
11.6 31.8887
11.7 32.5993
11.8 32.5694
11.9 32.0302
12 31.6229
12.1 32.2666
12.2 32.2867
