-15.2 5.44794 3.93512e-06
-15.1 5.44798 3.94554e-06
-15 5.46068 4.17204e-06
-14.9 5.49085 4.16384e-06
-14.8 5.49091 4.16401e-06
-14.7 5.5182 4.6469e-06
-14.6 5.53376 4.38113e-06
-14.5 5.53561 4.73359e-06
-14.4 5.57606 4.77583e-06
-14.3 5.57689 4.59946e-06
-14.2 5.59664 5.42253e-06
-14.1 5.62021 4.82281e-06
-14 5.62117 5.05275e-06
-13.9 5.66 5.61818e-06
-13.8 5.66399 4.94376e-06
-13.7 5.68367 6.11788e-06
-13.6 5.70787 5.08488e-06
-13.5 5.71101 5.83438e-06
-13.4 5.74942 5.99361e-06
-13.3 5.75229 5.37869e-06
-13.2 5.77917 6.93049e-06
-13.1 5.79663 5.50737e-06
-13 5.80844 7.10823e-06
-12.9 5.84078 5.83371e-06
-12.8 5.84422 6.4304e-06
-12.7 5.88045 6.91968e-06
-12.6 5.88681 5.98469e-06
-12.5 5.91539 7.78303e-06
-12.4 5.93149 5.94121e-06
-12.3 5.95056 8.13315e-06
-12.2 5.97636 6.20783e-06
-12.1 5.98837 8.14888e-06
-12 6.02033 6.79366e-06
-11.9 6.02931 7.96116e-06
-11.8 6.06311 7.48264e-06
-11.7 6.07256 7.6771e-06
-11.6 6.10553 8.16024e-06
-11.5 6.11719 7.55416e-06
-11.4 6.14847 8.56763e-06
-11.3 6.16265 7.58443e-06
-11.2 6.19246 8.89983e-06
-11.1 6.20869 7.80246e-06
-11 6.23769 9.29284e-06
-10.9 6.25528 8.17342e-06
-10.8 6.28413 9.49046e-06
-10.7 6.30255 8.71286e-06
-10.6 6.33166 9.67927e-06
-10.5 6.35068 9.33463e-06
-10.4 6.37931 9.88546e-06
-10.3 6.39463 9.64208e-06
-10.2 6.43784 9.79213e-06
-10.1 6.44486 1.00952e-05
-10 6.48426 9.8472e-06
-9.9 6.49975 1.05566e-05
-9.8 6.53076 1.00714e-05
-9.7 6.55611 1.06476e-05
-9.6 6.57751 9.82208e-06
-9.5 6.61373 1.09126e-05
-9.4 6.62847 1.07753e-05
-9.3 6.66864 1.02801e-05
-9.2 6.68747 1.15894e-05
-9.1 6.7173 1.01092e-05
-9 6.7489 1.18434e-05
-8.9 6.76953 1.15587e-05
-8.8 6.80681 1.11419e-05
-8.7 6.83092 1.27346e-05
-8.6 6.85928 1.14484e-05
-8.5 6.89377 1.24407e-05
-8.4 6.91857 1.28713e-05
-8.3 6.95075 1.19363e-05
-8.2 6.98314 1.28559e-05
-8.1 7.01073 1.31028e-05
-8 7.04357 1.23502e-05
-7.9 7.07617 1.31514e-05
-7.8 7.10627 1.35889e-05
-7.7 7.13934 1.33151e-05
-7.6 7.17333 1.37639e-05
-7.5 7.20677 1.4799e-05
-7.4 7.24258 1.549e-05
-7.3 7.28027 1.62423e-05
-7.2 7.32077 1.75078e-05
-7.1 7.36168 1.84711e-05
-7 7.4051 1.92976e-05
-6.9 7.4493 1.92747e-05
-6.8 7.4942 1.98861e-05
-6.7 7.53972 2.04186e-05
-6.6 7.586 2.06945e-05
-6.5 7.63308 2.11501e-05
-6.4 7.68093 2.19142e-05
-6.3 7.72971 2.23265e-05
-6.2 7.77954 2.27971e-05
-6.1 7.83061 2.3598e-05
-6 7.88318 2.44592e-05
-5.9 7.93724 2.53193e-05
-5.8 7.99291 2.63213e-05
-5.7 8.05008 2.6913e-05
-5.6 8.10865 2.76704e-05
-5.5 8.16865 2.83302e-05
-5.4 8.23003 2.89679e-05
-5.3 8.29287 3.00737e-05
-5.2 8.35725 3.11241e-05
-5.1 8.42329 3.24634e-05
-5 8.49116 3.37531e-05
-4.9 8.56111 3.48381e-05
-4.8 8.63333 3.59092e-05
-4.7 8.70798 3.71497e-05
-4.6 8.7851 3.93175e-05
-4.5 8.86467 4.12919e-05
-4.4 8.94665 4.27997e-05
-4.3 9.03108 4.39266e-05
-4.2 9.11806 4.56048e-05
-4.1 9.20776 4.68912e-05
-4 9.30045 4.88558e-05
-3.9 9.39656 5.16655e-05
-3.8 9.49656 5.47418e-05
-3.7 9.60094 5.7993e-05
-3.6 9.70999 6.09658e-05
-3.5 9.82384 6.36836e-05
-3.4 9.94248 6.73326e-05
-3.3 10.066 6.97444e-05
-3.2 10.1944 7.33077e-05
-3.1 10.3283 7.77554e-05
-3 10.468 8.09987e-05
-2.9 10.6145 8.59803e-05
-2.8 10.7686 9.09122e-05
-2.7 10.9312 9.9662e-05
-2.6 11.1028 0.000106342
-2.5 11.284 0.00011417
-2.4 11.475 0.000120582
-2.3 11.6765 0.000127305
-2.2 11.8899 0.000138254
-2.1 12.117 0.000149687
-2 12.3601 0.000173193
-1.9 12.6217 0.000192529
-1.8 12.9045 0.000217852
-1.7 13.2105 0.000242891
-1.6 13.5417 0.000267235
-1.5 13.9019 0.000285939
-1.4 14.2964 0.000331858
-1.3 14.7325 0.000380478
-1.2 15.2192 0.000414962
-1.1 15.7665 0.000494256
-1 16.3853 0.000550467
-0.9 17.0908 0.000701893
-0.8 17.9041 0.00078208
-0.7 18.859 0.000940819
-0.6 20.0101 0.00115748
-0.5 21.4416 0.00139885
-0.4 23.2906 0.00164168
-0.3 25.7798 0.00224571
-0.2 29.276 0.00298091
-0.1 34.399 0.00385618
0 40.7413 0.0048779
0.1 47.9769 0.0062925
0.2 55.6821 0.00806253
0.3 62.7986 0.0121287
0.4 69.2141 0.0159172
0.5 75.5397 0.0270512
0.6 81.5729 0.0495899
0.7 87.4984 0.0859076
0.8 93.1431 0.196631
0.9 97.7512 0.402261
1 106.839 1.18085
1.1 111.867 7.51755
1.2 16.5649 4.23005
1.3 0 0
1.4 0 0
1.5 0 0
1.6 0 0
1.7 0 0
1.8 0 0
1.9 0 0
2 0 0
2.1 0 0
2.2 0 0
2.3 0 0
2.4 0 0
2.5 0 0
2.6 0 0
2.7 0 0
2.8 0 0
2.9 0 0
3 0 0
3.1 0 0
3.2 0 0
3.3 0 0
3.4 0 0
3.5 0 0
3.6 0 0
3.7 0 0
3.8 0 0
3.9 0 0
4 0 0
4.1 0 0
4.2 0 0
4.3 0 0
4.4 0 0
4.5 0 0
4.6 0 0
4.7 0 0
4.8 0 0
4.9 0 0
5 0 0
5.1 0 0
5.2 0 0
5.3 0 0
5.4 0 0
5.5 0 0
5.6 0 0
5.7 0 0
5.8 0 0
5.9 0 0
6 0 0
6.1 0 0
6.2 0 0
6.3 0 0
6.4 0 0
6.5 0 0
6.6 0 0
6.7 0 0
6.8 0 0
6.9 0 0
7 0 0
7.1 0 0
7.2 0 0
7.3 0 0
7.4 0 0
7.5 0 0
7.6 0 0
7.7 0 0
7.8 0 0
7.9 0 0
8 0 0
8.1 0 0
8.2 0 0
8.3 0 0
8.4 0 0
8.5 0 0
8.6 0 0
8.7 0 0
8.8 0 0
8.9 0 0
9 0 0
9.1 0 0
9.2 0 0
9.3 0 0
9.4 0 0
9.5 0 0
9.6 0 0
9.7 0 0
9.8 0 0
9.9 0 0
10 0 0
10.1 0 0
10.2 0 0
10.3 0 0
10.4 0 0
10.5 0 0
10.6 0 0
10.7 0 0
10.8 0 0
10.9 0 0
11 0 0
11.1 0 0
11.2 0 0
11.3 0 0
11.4 0 0
11.5 0 0
11.6 0 0
11.7 0 0
11.8 0 0
11.9 0 0
12 0 0
12.1 0 0
12.2 0 0
