-15.2 5.57551 0.001473
-15.1 5.57664 0.00133409
-15 5.59008 0.00172856
-14.9 5.61381 0.00140033
-14.8 5.61714 0.00148445
-14.7 5.6427 0.00160087
-14.6 5.65529 0.00139993
-14.5 5.6559 0.00156999
-14.4 5.6934 0.00163224
-14.3 5.69578 0.00157442
-14.2 5.71418 0.00142247
-14.1 5.73589 0.00151356
-14 5.73631 0.00139852
-13.9 5.77112 0.00136419
-13.8 5.77532 0.00160208
-13.7 5.79339 0.0016607
-13.6 5.81952 0.00148715
-13.5 5.82223 0.0015547
-13.4 5.85459 0.00148277
-13.3 5.859 0.00145227
-13.2 5.88499 0.00167397
-13.1 5.90115 0.00163759
-13 5.91256 0.00150988
-12.9 5.9446 0.00160436
-12.8 5.94484 0.00136778
-12.7 5.98052 0.00140321
-12.6 5.98706 0.00153539
-12.5 6.01426 0.00144651
-12.4 6.02811 0.00145524
-12.3 6.04691 0.00135282
-12.2 6.07608 0.00162014
-12.1 6.08599 0.00156845
-12 6.11556 0.00153237
-11.9 6.12623 0.0016494
-11.8 6.15764 0.00170038
-11.7 6.16502 0.00135725
-11.6 6.1998 0.00166584
-11.5 6.20815 0.00144126
-11.4 6.2429 0.00147762
-11.3 6.25369 0.00170573
-11.2 6.28614 0.00175044
-11.1 6.30376 0.0018412
-11 6.3309 0.00155863
-10.9 6.348 0.00173008
-10.8 6.37866 0.00165442
-10.7 6.39327 0.00170521
-10.6 6.42669 0.00180271
-10.5 6.448 0.00170593
-10.4 6.47253 0.00172762
-10.3 6.4879 0.00154719
-10.2 6.53182 0.00170745
-10.1 6.54163 0.0016512
-10 6.58166 0.00166253
-9.9 6.59405 0.00156336
-9.8 6.62819 0.00190625
-9.7 6.6544 0.00144947
-9.6 6.67831 0.00163741
-9.5 6.71922 0.00159244
-9.4 6.73609 0.00172615
-9.3 6.77598 0.00147505
-9.2 6.79843 0.00162625
-9.1 6.82806 0.00168223
-9 6.86303 0.00155496
-8.9 6.88517 0.00163562
-8.8 6.92656 0.00175215
-8.7 6.95552 0.00166989
-8.6 6.98808 0.00165496
-8.5 7.02345 0.00171408
-8.4 7.05474 0.00202782
-8.3 7.09251 0.00159847
-8.2 7.1282 0.00162457
-8.1 7.16218 0.00178593
-8 7.20068 0.00194197
-7.9 7.23969 0.00172819
-7.8 7.27174 0.00185222
-7.7 7.31088 0.00186355
-7.6 7.34966 0.00163051
-7.5 7.39212 0.00173895
-7.4 7.43148 0.00186554
-7.3 7.47207 0.00184642
-7.2 7.51394 0.0017117
-7.1 7.55923 0.00169154
-7 7.59941 0.00156401
-6.9 7.64432 0.0017566
-6.8 7.6912 0.00172677
-6.7 7.73929 0.00177286
-6.6 7.78541 0.0016836
-6.5 7.83723 0.00164068
-6.4 7.88527 0.00187372
-6.3 7.93577 0.00202276
-6.2 7.98795 0.00195944
-6.1 8.03836 0.00188105
-6 8.09358 0.00181342
-5.9 8.15022 0.00164027
-5.8 8.21174 0.0020885
-5.7 8.26862 0.00183323
-5.6 8.33101 0.00186621
-5.5 8.39398 0.0019312
-5.4 8.45262 0.00173065
-5.3 8.5182 0.00185536
-5.2 8.58583 0.00185032
-5.1 8.65347 0.00201435
-5 8.72653 0.00186398
-4.9 8.79771 0.0020306
-4.8 8.87225 0.00172215
-4.7 8.95162 0.00172272
-4.6 9.032 0.00195672
-4.5 9.11266 0.00194806
-4.4 9.19607 0.00199132
-4.3 9.2811 0.00160689
-4.2 9.37422 0.00194819
-4.1 9.46888 0.00187606
-4 9.56707 0.00204688
-3.9 9.66739 0.00174876
-3.8 9.77066 0.00188479
-3.7 9.87877 0.00173244
-3.6 9.99127 0.00173148
-3.5 10.1058 0.00181256
-3.4 10.2261 0.00189055
-3.3 10.3536 0.00214587
-3.2 10.4855 0.00178702
-3.1 10.6232 0.00211032
-3 10.7652 0.00173605
-2.9 10.9202 0.00192584
-2.8 11.0763 0.00201408
-2.7 11.2453 0.00195147
-2.6 11.4162 0.00172921
-2.5 11.6022 0.00180391
-2.4 11.8027 0.00206953
-2.3 12.0122 0.00218777
-2.2 12.238 0.00207389
-2.1 12.4712 0.00206813
-2 12.7342 0.00233188
-1.9 13.0068 0.00243524
-1.8 13.3062 0.00271193
-1.7 13.6405 0.00338579
-1.6 14.0056 0.00342571
-1.5 14.4051 0.00412112
-1.4 14.8538 0.00480478
-1.3 15.3591 0.00511456
-1.2 15.9389 0.00553319
-1.1 16.6148 0.0073283
-1 17.3975 0.00712332
-0.9 18.3334 0.00941412
-0.8 19.4761 0.0114341
-0.7 20.8617 0.0118879
-0.6 22.6612 0.0140391
-0.5 25.0135 0.0159048
-0.4 28.483 0.0193035
-0.3 33.9421 0.0219024
-0.2 47.5877 0.0326879
-0.1 62.207 0.0397005
0 79.7775 0.04318
0.1 98.3079 0.052244
0.2 116.87 0.0533899
0.3 115.393 0.0579368
0.4 127.263 0.0801009
0.5 137.698 0.136429
0.6 147.65 0.203279
0.7 157.044 0.34095
0.8 166.783 0.720454
0.9 175.089 1.4438
1 186.464 5.10086
1.1 71.3998 12.1415
1.2 7.35046 4.29838
1.3 0 0
1.4 0 0
1.5 0 0
1.6 0 0
1.7 0 0
1.8 0 0
1.9 0 0
2 0 0
2.1 0 0
2.2 0 0
2.3 0 0
2.4 0 0
2.5 0 0
2.6 0 0
2.7 0 0
2.8 0 0
2.9 0 0
3 0 0
3.1 0 0
3.2 0 0
3.3 0 0
3.4 0 0
3.5 0 0
3.6 0 0
3.7 0 0
3.8 0 0
3.9 0 0
4 0 0
4.1 0 0
4.2 0 0
4.3 0 0
4.4 0 0
4.5 0 0
4.6 0 0
4.7 0 0
4.8 0 0
4.9 0 0
5 0 0
5.1 0 0
5.2 0 0
5.3 0 0
5.4 0 0
5.5 0 0
5.6 0 0
5.7 0 0
5.8 0 0
5.9 0 0
6 0 0
6.1 0 0
6.2 0 0
6.3 0 0
6.4 0 0
6.5 0 0
6.6 0 0
6.7 0 0
6.8 0 0
6.9 0 0
7 0 0
7.1 0 0
7.2 0 0
7.3 0 0
7.4 0 0
7.5 0 0
7.6 0 0
7.7 0 0
7.8 0 0
7.9 0 0
8 0 0
8.1 0 0
8.2 0 0
8.3 0 0
8.4 0 0
8.5 0 0
8.6 0 0
8.7 0 0
8.8 0 0
8.9 0 0
9 0 0
9.1 0 0
9.2 0 0
9.3 0 0
9.4 0 0
9.5 0 0
9.6 0 0
9.7 0 0
9.8 0 0
9.9 0 0
10 0 0
10.1 0 0
10.2 0 0
10.3 0 0
10.4 0 0
10.5 0 0
10.6 0 0
10.7 0 0
10.8 0 0
10.9 0 0
11 0 0
11.1 0 0
11.2 0 0
11.3 0 0
11.4 0 0
11.5 0 0
11.6 0 0
11.7 0 0
11.8 0 0
11.9 0 0
12 0 0
12.1 0 0
12.2 0 0
