#   DETECTOR OUTPUT MSH/DMSH
#   X BIN:    20 Y BIN:     1 Z BIN:     1
#                DETECTOR TYPE: DLET      
#   X START:-0.700D+01 Y START:-0.500D+00 Z START:-0.100D+00
#   X END  :-0.500D+01 Y END  : 0.500D+00 Z END  : 0.100D+00
#   PRIMARIES: 0.106D+07
-0.6950000E+01  0.0000000E+00  0.0000000E+00  0.2866693916956896E+03  0.9171562532236405E+02
-0.6850000E+01  0.0000000E+00  0.0000000E+00  0.4197565406843348E+03  0.1273764681203050E+03
-0.6750000E+01  0.0000000E+00  0.0000000E+00  0.3462966193518672E+03  0.9759061095045834E+02
-0.6650000E+01  0.0000000E+00  0.0000000E+00  0.1360576539965952E+03  0.5860735211097710E+02
-0.6550000E+01  0.0000000E+00  0.0000000E+00  0.2562498632556266E+03  0.7784084024241101E+02
-0.6450000E+01  0.0000000E+00  0.0000000E+00  0.2949816075636007E+03  0.9129482025043488E+02
-0.6350000E+01  0.0000000E+00  0.0000000E+00  0.4250695016865826E+03  0.1196448234215195E+03
-0.6250000E+01  0.0000000E+00  0.0000000E+00  0.3270166568511271E+03  0.9760128085591511E+02
-0.6150000E+01  0.0000000E+00  0.0000000E+00  0.2887735431582656E+03  0.8214108112593544E+02
-0.6050000E+01  0.0000000E+00  0.0000000E+00  0.2451552500727529E+03  0.6182190677978770E+02
-0.5950000E+01  0.0000000E+00  0.0000000E+00  0.3620222492216071E+03  0.9179907750432942E+02
-0.5850000E+01  0.0000000E+00  0.0000000E+00  0.2785129133170779E+03  0.5796803679804493E+02
-0.5750000E+01  0.0000000E+00  0.0000000E+00  0.2309460018560096E+03  0.5397656055028322E+02
-0.5650000E+01  0.0000000E+00  0.0000000E+00  0.2165688296960513E+03  0.2966982808277294E+02
-0.5550000E+01  0.0000000E+00  0.0000000E+00  0.2458888641559004E+03  0.4433814041228727E+02
-0.5450000E+01  0.0000000E+00  0.0000000E+00  0.1947358185866646E+03  0.1925839517334961E+02
-0.5350000E+01  0.0000000E+00  0.0000000E+00  0.1731884147361658E+03  0.1413295720136618E+02
-0.5250000E+01  0.0000000E+00  0.0000000E+00  0.1810554836424620E+03  0.1056218643479035E+02
-0.5150000E+01  0.0000000E+00  0.0000000E+00  0.1761954639959262E+03  0.7977001705984347E+01
-0.5050000E+01  0.0000000E+00  0.0000000E+00  0.1690635842600249E+03  0.7638832841110426E+01
