#   DETECTOR OUTPUT MSH/DMSH
#   X BIN:    20 Y BIN:     1 Z BIN:     1
#                DETECTOR TYPE: DLET      
#   X START:-0.700D+01 Y START:-0.500D+00 Z START:-0.100D+00
#   X END  :-0.500D+01 Y END  : 0.500D+00 Z END  : 0.100D+00
#   PRIMARIES: 0.116D+07
-0.6950000E+01  0.0000000E+00  0.0000000E+00  0.3622290445643997E+03  0.1154323891463364E+03
-0.6850000E+01  0.0000000E+00  0.0000000E+00  0.5154497925367446E+03  0.1553953944684314E+03
-0.6750000E+01  0.0000000E+00  0.0000000E+00  0.4380555979482366E+03  0.1229040780104935E+03
-0.6650000E+01  0.0000000E+00  0.0000000E+00  0.1726457997247562E+03  0.7609416541769275E+02
-0.6550000E+01  0.0000000E+00  0.0000000E+00  0.3165046972249768E+03  0.9601607333698679E+02
-0.6450000E+01  0.0000000E+00  0.0000000E+00  0.3619649065139069E+03  0.1133987143691262E+03
-0.6350000E+01  0.0000000E+00  0.0000000E+00  0.5269824603737145E+03  0.1483959383376821E+03
-0.6250000E+01  0.0000000E+00  0.0000000E+00  0.4102236106636594E+03  0.1223480208308384E+03
-0.6150000E+01  0.0000000E+00  0.0000000E+00  0.3678841241391086E+03  0.1069433819402623E+03
-0.6050000E+01  0.0000000E+00  0.0000000E+00  0.3024979999646853E+03  0.7882001094235162E+02
-0.5950000E+01  0.0000000E+00  0.0000000E+00  0.4362444729395932E+03  0.1114832415710372E+03
-0.5850000E+01  0.0000000E+00  0.0000000E+00  0.3407530561901357E+03  0.7173149541878442E+02
-0.5750000E+01  0.0000000E+00  0.0000000E+00  0.2784941614431867E+03  0.6368506631736342E+02
-0.5650000E+01  0.0000000E+00  0.0000000E+00  0.2593243681524365E+03  0.3467845569277769E+02
-0.5550000E+01  0.0000000E+00  0.0000000E+00  0.2936336970155535E+03  0.5334172411472580E+02
-0.5450000E+01  0.0000000E+00  0.0000000E+00  0.2354385141578040E+03  0.2360354560861197E+02
-0.5350000E+01  0.0000000E+00  0.0000000E+00  0.2087208893699638E+03  0.1701174472204537E+02
-0.5250000E+01  0.0000000E+00  0.0000000E+00  0.2182907008003569E+03  0.1264102523003445E+02
-0.5150000E+01  0.0000000E+00  0.0000000E+00  0.2120251775374938E+03  0.9557986493129793E+01
-0.5050000E+01  0.0000000E+00  0.0000000E+00  0.2038901977250293E+03  0.9279269110261344E+01
