#   DETECTOR OUTPUT MSH/DMSH
#   X BIN:    20 Y BIN:     1 Z BIN:     1
#                DETECTOR TYPE: DOSE      
#   X START:-0.700D+01 Y START:-0.500D+00 Z START:-0.100D+00
#   X END  :-0.500D+01 Y END  : 0.500D+00 Z END  : 0.100D+00
#   PRIMARIES: 0.106D+07
-0.6950000E+01  0.0000000E+00  0.0000000E+00  0.5496818547489889E-04  0.1175420093318426E-04
-0.6850000E+01  0.0000000E+00  0.0000000E+00  0.7075056610545925E-04  0.1430986169396268E-04
-0.6750000E+01  0.0000000E+00  0.0000000E+00  0.9957313166885688E-04  0.1872563550359665E-04
-0.6650000E+01  0.0000000E+00  0.0000000E+00  0.6748685081133828E-04  0.1245787735552740E-04
-0.6550000E+01  0.0000000E+00  0.0000000E+00  0.8687370838944954E-04  0.1680195489376516E-04
-0.6450000E+01  0.0000000E+00  0.0000000E+00  0.1401863378990197E-03  0.1926722535829174E-04
-0.6350000E+01  0.0000000E+00  0.0000000E+00  0.1155625400955451E-03  0.2081810925830570E-04
-0.6250000E+01  0.0000000E+00  0.0000000E+00  0.1030324571806359E-03  0.1491159178783773E-04
-0.6150000E+01  0.0000000E+00  0.0000000E+00  0.1579127301809900E-03  0.1790697108169286E-04
-0.6050000E+01  0.0000000E+00  0.0000000E+00  0.3098791357912480E-03  0.3278513272788012E-04
-0.5950000E+01  0.0000000E+00  0.0000000E+00  0.3225425720785376E-03  0.3312353136539395E-04
-0.5850000E+01  0.0000000E+00  0.0000000E+00  0.5315491272381614E-03  0.4019758771013657E-04
-0.5750000E+01  0.0000000E+00  0.0000000E+00  0.6876652568334794E-03  0.4738403506828095E-04
-0.5650000E+01  0.0000000E+00  0.0000000E+00  0.8681097369887201E-03  0.5898588352399484E-04
-0.5550000E+01  0.0000000E+00  0.0000000E+00  0.1156048836924156E-02  0.5873018423112020E-04
-0.5450000E+01  0.0000000E+00  0.0000000E+00  0.1483311662982728E-02  0.6061480159315526E-04
-0.5350000E+01  0.0000000E+00  0.0000000E+00  0.2090534448087226E-02  0.7801940584849568E-04
-0.5250000E+01  0.0000000E+00  0.0000000E+00  0.2444842218040992E-02  0.8379905093657188E-04
-0.5150000E+01  0.0000000E+00  0.0000000E+00  0.3079985708591824E-02  0.1030536184111393E-03
-0.5050000E+01  0.0000000E+00  0.0000000E+00  0.3817571254346191E-02  0.1012342558866052E-03
