#   DETECTOR OUTPUT MSH/DMSH
#   X BIN:    20 Y BIN:     1 Z BIN:     1
#                DETECTOR TYPE: TQ-EFF    
#   X START:-0.700D+01 Y START:-0.500D+00 Z START:-0.100D+00
#   X END  :-0.500D+01 Y END  : 0.500D+00 Z END  : 0.100D+00
#   PRIMARIES: 0.116D+07
-0.6950000E+01  0.0000000E+00  0.0000000E+00  0.2228440315552968E+04  0.9244410290209338E+03
-0.6850000E+01  0.0000000E+00  0.0000000E+00  0.2315402954190934E+04  0.9468984549152689E+03
-0.6750000E+01  0.0000000E+00  0.0000000E+00  0.2950227686039616E+04  0.1090970071413337E+04
-0.6650000E+01  0.0000000E+00  0.0000000E+00  0.8988646359350827E+03  0.5787082644940515E+03
-0.6550000E+01  0.0000000E+00  0.0000000E+00  0.5731449263803296E+03  0.4436277486000396E+03
-0.6450000E+01  0.0000000E+00  0.0000000E+00  0.1948835995867713E+04  0.9155347138574671E+03
-0.6350000E+01  0.0000000E+00  0.0000000E+00  0.2574718832324212E+04  0.9896632032908961E+03
-0.6250000E+01  0.0000000E+00  0.0000000E+00  0.2449473310259375E+04  0.1023278154718887E+04
-0.6150000E+01  0.0000000E+00  0.0000000E+00  0.2164808539964546E+04  0.9002607538122568E+03
-0.6050000E+01  0.0000000E+00  0.0000000E+00  0.9701638067363194E+03  0.5849285738887187E+03
-0.5950000E+01  0.0000000E+00  0.0000000E+00  0.1612730689527075E+04  0.7861775959420954E+03
-0.5850000E+01  0.0000000E+00  0.0000000E+00  0.1147017765651868E+04  0.6856744666167436E+03
-0.5750000E+01  0.0000000E+00  0.0000000E+00  0.1999628321758438E+03  0.4858934990313606E+02
-0.5650000E+01  0.0000000E+00  0.0000000E+00  0.1565538199198043E+03  0.1293097342611445E+02
-0.5550000E+01  0.0000000E+00  0.0000000E+00  0.6567441811876666E+03  0.5188421147052882E+03
-0.5450000E+01  0.0000000E+00  0.0000000E+00  0.1418029518483472E+03  0.7071851618024811E+01
-0.5350000E+01  0.0000000E+00  0.0000000E+00  0.1294794887551908E+03  0.4812623596220792E+01
-0.5250000E+01  0.0000000E+00  0.0000000E+00  0.1336204500307288E+03  0.3388137866581058E+01
-0.5150000E+01  0.0000000E+00  0.0000000E+00  0.1352474958320031E+03  0.3533754907768571E+01
-0.5050000E+01  0.0000000E+00  0.0000000E+00  0.1323613076900239E+03  0.2343615594379356E+01
