#   DETECTOR OUTPUT MSH/DMSH
#   X BIN:    20 Y BIN:     1 Z BIN:     1
#                DETECTOR TYPE: TQ-EFF    
#   X START:-0.700D+01 Y START:-0.500D+00 Z START:-0.100D+00
#   X END  :-0.500D+01 Y END  : 0.500D+00 Z END  : 0.100D+00
#   PRIMARIES: 0.116D+07
-0.6950000E+01  0.0000000E+00  0.0000000E+00  0.1262319550126441E+02  0.3825684632215380E+01
-0.6850000E+01  0.0000000E+00  0.0000000E+00  0.1688702860069798E+02  0.4895325789262081E+01
-0.6750000E+01  0.0000000E+00  0.0000000E+00  0.7360150432159871E+02  0.5773002803459157E+02
-0.6650000E+01  0.0000000E+00  0.0000000E+00  0.6825992503222787E+02  0.4039826010480066E+02
-0.6550000E+01  0.0000000E+00  0.0000000E+00  0.4730714924724568E+02  0.1492690720356298E+02
-0.6450000E+01  0.0000000E+00  0.0000000E+00  0.7257943989158021E+02  0.2129283528594485E+02
-0.6350000E+01  0.0000000E+00  0.0000000E+00  0.2876613667962101E+02  0.6304015034744074E+01
-0.6250000E+01  0.0000000E+00  0.0000000E+00  0.1006143713454009E+03  0.4032962960775829E+02
-0.6150000E+01  0.0000000E+00  0.0000000E+00  0.9280100718695627E+02  0.1880019309762296E+02
-0.6050000E+01  0.0000000E+00  0.0000000E+00  0.7776651065896544E+02  0.1016414213659046E+02
-0.5950000E+01  0.0000000E+00  0.0000000E+00  0.1474448410088685E+03  0.2910513630554201E+02
-0.5850000E+01  0.0000000E+00  0.0000000E+00  0.1234442965223662E+03  0.1370257616238850E+02
-0.5750000E+01  0.0000000E+00  0.0000000E+00  0.1553252247815257E+03  0.1859537340473408E+02
-0.5650000E+01  0.0000000E+00  0.0000000E+00  0.1331641316468161E+03  0.9021982225697670E+01
-0.5550000E+01  0.0000000E+00  0.0000000E+00  0.1258008540165361E+03  0.5543557478728298E+01
-0.5450000E+01  0.0000000E+00  0.0000000E+00  0.1286334072623639E+03  0.5117051945898621E+01
-0.5350000E+01  0.0000000E+00  0.0000000E+00  0.1236569005636588E+03  0.4143601932927683E+01
-0.5250000E+01  0.0000000E+00  0.0000000E+00  0.1269975966069136E+03  0.2851480905762899E+01
-0.5150000E+01  0.0000000E+00  0.0000000E+00  0.1301484503388347E+03  0.3343587258615529E+01
-0.5050000E+01  0.0000000E+00  0.0000000E+00  0.1293330430162106E+03  0.2264240489972610E+01
