#   DETECTOR OUTPUT MSH/DMSH
#   X BIN:    20 Y BIN:     1 Z BIN:     1
#                DETECTOR TYPE: DLET      
#   X START:-0.700D+01 Y START:-0.500D+00 Z START:-0.100D+00
#   X END  :-0.500D+01 Y END  : 0.500D+00 Z END  : 0.100D+00
#   PRIMARIES: 0.116D+07
-0.6950000E+01  0.0000000E+00  0.0000000E+00  0.0000000000000000E+00  0.0000000000000000E+00
-0.6850000E+01  0.0000000E+00  0.0000000E+00  0.1989316963335104E+01  0.1989316963335105E+01
-0.6750000E+01  0.0000000E+00  0.0000000E+00  0.5175940538268421E+01  0.3912469863439771E+01
-0.6650000E+01  0.0000000E+00  0.0000000E+00  0.7320053013441107E+01  0.4555015256697947E+01
-0.6550000E+01  0.0000000E+00  0.0000000E+00  0.2807003520285825E+01  0.2306000349289808E+01
-0.6450000E+01  0.0000000E+00  0.0000000E+00  0.3202186734006298E+02  0.1017214579085144E+02
-0.6350000E+01  0.0000000E+00  0.0000000E+00  0.1636511071784578E+02  0.5830034440199281E+01
-0.6250000E+01  0.0000000E+00  0.0000000E+00  0.4699691366526729E+02  0.1117535671294122E+02
-0.6150000E+01  0.0000000E+00  0.0000000E+00  0.8014989412607473E+02  0.1340210867033403E+02
-0.6050000E+01  0.0000000E+00  0.0000000E+00  0.9473857732667527E+02  0.1080788581804449E+02
-0.5950000E+01  0.0000000E+00  0.0000000E+00  0.1437928401711785E+03  0.1624723912250515E+02
-0.5850000E+01  0.0000000E+00  0.0000000E+00  0.1430859276666157E+03  0.1048777785778576E+02
-0.5750000E+01  0.0000000E+00  0.0000000E+00  0.1674372616843237E+03  0.1042927930721257E+02
-0.5650000E+01  0.0000000E+00  0.0000000E+00  0.1738978429179186E+03  0.7115384724751077E+01
-0.5550000E+01  0.0000000E+00  0.0000000E+00  0.1793373546064848E+03  0.4947542617052503E+01
-0.5450000E+01  0.0000000E+00  0.0000000E+00  0.1865159089091794E+03  0.3820527689830514E+01
-0.5350000E+01  0.0000000E+00  0.0000000E+00  0.1800514176240248E+03  0.3605019052605864E+01
-0.5250000E+01  0.0000000E+00  0.0000000E+00  0.1764679758605681E+03  0.2257182490482361E+01
-0.5150000E+01  0.0000000E+00  0.0000000E+00  0.1776812111534573E+03  0.2416843814369374E+01
-0.5050000E+01  0.0000000E+00  0.0000000E+00  0.1782004611520734E+03  0.1540319460884804E+01
