#   DETECTOR OUTPUT MSH/DMSH
#   X BIN:    20 Y BIN:     1 Z BIN:     1
#                DETECTOR TYPE: DQ-EFF    
#   X START:-0.700D+01 Y START:-0.500D+00 Z START:-0.100D+00
#   X END  :-0.500D+01 Y END  : 0.500D+00 Z END  : 0.100D+00
#   PRIMARIES: 0.116D+07
-0.6950000E+01  0.0000000E+00  0.0000000E+00  0.2094129692004292E+02  0.7622894094838434E+01
-0.6850000E+01  0.0000000E+00  0.0000000E+00  0.3499342111911367E+02  0.1041031447045018E+02
-0.6750000E+01  0.0000000E+00  0.0000000E+00  0.8024691841549797E+02  0.4488306018910207E+02
-0.6650000E+01  0.0000000E+00  0.0000000E+00  0.8238524021770439E+02  0.3454983779913091E+02
-0.6550000E+01  0.0000000E+00  0.0000000E+00  0.8139752680730903E+02  0.2230234138910453E+02
-0.6450000E+01  0.0000000E+00  0.0000000E+00  0.1127664914063108E+03  0.2767360526309596E+02
-0.6350000E+01  0.0000000E+00  0.0000000E+00  0.5525634139604971E+02  0.1264817474575391E+02
-0.6250000E+01  0.0000000E+00  0.0000000E+00  0.1407543686596689E+03  0.3932955321501930E+02
-0.6150000E+01  0.0000000E+00  0.0000000E+00  0.1663023854939587E+03  0.2600302782796824E+02
-0.6050000E+01  0.0000000E+00  0.0000000E+00  0.1770876035942750E+03  0.1934713071212354E+02
-0.5950000E+01  0.0000000E+00  0.0000000E+00  0.2825385097948692E+03  0.3523100139960264E+02
-0.5850000E+01  0.0000000E+00  0.0000000E+00  0.2649800785167823E+03  0.2112335443663188E+02
-0.5750000E+01  0.0000000E+00  0.0000000E+00  0.3208144492503582E+03  0.2437184362205998E+02
-0.5650000E+01  0.0000000E+00  0.0000000E+00  0.3181791833512980E+03  0.1429095483548157E+02
-0.5550000E+01  0.0000000E+00  0.0000000E+00  0.3178856423009895E+03  0.9678734693713418E+01
-0.5450000E+01  0.0000000E+00  0.0000000E+00  0.3340064720484973E+03  0.8912264876238853E+01
-0.5350000E+01  0.0000000E+00  0.0000000E+00  0.3249982228105877E+03  0.6910885775172078E+01
-0.5250000E+01  0.0000000E+00  0.0000000E+00  0.3265478433215304E+03  0.5715596627378654E+01
-0.5150000E+01  0.0000000E+00  0.0000000E+00  0.3295865407148380E+03  0.5827649914315284E+01
-0.5050000E+01  0.0000000E+00  0.0000000E+00  0.3310026276275399E+03  0.4038123945629371E+01
