#   DETECTOR OUTPUT MSH/DMSH
#   X BIN:    20 Y BIN:     1 Z BIN:     1
#                DETECTOR TYPE: DLET      
#   X START:-0.700D+01 Y START:-0.500D+00 Z START:-0.100D+00
#   X END  :-0.500D+01 Y END  : 0.500D+00 Z END  : 0.100D+00
#   PRIMARIES: 0.106D+07
-0.6950000E+01  0.0000000E+00  0.0000000E+00  0.1261579639976966E+02  0.3549623289390097E+01
-0.6850000E+01  0.0000000E+00  0.0000000E+00  0.1794027543052520E+02  0.4552641910235576E+01
-0.6750000E+01  0.0000000E+00  0.0000000E+00  0.2676983252717986E+02  0.8024502299058188E+01
-0.6650000E+01  0.0000000E+00  0.0000000E+00  0.3189218794638336E+02  0.8616631232953951E+01
-0.6550000E+01  0.0000000E+00  0.0000000E+00  0.3544974751964728E+02  0.7608277591892720E+01
-0.6450000E+01  0.0000000E+00  0.0000000E+00  0.4866492878868551E+02  0.9259705433860359E+01
-0.6350000E+01  0.0000000E+00  0.0000000E+00  0.2906270534613487E+02  0.5411425685452785E+01
-0.6250000E+01  0.0000000E+00  0.0000000E+00  0.5392284473801507E+02  0.1072766718350742E+02
-0.6150000E+01  0.0000000E+00  0.0000000E+00  0.7258187558870632E+02  0.9435758641298026E+01
-0.6050000E+01  0.0000000E+00  0.0000000E+00  0.8138426800461247E+02  0.7778181045248495E+01
-0.5950000E+01  0.0000000E+00  0.0000000E+00  0.1164093491423657E+03  0.1041169557778473E+02
-0.5850000E+01  0.0000000E+00  0.0000000E+00  0.1180029651134473E+03  0.7774772644581103E+01
-0.5750000E+01  0.0000000E+00  0.0000000E+00  0.1381730248702671E+03  0.7952185835031830E+01
-0.5650000E+01  0.0000000E+00  0.0000000E+00  0.1418029214404719E+03  0.4941582003481277E+01
-0.5550000E+01  0.0000000E+00  0.0000000E+00  0.1429633992130423E+03  0.3460247631665877E+01
-0.5450000E+01  0.0000000E+00  0.0000000E+00  0.1482124237199327E+03  0.2942606310047617E+01
-0.5350000E+01  0.0000000E+00  0.0000000E+00  0.1452803558718756E+03  0.2296675925726003E+01
-0.5250000E+01  0.0000000E+00  0.0000000E+00  0.1464074892197251E+03  0.1891324513934995E+01
-0.5150000E+01  0.0000000E+00  0.0000000E+00  0.1475618929864393E+03  0.1949279280752077E+01
-0.5050000E+01  0.0000000E+00  0.0000000E+00  0.1480339170553011E+03  0.1357847609064436E+01
