#   DETECTOR OUTPUT MSH/DMSH
#   X BIN:    20 Y BIN:     1 Z BIN:     1
#                DETECTOR TYPE: DLET      
#   X START:-0.700D+01 Y START:-0.500D+00 Z START:-0.100D+00
#   X END  :-0.500D+01 Y END  : 0.500D+00 Z END  : 0.100D+00
#   PRIMARIES: 0.106D+07
-0.6950000E+01  0.0000000E+00  0.0000000E+00  0.0000000000000000E+00  0.0000000000000000E+00
-0.6850000E+01  0.0000000E+00  0.0000000E+00  0.1654627381765602E+01  0.1654627381765602E+01
-0.6750000E+01  0.0000000E+00  0.0000000E+00  0.4270951563332944E+01  0.3220547603505524E+01
-0.6650000E+01  0.0000000E+00  0.0000000E+00  0.6062389195330403E+01  0.3756109751639528E+01
-0.6550000E+01  0.0000000E+00  0.0000000E+00  0.2344495634922716E+01  0.1917616952711849E+01
-0.6450000E+01  0.0000000E+00  0.0000000E+00  0.2627232266542198E+02  0.8278671050082377E+01
-0.6350000E+01  0.0000000E+00  0.0000000E+00  0.1356750402207683E+02  0.4830113740412200E+01
-0.6250000E+01  0.0000000E+00  0.0000000E+00  0.3864736322622635E+02  0.9047989738524326E+01
-0.6150000E+01  0.0000000E+00  0.0000000E+00  0.6598062186774115E+02  0.1086845341636579E+02
-0.6050000E+01  0.0000000E+00  0.0000000E+00  0.7871283462728094E+02  0.8928146058208295E+01
-0.5950000E+01  0.0000000E+00  0.0000000E+00  0.1176580949757591E+03  0.1267593785665919E+02
-0.5850000E+01  0.0000000E+00  0.0000000E+00  0.1187515585404909E+03  0.8629420253358724E+01
-0.5750000E+01  0.0000000E+00  0.0000000E+00  0.1388085597078925E+03  0.8503772087414440E+01
-0.5650000E+01  0.0000000E+00  0.0000000E+00  0.1444303869521538E+03  0.5829152470415519E+01
-0.5550000E+01  0.0000000E+00  0.0000000E+00  0.1490462296833191E+03  0.4050434747118629E+01
-0.5450000E+01  0.0000000E+00  0.0000000E+00  0.1549382120035888E+03  0.3107874763089468E+01
-0.5350000E+01  0.0000000E+00  0.0000000E+00  0.1496721369352617E+03  0.2936791449513652E+01
-0.5250000E+01  0.0000000E+00  0.0000000E+00  0.1467586864761558E+03  0.1840816150031049E+01
-0.5150000E+01  0.0000000E+00  0.0000000E+00  0.1477549483845564E+03  0.1973043453595836E+01
-0.5050000E+01  0.0000000E+00  0.0000000E+00  0.1481685576872848E+03  0.1255109764573469E+01
