#   DETECTOR OUTPUT MSH/DMSH
#   X BIN:    20 Y BIN:     1 Z BIN:     1
#                DETECTOR TYPE: TLET      
#   X START:-0.700D+01 Y START:-0.500D+00 Z START:-0.100D+00
#   X END  :-0.500D+01 Y END  : 0.500D+00 Z END  : 0.100D+00
#   PRIMARIES: 0.106D+07
-0.6950000E+01  0.0000000E+00  0.0000000E+00  0.9878899156329899E+01  0.2425646462037579E+01
-0.6850000E+01  0.0000000E+00  0.0000000E+00  0.1199972732062541E+02  0.2887968739875000E+01
-0.6750000E+01  0.0000000E+00  0.0000000E+00  0.1913334630623993E+02  0.6501699674128746E+01
-0.6650000E+01  0.0000000E+00  0.0000000E+00  0.2442333107181341E+02  0.7110406974274262E+01
-0.6550000E+01  0.0000000E+00  0.0000000E+00  0.2571841452881943E+02  0.5548841800576324E+01
-0.6450000E+01  0.0000000E+00  0.0000000E+00  0.3644405763685942E+02  0.7256505923771000E+01
-0.6350000E+01  0.0000000E+00  0.0000000E+00  0.2055530232710999E+02  0.3528609567446494E+01
-0.6250000E+01  0.0000000E+00  0.0000000E+00  0.3917989644754405E+02  0.8931285477415713E+01
-0.6150000E+01  0.0000000E+00  0.0000000E+00  0.5043948541328633E+02  0.7029746376198750E+01
-0.6050000E+01  0.0000000E+00  0.0000000E+00  0.4902511890809964E+02  0.5056297465677483E+01
-0.5950000E+01  0.0000000E+00  0.0000000E+00  0.7519112230387721E+02  0.7766152057040666E+01
-0.5850000E+01  0.0000000E+00  0.0000000E+00  0.7289660749436808E+02  0.5687155548922195E+01
-0.5750000E+01  0.0000000E+00  0.0000000E+00  0.8599012046038381E+02  0.6493236701449334E+01
-0.5650000E+01  0.0000000E+00  0.0000000E+00  0.8182616074012722E+02  0.3779106429573007E+01
-0.5550000E+01  0.0000000E+00  0.0000000E+00  0.8010695188559774E+02  0.2672629423164868E+01
-0.5450000E+01  0.0000000E+00  0.0000000E+00  0.8109163503148947E+02  0.2372962530207471E+01
-0.5350000E+01  0.0000000E+00  0.0000000E+00  0.7921720211986465E+02  0.1976526834255264E+01
-0.5250000E+01  0.0000000E+00  0.0000000E+00  0.8151304349882682E+02  0.1355568240672334E+01
-0.5150000E+01  0.0000000E+00  0.0000000E+00  0.8305964681330424E+02  0.1544755317459519E+01
-0.5050000E+01  0.0000000E+00  0.0000000E+00  0.8283588709499443E+02  0.1109662546776922E+01
