#   DETECTOR OUTPUT MSH/DMSH
#   X BIN:    20 Y BIN:     1 Z BIN:     1
#                DETECTOR TYPE: DOSE      
#   X START:-0.700D+01 Y START:-0.500D+00 Z START:-0.100D+00
#   X END  :-0.500D+01 Y END  : 0.500D+00 Z END  : 0.100D+00
#   PRIMARIES: 0.116D+07
-0.6950000E+01  0.0000000E+00  0.0000000E+00  0.7514317934693942E-04  0.1324873164172921E-04
-0.6850000E+01  0.0000000E+00  0.0000000E+00  0.9148256370791307E-04  0.1540695641710088E-04
-0.6750000E+01  0.0000000E+00  0.0000000E+00  0.1129355535909765E-03  0.1887064961588449E-04
-0.6650000E+01  0.0000000E+00  0.0000000E+00  0.9541085649419056E-04  0.1396481056976837E-04
-0.6550000E+01  0.0000000E+00  0.0000000E+00  0.1114725454379223E-03  0.1865194879997218E-04
-0.6450000E+01  0.0000000E+00  0.0000000E+00  0.1618676150527178E-03  0.2069630517921505E-04
-0.6350000E+01  0.0000000E+00  0.0000000E+00  0.1561636298563916E-03  0.2398683138387169E-04
-0.6250000E+01  0.0000000E+00  0.0000000E+00  0.1215151818732313E-03  0.1528974068528221E-04
-0.6150000E+01  0.0000000E+00  0.0000000E+00  0.2041505504216045E-03  0.2164526704740978E-04
-0.6050000E+01  0.0000000E+00  0.0000000E+00  0.3375468754162512E-03  0.3307001203797329E-04
-0.5950000E+01  0.0000000E+00  0.0000000E+00  0.3606313585367219E-03  0.3447087440868906E-04
-0.5850000E+01  0.0000000E+00  0.0000000E+00  0.5785331700416054E-03  0.4077656257999954E-04
-0.5750000E+01  0.0000000E+00  0.0000000E+00  0.7159214479272954E-03  0.4638735043545771E-04
-0.5650000E+01  0.0000000E+00  0.0000000E+00  0.8996484040357260E-03  0.5812264962992439E-04
-0.5550000E+01  0.0000000E+00  0.0000000E+00  0.1183841559094477E-02  0.5842734831395345E-04
-0.5450000E+01  0.0000000E+00  0.0000000E+00  0.1505115869193871E-02  0.6167602595706818E-04
-0.5350000E+01  0.0000000E+00  0.0000000E+00  0.2113595604091278E-02  0.7802600283389359E-04
-0.5250000E+01  0.0000000E+00  0.0000000E+00  0.2457214610823955E-02  0.8263796873544133E-04
-0.5150000E+01  0.0000000E+00  0.0000000E+00  0.3088739173453918E-02  0.1030392716661640E-03
-0.5050000E+01  0.0000000E+00  0.0000000E+00  0.3806622733877938E-02  0.1002861883735245E-03
