#   DETECTOR OUTPUT MSH/DMSH
#   X BIN:    20 Y BIN:     1 Z BIN:     1
#                DETECTOR TYPE: TLET      
#   X START:-0.700D+01 Y START:-0.500D+00 Z START:-0.100D+00
#   X END  :-0.500D+01 Y END  : 0.500D+00 Z END  : 0.100D+00
#   PRIMARIES: 0.106D+07
-0.6950000E+01  0.0000000E+00  0.0000000E+00  0.0000000000000000E+00  0.0000000000000000E+00
-0.6850000E+01  0.0000000E+00  0.0000000E+00  0.1111241662810903E+01  0.1111241662810904E+01
-0.6750000E+01  0.0000000E+00  0.0000000E+00  0.3127734654213675E+01  0.2430890626203879E+01
-0.6650000E+01  0.0000000E+00  0.0000000E+00  0.4762510479982680E+01  0.2903659596638227E+01
-0.6550000E+01  0.0000000E+00  0.0000000E+00  0.1758128741982824E+01  0.1364658198698295E+01
-0.6450000E+01  0.0000000E+00  0.0000000E+00  0.1993056773603959E+02  0.6616602574270276E+01
-0.6350000E+01  0.0000000E+00  0.0000000E+00  0.9394063198144869E+01  0.3389817740996020E+01
-0.6250000E+01  0.0000000E+00  0.0000000E+00  0.2784661562330209E+02  0.7100673652692493E+01
-0.6150000E+01  0.0000000E+00  0.0000000E+00  0.4774440165859601E+02  0.8643581792278804E+01
-0.6050000E+01  0.0000000E+00  0.0000000E+00  0.5349773801656256E+02  0.6290624115075696E+01
-0.5950000E+01  0.0000000E+00  0.0000000E+00  0.8453920611940919E+02  0.1050657619604976E+02
-0.5850000E+01  0.0000000E+00  0.0000000E+00  0.7804722596785815E+02  0.6276625018022960E+01
-0.5750000E+01  0.0000000E+00  0.0000000E+00  0.9203875826197844E+02  0.6667193119831841E+01
-0.5650000E+01  0.0000000E+00  0.0000000E+00  0.9095358827707807E+02  0.4200677712588988E+01
-0.5550000E+01  0.0000000E+00  0.0000000E+00  0.9191567564326355E+02  0.2965225399726245E+01
-0.5450000E+01  0.0000000E+00  0.0000000E+00  0.9448033604509730E+02  0.2431833940399673E+01
-0.5350000E+01  0.0000000E+00  0.0000000E+00  0.9061249940984993E+02  0.2373210336794687E+01
-0.5250000E+01  0.0000000E+00  0.0000000E+00  0.8664500632712328E+02  0.1304241896777446E+01
-0.5150000E+01  0.0000000E+00  0.0000000E+00  0.8708158346404184E+02  0.1465486273817957E+01
-0.5050000E+01  0.0000000E+00  0.0000000E+00  0.8639245807781565E+02  0.8610418812993048E+00
