#   DETECTOR OUTPUT MSH/DMSH
#   X BIN:    20 Y BIN:     1 Z BIN:     1
#                DETECTOR TYPE: TLET      
#   X START:-0.700D+01 Y START:-0.500D+00 Z START:-0.100D+00
#   X END  :-0.500D+01 Y END  : 0.500D+00 Z END  : 0.100D+00
#   PRIMARIES: 0.116D+07
-0.6950000E+01  0.0000000E+00  0.0000000E+00  0.0000000000000000E+00  0.0000000000000000E+00
-0.6850000E+01  0.0000000E+00  0.0000000E+00  0.1309753044208208E+01  0.1309753044208207E+01
-0.6750000E+01  0.0000000E+00  0.0000000E+00  0.3713703153327488E+01  0.2892199384932442E+01
-0.6650000E+01  0.0000000E+00  0.0000000E+00  0.5642282490613155E+01  0.3447450487181686E+01
-0.6550000E+01  0.0000000E+00  0.0000000E+00  0.2069718165009871E+01  0.1608969717957521E+01
-0.6450000E+01  0.0000000E+00  0.0000000E+00  0.2383422683698943E+02  0.7988125664756161E+01
-0.6350000E+01  0.0000000E+00  0.0000000E+00  0.1108492185183903E+02  0.4006671154077450E+01
-0.6250000E+01  0.0000000E+00  0.0000000E+00  0.3332079289047653E+02  0.8703047918061976E+01
-0.6150000E+01  0.0000000E+00  0.0000000E+00  0.5701818296582209E+02  0.1055095545319339E+02
-0.6050000E+01  0.0000000E+00  0.0000000E+00  0.6313966660783739E+02  0.7460818018777312E+01
-0.5950000E+01  0.0000000E+00  0.0000000E+00  0.1020261411819308E+03  0.1346693880063466E+02
-0.5850000E+01  0.0000000E+00  0.0000000E+00  0.9218109900892439E+02  0.7474201899330502E+01
-0.5750000E+01  0.0000000E+00  0.0000000E+00  0.1088679050064357E+03  0.8014945424098153E+01
-0.5650000E+01  0.0000000E+00  0.0000000E+00  0.1072848629540271E+03  0.5010503163824184E+01
-0.5550000E+01  0.0000000E+00  0.0000000E+00  0.1083174015931378E+03  0.3529936624376958E+01
-0.5450000E+01  0.0000000E+00  0.0000000E+00  0.1113576433153298E+03  0.2897760046136543E+01
-0.5350000E+01  0.0000000E+00  0.0000000E+00  0.1067564382273982E+03  0.2833594151292071E+01
-0.5250000E+01  0.0000000E+00  0.0000000E+00  0.1020169495762751E+03  0.1550074211326695E+01
-0.5150000E+01  0.0000000E+00  0.0000000E+00  0.1025404389460930E+03  0.1744108632984233E+01
-0.5050000E+01  0.0000000E+00  0.0000000E+00  0.1017190979012043E+03  0.1022943504286532E+01
