#   DETECTOR OUTPUT MSH/DMSH
#   X BIN:    20 Y BIN:     1 Z BIN:     1
#                DETECTOR TYPE: TLET      
#   X START:-0.700D+01 Y START:-0.500D+00 Z START:-0.100D+00
#   X END  :-0.500D+01 Y END  : 0.500D+00 Z END  : 0.100D+00
#   PRIMARIES: 0.116D+07
-0.6950000E+01  0.0000000E+00  0.0000000E+00  0.1157895160324301E+02  0.2852853087107692E+01
-0.6850000E+01  0.0000000E+00  0.0000000E+00  0.1409726779108757E+02  0.3405646842846915E+01
-0.6750000E+01  0.0000000E+00  0.0000000E+00  0.2362791634463207E+02  0.8760469098080009E+01
-0.6650000E+01  0.0000000E+00  0.0000000E+00  0.2962777020650488E+02  0.9118124657290537E+01
-0.6550000E+01  0.0000000E+00  0.0000000E+00  0.3045364318900657E+02  0.6654301374954602E+01
-0.6450000E+01  0.0000000E+00  0.0000000E+00  0.4329817414784901E+02  0.8757631564239636E+01
-0.6350000E+01  0.0000000E+00  0.0000000E+00  0.2414116576514967E+02  0.4166085087796390E+01
-0.6250000E+01  0.0000000E+00  0.0000000E+00  0.4739055441282194E+02  0.1129168137405847E+02
-0.6150000E+01  0.0000000E+00  0.0000000E+00  0.5971493889938206E+02  0.8439087512003720E+01
-0.6050000E+01  0.0000000E+00  0.0000000E+00  0.5774071609951012E+02  0.5990301560713102E+01
-0.5950000E+01  0.0000000E+00  0.0000000E+00  0.8929576238955718E+02  0.9525095165903021E+01
-0.5850000E+01  0.0000000E+00  0.0000000E+00  0.8602067441713794E+02  0.6778876532801564E+01
-0.5750000E+01  0.0000000E+00  0.0000000E+00  0.1017046324640657E+03  0.7815760555781789E+01
-0.5650000E+01  0.0000000E+00  0.0000000E+00  0.9645427776349487E+02  0.4503757777803523E+01
-0.5550000E+01  0.0000000E+00  0.0000000E+00  0.9433602533302957E+02  0.3169077107729227E+01
-0.5450000E+01  0.0000000E+00  0.0000000E+00  0.9552718536284161E+02  0.2817557941460796E+01
-0.5350000E+01  0.0000000E+00  0.0000000E+00  0.9328426244305528E+02  0.2345885720035284E+01
-0.5250000E+01  0.0000000E+00  0.0000000E+00  0.9597960788207098E+02  0.1609108746341170E+01
-0.5150000E+01  0.0000000E+00  0.0000000E+00  0.9781082404241664E+02  0.1835075934692976E+01
-0.5050000E+01  0.0000000E+00  0.0000000E+00  0.9754076387308326E+02  0.1315934354965429E+01
