#   DETECTOR OUTPUT MSH/DMSH
#   X BIN:    20 Y BIN:     1 Z BIN:     1
#                DETECTOR TYPE: FLUENCE   
#   X START:-0.700D+01 Y START:-0.500D+00 Z START:-0.100D+00
#   X END  :-0.500D+01 Y END  : 0.500D+00 Z END  : 0.100D+00
#   PRIMARIES: 0.116D+07
-0.6950000E+01  0.0000000E+00  0.0000000E+00  0.3413911019503005E-03  0.4655814688455615E-05
-0.6850000E+01  0.0000000E+00  0.0000000E+00  0.3505850542271605E-03  0.5618278013556701E-05
-0.6750000E+01  0.0000000E+00  0.0000000E+00  0.3632428657848035E-03  0.5125014783020759E-05
-0.6650000E+01  0.0000000E+00  0.0000000E+00  0.3699784159488205E-03  0.5805757031761010E-05
-0.6550000E+01  0.0000000E+00  0.0000000E+00  0.3812554139600851E-03  0.5358739635783329E-05
-0.6450000E+01  0.0000000E+00  0.0000000E+00  0.3970767179739056E-03  0.5258469980063021E-05
-0.6350000E+01  0.0000000E+00  0.0000000E+00  0.4040453012855371E-03  0.6139717066818832E-05
-0.6250000E+01  0.0000000E+00  0.0000000E+00  0.4089600548861817E-03  0.5672691016934599E-05
-0.6150000E+01  0.0000000E+00  0.0000000E+00  0.4173303162470866E-03  0.4592421584347498E-05
-0.6050000E+01  0.0000000E+00  0.0000000E+00  0.4286100100816698E-03  0.5953212681977462E-05
-0.5950000E+01  0.0000000E+00  0.0000000E+00  0.4438715557267896E-03  0.5819982648140634E-05
-0.5850000E+01  0.0000000E+00  0.0000000E+00  0.4534094410628448E-03  0.5805583542146387E-05
-0.5750000E+01  0.0000000E+00  0.0000000E+00  0.4683091383490434E-03  0.6363104496649958E-05
-0.5650000E+01  0.0000000E+00  0.0000000E+00  0.4857979824853368E-03  0.5987611377661006E-05
-0.5550000E+01  0.0000000E+00  0.0000000E+00  0.4998098859995090E-03  0.6298260992241702E-05
-0.5450000E+01  0.0000000E+00  0.0000000E+00  0.5328266286410657E-03  0.5539374919604197E-05
-0.5350000E+01  0.0000000E+00  0.0000000E+00  0.5476076842889719E-03  0.6606324842839723E-05
-0.5250000E+01  0.0000000E+00  0.0000000E+00  0.5604969249835092E-03  0.7401343493005710E-05
-0.5150000E+01  0.0000000E+00  0.0000000E+00  0.5710781930587268E-03  0.6464177979301169E-05
-0.5050000E+01  0.0000000E+00  0.0000000E+00  0.6043973044091000E-03  0.6271839714619802E-05
