#   DETECTOR OUTPUT MSH/DMSH
#   X BIN:    20 Y BIN:     1 Z BIN:     1
#                DETECTOR TYPE: DQ-EFF    
#   X START:-0.700D+01 Y START:-0.500D+00 Z START:-0.100D+00
#   X END  :-0.500D+01 Y END  : 0.500D+00 Z END  : 0.100D+00
#   PRIMARIES: 0.116D+07
-0.6950000E+01  0.0000000E+00  0.0000000E+00  0.0000000000000000E+00  0.0000000000000000E+00
-0.6850000E+01  0.0000000E+00  0.0000000E+00  0.3671018896800956E+01  0.3671018896800957E+01
-0.6750000E+01  0.0000000E+00  0.0000000E+00  0.1074366755329681E+02  0.8429791851250981E+01
-0.6650000E+01  0.0000000E+00  0.0000000E+00  0.1443322678632774E+02  0.9635655027448568E+01
-0.6550000E+01  0.0000000E+00  0.0000000E+00  0.4798726789339557E+01  0.4307240927051635E+01
-0.6450000E+01  0.0000000E+00  0.0000000E+00  0.7011297894784636E+02  0.2458027395566717E+02
-0.6350000E+01  0.0000000E+00  0.0000000E+00  0.3140049702738505E+02  0.1140790718615559E+02
-0.6250000E+01  0.0000000E+00  0.0000000E+00  0.9868717399246002E+02  0.2801992938274345E+02
-0.6150000E+01  0.0000000E+00  0.0000000E+00  0.1668768261878162E+03  0.3333550407284918E+02
-0.6050000E+01  0.0000000E+00  0.0000000E+00  0.1772141598923314E+03  0.2232512481731899E+02
-0.5950000E+01  0.0000000E+00  0.0000000E+00  0.3289783532909216E+03  0.6660581603298597E+02
-0.5850000E+01  0.0000000E+00  0.0000000E+00  0.2717817661833398E+03  0.2284361393276146E+02
-0.5750000E+01  0.0000000E+00  0.0000000E+00  0.3227219154412986E+03  0.2522349131598192E+02
-0.5650000E+01  0.0000000E+00  0.0000000E+00  0.3265642849810021E+03  0.1635940965666827E+02
-0.5550000E+01  0.0000000E+00  0.0000000E+00  0.3335088198754100E+03  0.1154714461029592E+02
-0.5450000E+01  0.0000000E+00  0.0000000E+00  0.3493295185420457E+03  0.9562176321563964E+01
-0.5350000E+01  0.0000000E+00  0.0000000E+00  0.3335160717485533E+03  0.8892617107921373E+01
-0.5250000E+01  0.0000000E+00  0.0000000E+00  0.3246343502292208E+03  0.5477896361592951E+01
-0.5150000E+01  0.0000000E+00  0.0000000E+00  0.3276222457544105E+03  0.5826768192218667E+01
-0.5050000E+01  0.0000000E+00  0.0000000E+00  0.3288541264021102E+03  0.3774580447871185E+01
