#   DETECTOR OUTPUT MSH/DMSH
#   X BIN:    20 Y BIN:     1 Z BIN:     1
#                DETECTOR TYPE: DLET      
#   X START:-0.700D+01 Y START:-0.500D+00 Z START:-0.100D+00
#   X END  :-0.500D+01 Y END  : 0.500D+00 Z END  : 0.100D+00
#   PRIMARIES: 0.116D+07
-0.6950000E+01  0.0000000E+00  0.0000000E+00  0.1495634380650299E+02  0.4249971105339667E+01
-0.6850000E+01  0.0000000E+00  0.0000000E+00  0.2143976433904108E+02  0.5480710975477951E+01
-0.6750000E+01  0.0000000E+00  0.0000000E+00  0.3313456426451532E+02  0.1065872477418743E+02
-0.6650000E+01  0.0000000E+00  0.0000000E+00  0.3901870343778548E+02  0.1101060289188801E+02
-0.6550000E+01  0.0000000E+00  0.0000000E+00  0.4280793965078374E+02  0.9327984664156071E+01
-0.6450000E+01  0.0000000E+00  0.0000000E+00  0.5877860766571828E+02  0.1137604709793898E+02
-0.6350000E+01  0.0000000E+00  0.0000000E+00  0.3470198126509735E+02  0.6522948888048785E+01
-0.6250000E+01  0.0000000E+00  0.0000000E+00  0.6588018552401861E+02  0.1353775230442228E+02
-0.6150000E+01  0.0000000E+00  0.0000000E+00  0.8750561144808579E+02  0.1150851543933378E+02
-0.6050000E+01  0.0000000E+00  0.0000000E+00  0.9776743792731418E+02  0.9411419977403806E+01
-0.5950000E+01  0.0000000E+00  0.0000000E+00  0.1410385185555602E+03  0.1296660158238304E+02
-0.5850000E+01  0.0000000E+00  0.0000000E+00  0.1420422995091790E+03  0.9464923354352953E+01
-0.5750000E+01  0.0000000E+00  0.0000000E+00  0.1666908987525018E+03  0.9782176321785268E+01
-0.5650000E+01  0.0000000E+00  0.0000000E+00  0.1706662708566745E+03  0.6045724483199169E+01
-0.5550000E+01  0.0000000E+00  0.0000000E+00  0.1719602609049310E+03  0.4218684118952962E+01
-0.5450000E+01  0.0000000E+00  0.0000000E+00  0.1784322935775150E+03  0.3611196057816665E+01
-0.5350000E+01  0.0000000E+00  0.0000000E+00  0.1748316334891710E+03  0.2817844124608822E+01
-0.5250000E+01  0.0000000E+00  0.0000000E+00  0.1761502562171236E+03  0.2322702297581752E+01
-0.5150000E+01  0.0000000E+00  0.0000000E+00  0.1775478761312219E+03  0.2391403906940569E+01
-0.5050000E+01  0.0000000E+00  0.0000000E+00  0.1781344624841468E+03  0.1664923629018893E+01
