#   DETECTOR OUTPUT MSH/DMSH
#   X BIN:    20 Y BIN:     1 Z BIN:     1
#                DETECTOR TYPE: DQ-EFF    
#   X START:-0.700D+01 Y START:-0.500D+00 Z START:-0.100D+00
#   X END  :-0.500D+01 Y END  : 0.500D+00 Z END  : 0.100D+00
#   PRIMARIES: 0.116D+07
-0.6950000E+01  0.0000000E+00  0.0000000E+00  0.2520520186222189E+04  0.8942486294005641E+03
-0.6850000E+01  0.0000000E+00  0.0000000E+00  0.3132658092902332E+04  0.1051639711529734E+04
-0.6750000E+01  0.0000000E+00  0.0000000E+00  0.3413902117091648E+04  0.1062816252653101E+04
-0.6650000E+01  0.0000000E+00  0.0000000E+00  0.9864356765798472E+03  0.5504644374550962E+03
-0.6550000E+01  0.0000000E+00  0.0000000E+00  0.1747959259704723E+04  0.5904077338218947E+03
-0.6450000E+01  0.0000000E+00  0.0000000E+00  0.2349846882987033E+04  0.8809204921291193E+03
-0.6350000E+01  0.0000000E+00  0.0000000E+00  0.3173395863045405E+04  0.1020458523506830E+04
-0.6250000E+01  0.0000000E+00  0.0000000E+00  0.3015631123713115E+04  0.1034049984063122E+04
-0.6150000E+01  0.0000000E+00  0.0000000E+00  0.2389981158265228E+04  0.8517806397990549E+03
-0.6050000E+01  0.0000000E+00  0.0000000E+00  0.1398510223744181E+04  0.5653412024314458E+03
-0.5950000E+01  0.0000000E+00  0.0000000E+00  0.2476248189623539E+04  0.8032318753970044E+03
-0.5850000E+01  0.0000000E+00  0.0000000E+00  0.1817133221005703E+04  0.6875597757326447E+03
-0.5750000E+01  0.0000000E+00  0.0000000E+00  0.7871536686325074E+03  0.2126206514468996E+03
-0.5650000E+01  0.0000000E+00  0.0000000E+00  0.7020764201010495E+03  0.1260444595200899E+03
-0.5550000E+01  0.0000000E+00  0.0000000E+00  0.1121370956091661E+04  0.5070757595397301E+03
-0.5450000E+01  0.0000000E+00  0.0000000E+00  0.5898262094780645E+03  0.8681076510971815E+02
-0.5350000E+01  0.0000000E+00  0.0000000E+00  0.4570513403028964E+03  0.5474515833302494E+02
-0.5250000E+01  0.0000000E+00  0.0000000E+00  0.4970644901579511E+03  0.3871047659036581E+02
-0.5150000E+01  0.0000000E+00  0.0000000E+00  0.4571688422306007E+03  0.3208372293482729E+02
-0.5050000E+01  0.0000000E+00  0.0000000E+00  0.4490095378881337E+03  0.3768351423206504E+02
