#   DETECTOR OUTPUT MSH/DMSH
#   X BIN:    20 Y BIN:     1 Z BIN:     1
#                DETECTOR TYPE: TQ-EFF    
#   X START:-0.700D+01 Y START:-0.500D+00 Z START:-0.100D+00
#   X END  :-0.500D+01 Y END  : 0.500D+00 Z END  : 0.100D+00
#   PRIMARIES: 0.116D+07
-0.6950000E+01  0.0000000E+00  0.0000000E+00  0.0000000000000000E+00  0.0000000000000000E+00
-0.6850000E+01  0.0000000E+00  0.0000000E+00  0.1825709377542853E+01  0.1825709377542854E+01
-0.6750000E+01  0.0000000E+00  0.0000000E+00  0.6517455565189080E+01  0.5399367246204515E+01
-0.6650000E+01  0.0000000E+00  0.0000000E+00  0.9413073404264658E+01  0.6211641771002353E+01
-0.6550000E+01  0.0000000E+00  0.0000000E+00  0.2747112981826657E+01  0.2294753573497699E+01
-0.6450000E+01  0.0000000E+00  0.0000000E+00  0.4730552436722488E+02  0.1948187070590589E+02
-0.6350000E+01  0.0000000E+00  0.0000000E+00  0.1633460175029482E+02  0.6217817936817538E+01
-0.6250000E+01  0.0000000E+00  0.0000000E+00  0.6327853844007990E+02  0.2480175853882682E+02
-0.6150000E+01  0.0000000E+00  0.0000000E+00  0.1052095974278263E+03  0.2863352152446820E+02
-0.6050000E+01  0.0000000E+00  0.0000000E+00  0.9212890601223435E+02  0.1304874136385548E+02
-0.5950000E+01  0.0000000E+00  0.0000000E+00  0.2411970755117914E+03  0.7872829504952122E+02
-0.5850000E+01  0.0000000E+00  0.0000000E+00  0.1365640289157826E+03  0.1466489816534659E+02
-0.5750000E+01  0.0000000E+00  0.0000000E+00  0.1675128834430946E+03  0.1872928752599310E+02
-0.5650000E+01  0.0000000E+00  0.0000000E+00  0.1518342418689571E+03  0.1016310979445172E+02
-0.5550000E+01  0.0000000E+00  0.0000000E+00  0.1485049439257316E+03  0.6865521500000554E+01
-0.5450000E+01  0.0000000E+00  0.0000000E+00  0.1533156620456162E+03  0.5710557639153143E+01
-0.5350000E+01  0.0000000E+00  0.0000000E+00  0.1448177251062148E+03  0.5882020289689188E+01
-0.5250000E+01  0.0000000E+00  0.0000000E+00  0.1350456770628745E+03  0.2840252863973648E+01
-0.5150000E+01  0.0000000E+00  0.0000000E+00  0.1364196130742866E+03  0.3331254285319603E+01
-0.5050000E+01  0.0000000E+00  0.0000000E+00  0.1346666232135205E+03  0.1858074911693274E+01
