#   DETECTOR OUTPUT MSH/DMSH
#   X BIN:    20 Y BIN:     1 Z BIN:     1
#                DETECTOR TYPE: TLET      
#   X START:-0.700D+01 Y START:-0.500D+00 Z START:-0.100D+00
#   X END  :-0.500D+01 Y END  : 0.500D+00 Z END  : 0.100D+00
#   PRIMARIES: 0.116D+07
-0.6950000E+01  0.0000000E+00  0.0000000E+00  0.2053119380438162E+03  0.7545078148415016E+02
-0.6850000E+01  0.0000000E+00  0.0000000E+00  0.2518376927478051E+03  0.8479560892175587E+02
-0.6750000E+01  0.0000000E+00  0.0000000E+00  0.2846770147538478E+03  0.9230444831076036E+02
-0.6650000E+01  0.0000000E+00  0.0000000E+00  0.1047409448567225E+03  0.5279824547708430E+02
-0.6550000E+01  0.0000000E+00  0.0000000E+00  0.6476117584707167E+02  0.2453994090774599E+02
-0.6450000E+01  0.0000000E+00  0.0000000E+00  0.2200519924031801E+03  0.8381251850728384E+02
-0.6350000E+01  0.0000000E+00  0.0000000E+00  0.2727862470389815E+03  0.8570757968738378E+02
-0.6250000E+01  0.0000000E+00  0.0000000E+00  0.2228800312276966E+03  0.7702887366224647E+02
-0.6150000E+01  0.0000000E+00  0.0000000E+00  0.2465575207100115E+03  0.8316430011960142E+02
-0.6050000E+01  0.0000000E+00  0.0000000E+00  0.1443793017757479E+03  0.5157008853623845E+02
-0.5950000E+01  0.0000000E+00  0.0000000E+00  0.2154869871014834E+03  0.7825208966211974E+02
-0.5850000E+01  0.0000000E+00  0.0000000E+00  0.1565315155894398E+03  0.4243650865698839E+02
-0.5750000E+01  0.0000000E+00  0.0000000E+00  0.1062001533699132E+03  0.9236230459604283E+01
-0.5650000E+01  0.0000000E+00  0.0000000E+00  0.1012087820196928E+03  0.5082143998317930E+01
-0.5550000E+01  0.0000000E+00  0.0000000E+00  0.1384255405804504E+03  0.4112844387654578E+02
-0.5450000E+01  0.0000000E+00  0.0000000E+00  0.9858830754863814E+02  0.3167918402758033E+01
-0.5350000E+01  0.0000000E+00  0.0000000E+00  0.9460593356565074E+02  0.2457504709903910E+01
-0.5250000E+01  0.0000000E+00  0.0000000E+00  0.9720030203619524E+02  0.1696423195695261E+01
-0.5150000E+01  0.0000000E+00  0.0000000E+00  0.9907337399661699E+02  0.1889090919029562E+01
-0.5050000E+01  0.0000000E+00  0.0000000E+00  0.9796262375479537E+02  0.1312030060354423E+01
