#   DETECTOR OUTPUT MSH/DMSH
#   X BIN:    20 Y BIN:     1 Z BIN:     1
#                DETECTOR TYPE: TLET      
#   X START:-0.700D+01 Y START:-0.500D+00 Z START:-0.100D+00
#   X END  :-0.500D+01 Y END  : 0.500D+00 Z END  : 0.100D+00
#   PRIMARIES: 0.106D+07
-0.6950000E+01  0.0000000E+00  0.0000000E+00  0.1576990563248342E+03  0.5718512659665772E+02
-0.6850000E+01  0.0000000E+00  0.0000000E+00  0.2026867299669642E+03  0.6791154551505322E+02
-0.6750000E+01  0.0000000E+00  0.0000000E+00  0.2241733117617165E+03  0.7249426371481164E+02
-0.6650000E+01  0.0000000E+00  0.0000000E+00  0.8088502773743136E+02  0.3965804278786997E+02
-0.6550000E+01  0.0000000E+00  0.0000000E+00  0.5188823592962633E+02  0.1847081825135840E+02
-0.6450000E+01  0.0000000E+00  0.0000000E+00  0.1761972123931176E+03  0.6619013526287472E+02
-0.6350000E+01  0.0000000E+00  0.0000000E+00  0.2164138508770201E+03  0.6714695182683820E+02
-0.6250000E+01  0.0000000E+00  0.0000000E+00  0.1753222121575475E+03  0.5982441596820004E+02
-0.6150000E+01  0.0000000E+00  0.0000000E+00  0.1915608920315816E+03  0.6308119300213126E+02
-0.6050000E+01  0.0000000E+00  0.0000000E+00  0.1153185680250675E+03  0.3893651052376854E+02
-0.5950000E+01  0.0000000E+00  0.0000000E+00  0.1762958946614842E+03  0.6330536830305618E+02
-0.5850000E+01  0.0000000E+00  0.0000000E+00  0.1284369685360358E+03  0.3299326508546256E+02
-0.5750000E+01  0.0000000E+00  0.0000000E+00  0.8947830185169980E+02  0.7493686739217805E+01
-0.5650000E+01  0.0000000E+00  0.0000000E+00  0.8582535551591158E+02  0.4270972150002058E+01
-0.5550000E+01  0.0000000E+00  0.0000000E+00  0.1161655158580121E+03  0.3355637721131605E+02
-0.5450000E+01  0.0000000E+00  0.0000000E+00  0.8362496038179037E+02  0.2660323343509378E+01
-0.5350000E+01  0.0000000E+00  0.0000000E+00  0.8031410626431244E+02  0.2069089232332293E+01
-0.5250000E+01  0.0000000E+00  0.0000000E+00  0.8251335561178121E+02  0.1425905579275420E+01
-0.5150000E+01  0.0000000E+00  0.0000000E+00  0.8411076334137607E+02  0.1590971922123004E+01
-0.5050000E+01  0.0000000E+00  0.0000000E+00  0.8317742504638156E+02  0.1106190906374597E+01
