-15.2012 3.98959 4.84518e-05
-15.1037 4.01992 4.62059e-05
-15.0062 4.02104 4.63365e-05
-14.9087 4.03301 4.94432e-05
-14.8112 4.05358 4.63629e-05
-14.7137 4.05381 4.66208e-05
-14.6161 4.0793 5.42099e-05
-14.5186 4.08691 5.21285e-05
-14.4211 4.09473 5.12531e-05
-14.3236 4.1201 5.00459e-05
-14.2261 4.12051 4.66298e-05
-14.1285 4.14475 4.77847e-05
-14.031 4.15412 4.64021e-05
-13.9335 4.16345 4.90634e-05
-13.836 4.18781 4.95041e-05
-13.7385 4.18931 4.85793e-05
-13.641 4.21641 5.05546e-05
-13.5434 4.22271 5.07918e-05
-13.4459 4.23917 5.30851e-05
-13.3484 4.25735 5.54432e-05
-13.2509 4.2641 5.19872e-05
-13.1534 4.29085 5.27776e-05
-13.0559 4.29459 5.28099e-05
-12.9583 4.32078 5.78064e-05
-12.8608 4.32868 5.20397e-05
-12.7633 4.34889 5.61602e-05
-12.6658 4.36415 6.08698e-05
-12.5683 4.37808 5.57219e-05
-12.4707 4.39956 5.40477e-05
-12.3732 4.40953 5.69285e-05
-12.2757 4.43478 5.68131e-05
-12.1782 4.44346 5.97439e-05
-12.0807 4.46929 5.5777e-05
-11.9832 4.4789 5.28286e-05
-11.8856 4.50441 5.37418e-05
-11.7881 4.51557 5.92601e-05
-11.6906 4.5403 6.30361e-05
-11.5931 4.55323 5.85394e-05
-11.4956 4.57731 5.94674e-05
-11.398 4.59165 6.03416e-05
-11.3005 4.61549 5.86516e-05
-11.203 4.63106 6.11638e-05
-11.1055 4.65459 6.0556e-05
-11.008 4.66764 6.48632e-05
-10.9105 4.70238 5.95242e-05
-10.8129 4.706 6.26433e-05
-10.7154 4.74456 6.44773e-05
-10.6179 4.75093 6.66445e-05
-10.5204 4.78517 6.03854e-05
-10.4229 4.79795 6.31914e-05
-10.3254 4.82575 6.83269e-05
-10.2278 4.84679 6.83347e-05
-10.1303 4.86701 6.81459e-05
-10.0328 4.89732 6.92877e-05
-9.93528 4.91152 6.8077e-05
-9.83777 4.9469 6.64442e-05
-9.74025 4.96281 6.69741e-05
-9.64273 4.99219 6.56676e-05
-9.54521 5.01818 6.69492e-05
-9.4477 5.03903 6.89053e-05
-9.35018 5.07267 6.27467e-05
-9.25266 5.09388 7.12835e-05
-9.15514 5.12295 6.75825e-05
-9.05762 5.15285 6.6611e-05
-8.96011 5.17698 7.61854e-05
-8.86259 5.20902 7.19535e-05
-8.76507 5.23812 7.3746e-05
-8.66755 5.2658 7.88142e-05
-8.57004 5.29843 7.90849e-05
-8.47252 5.32885 7.57794e-05
-8.375 5.35929 7.20545e-05
-8.27748 5.39255 7.3444e-05
-8.17996 5.42539 7.66038e-05
-8.08245 5.45805 7.11066e-05
-7.98493 5.49256 7.78898e-05
-7.88741 5.52763 8.03414e-05
-7.78989 5.56299 7.56468e-05
-7.69238 5.5991 7.54388e-05
-7.59486 5.63633 7.21152e-05
-7.49734 5.67418 8.59806e-05
-7.39982 5.71271 8.30901e-05
-7.3023 5.75222 8.02242e-05
-7.20479 5.7927 7.90463e-05
-7.10727 5.83414 7.87608e-05
-7.00975 5.87633 7.84759e-05
-6.91223 5.91944 8.17766e-05
-6.81472 5.96388 8.79598e-05
-6.7172 6.00926 8.2233e-05
-6.61968 6.05563 9.50329e-05
-6.52216 6.10345 8.32251e-05
-6.42465 6.15216 8.89933e-05
-6.32713 6.20253 8.05267e-05
-6.22961 6.25375 8.95561e-05
-6.13209 6.30677 9.02827e-05
-6.03457 6.36089 8.97469e-05
-5.93706 6.41671 8.97018e-05
-5.83954 6.47396 9.63259e-05
-5.74202 6.53291 0.000100702
-5.6445 6.59372 0.000103945
-5.54699 6.65606 9.92313e-05
-5.44947 6.72064 9.33302e-05
-5.35195 6.78714 9.45719e-05
-5.25443 6.85558 0.000105257
-5.15691 6.92643 0.000115523
-5.0594 6.99925 0.000107731
-4.96188 7.07495 0.000113766
-4.86436 7.15326 0.000109051
-4.76684 7.23428 0.000116402
-4.66933 7.31789 0.000111266
-4.57181 7.40507 0.000116523
-4.47429 7.49536 0.000113184
-4.37677 7.58916 0.000123142
-4.27926 7.68677 0.000118567
-4.18174 7.78818 0.000109697
-4.08422 7.89405 0.000122588
-3.9867 8.00462 0.000114885
-3.88918 8.11987 0.000133288
-3.79167 8.24069 0.000134827
-3.69415 8.36707 0.000138654
-3.59663 8.49963 0.000136968
-3.49911 8.63906 0.00015209
-3.4016 8.78603 0.000167495
-3.30408 8.9409 0.000148124
-3.20656 9.10461 0.000160565
-3.10904 9.27748 0.000169385
-3.01152 9.46162 0.000172957
-2.91401 9.65744 0.000192117
-2.81649 9.86651 0.000197656
-2.71897 10.0904 0.000232361
-2.62145 10.3309 0.000256847
-2.52394 10.5902 0.000254363
-2.42642 10.8702 0.000272705
-2.3289 11.1754 0.00031638
-2.23138 11.509 0.000338293
-2.13387 11.8762 0.00039771
-2.03635 12.2839 0.000471209
-1.93883 12.7378 0.000498289
-1.84131 13.249 0.000599449
-1.74379 13.8296 0.00068178
-1.64628 14.496 0.000879131
-1.54876 15.2714 0.0011019
-1.45124 16.1895 0.00119041
-1.35372 17.2986 0.00146374
-1.25621 18.6762 0.00174106
-1.15869 20.453 0.00220614
-1.06117 22.8567 0.00281019
-0.963652 26.2398 0.00360109
-0.866135 31.0356 0.00507224
-0.768617 37.5918 0.00666838
-0.671099 46.0275 0.00858344
-0.573582 56.1451 0.0106169
-0.476064 67.7058 0.0156256
-0.378546 81.1356 0.0207821
-0.281028 94.7709 0.0278246
-0.183511 97.9095 0.042469
-0.0859929 116.438 0.0843075
0.0115248 132.774 0.167539
0.109043 147.168 0.367018
0.20656 162.323 0.961312
0.304078 180.406 3.77683
0.401596 271.253 45.8389
0.499113 60.4192 20.7221
0.596631 2.51338 1.81375
0.694149 0 0
0.791667 0 0
0.889184 0 0
0.986702 0 0
1.08422 0.0421459 0.0421459
1.18174 0.0425983 0.0425983
1.27926 0.0432381 0.0432381
1.37677 0.0439861 0.0439861
1.47429 0.0447488 0.0447488
1.57181 0.0455653 0.0455653
1.66933 0.0464064 0.0464064
1.76684 0.0473532 0.0473532
1.86436 0.0482887 0.0482887
1.96188 0.0493064 0.0493064
2.0594 0.050399 0.050399
2.15691 0.0516143 0.0516143
2.25443 0.0529456 0.0529456
2.35195 0.0543085 0.0543085
2.44947 0.0557108 0.0557108
2.54699 0.0573007 0.0573007
2.6445 0.0590854 0.0590854
2.74202 0.0609509 0.0609509
2.83954 0.063025 0.063025
2.93706 0.0655647 0.0655647
3.03457 0.0683586 0.0683586
3.13209 0.0713676 0.0713676
3.22961 0.0749122 0.0749122
3.32713 0.0787476 0.0787476
3.42465 0.083757 0.083757
3.52216 0.0895237 0.0895237
3.61968 0.0970574 0.0970574
3.7172 0.105985 0.105985
3.81472 0.118304 0.118304
3.91223 0.137696 0.137696
4.00975 0.168093 0.168093
4.10727 0.2321 0.2321
4.20479 0.726888 0.726888
4.3023 0 0
4.39982 0 0
4.49734 0 0
4.59486 0 0
4.69238 0 0
4.78989 0 0
4.88741 0 0
4.98493 0 0
5.08245 0 0
5.17996 0 0
5.27748 0 0
5.375 0 0
5.47252 0 0
5.57004 0 0
5.66755 0 0
5.76507 0 0
5.86259 0 0
5.96011 0 0
6.05762 0 0
6.15514 0 0
6.25266 0 0
6.35018 0 0
6.4477 0 0
6.54521 0 0
6.64273 0 0
6.74025 0 0
6.83777 0 0
6.93528 0 0
7.0328 0 0
7.13032 0 0
7.22784 0 0
7.32535 0 0
7.42287 0 0
7.52039 0 0
7.61791 0 0
7.71543 0 0
7.81294 0 0
7.91046 0 0
8.00798 0 0
8.1055 0 0
8.20301 0 0
8.30053 0 0
8.39805 0 0
8.49557 0 0
8.59309 0 0
8.6906 0 0
8.78812 0 0
8.88564 0 0
8.98316 0 0
9.08067 0 0
9.17819 0 0
9.27571 0 0
9.37323 0 0
9.47074 0 0
9.56826 0 0
9.66578 0 0
9.7633 0 0
9.86082 0 0
9.95833 0 0
10.0559 0 0
10.1534 0 0
10.2509 0 0
10.3484 0 0
10.4459 0 0
10.5434 0 0
10.641 0 0
10.7385 0 0
10.836 0 0
10.9335 0 0
11.031 0 0
11.1285 0 0
11.2261 0 0
11.3236 0 0
11.4211 0 0
11.5186 0 0
11.6161 0 0
11.7137 0 0
11.8112 0 0
11.9087 0 0
12.0062 0 0
12.1037 0 0
12.2012 0 0
