-15.2012 5.58388
-15.1037 5.62091
-15.0062 5.62211
-14.9087 5.63661
-14.8112 5.66174
-14.7137 5.66192
-14.6161 5.69276
-14.5186 5.70188
-14.4211 5.71136
-14.3236 5.74211
-14.2261 5.74254
-14.1285 5.77182
-14.031 5.78314
-13.9335 5.7945
-13.836 5.82398
-13.7385 5.82566
-13.641 5.85837
-13.5434 5.866
-13.4459 5.8858
-13.3484 5.90774
-13.2509 5.91578
-13.1534 5.94809
-13.0559 5.95243
-12.9583 5.98395
-12.8608 5.99351
-12.7633 6.01771
-12.6658 6.03608
-12.5683 6.05277
-12.4707 6.07867
-12.3732 6.09057
-12.2757 6.1206
-12.1782 6.13105
-12.0807 6.16213
-11.9832 6.17351
-11.8856 6.20402
-11.7881 6.21736
-11.6906 6.24688
-11.5931 6.26226
-11.4956 6.29105
-11.398 6.30811
-11.3005 6.33665
-11.203 6.35499
-11.1055 6.38298
-11.008 6.39849
-10.9105 6.43985
-10.8129 6.44416
-10.7154 6.48999
-10.6179 6.49742
-10.5204 6.53804
-10.4229 6.55316
-10.3254 6.58618
-10.2278 6.61098
-10.1303 6.63503
-10.0328 6.6707
-9.93528 6.68761
-9.83777 6.72934
-9.74025 6.74817
-9.64273 6.78298
-9.54521 6.81337
-9.4477 6.83812
-9.35018 6.8775
-9.25266 6.9024
-9.15514 6.93668
-9.05762 6.97171
-8.96011 7
-8.86259 7.03758
-8.76507 7.07142
-8.66755 7.10395
-8.57004 7.1421
-8.47252 7.17768
-8.375 7.21324
-8.27748 7.25209
-8.17996 7.29029
-8.08245 7.32844
-7.98493 7.36855
-7.88741 7.40931
-7.78989 7.45027
-7.69238 7.4923
-7.59486 7.53542
-7.49734 7.57927
-7.39982 7.62395
-7.3023 7.66963
-7.20479 7.71633
-7.10727 7.76402
-7.00975 7.81275
-6.91223 7.86258
-6.81472 7.91354
-6.7172 7.9657
-6.61968 8.01907
-6.52216 8.07371
-6.42465 8.12967
-6.32713 8.18701
-6.22961 8.24579
-6.13209 8.30607
-6.03457 8.36792
-5.93706 8.43139
-5.83954 8.49657
-5.74202 8.56355
-5.6445 8.63238
-5.54699 8.7032
-5.44947 8.77604
-5.35195 8.85105
-5.25443 8.92833
-5.15691 9.008
-5.0594 9.09018
-4.96188 9.175
-4.86436 9.26261
-4.76684 9.35317
-4.66933 9.44687
-4.57181 9.54388
-4.47429 9.6444
-4.37677 9.74865
-4.27926 9.85685
-4.18174 9.96929
-4.08422 10.0862
-3.9867 10.208
-3.88918 10.335
-3.79167 10.4676
-3.69415 10.6061
-3.59663 10.7511
-3.49911 10.9031
-3.4016 11.0628
-3.30408 11.2307
-3.20656 11.4076
-3.10904 11.5945
-3.01152 11.7922
-2.91401 12.0019
-2.81649 12.2248
-2.71897 12.4627
-2.62145 12.7172
-2.52394 12.9904
-2.42642 13.2846
-2.3289 13.603
-2.23138 13.9495
-2.13387 14.3282
-2.03635 14.7451
-1.93883 15.2063
-1.84131 15.7208
-1.74379 16.2991
-1.64628 16.9559
-1.54876 17.7102
-1.45124 18.5907
-1.35372 19.6346
-1.25621 20.9026
-1.15869 22.4897
-1.06117 24.5478
-0.963652 27.2851
-0.866135 30.9223
-0.768617 35.5764
-0.671099 41.2016
-0.573582 47.5675
-0.476064 54.4473
-0.378546 61.9989
-0.281028 70.3184
-0.183511 80.939
-0.0859929 91.5228
0.0115248 100.447
0.109043 108.071
0.20656 115.62
0.304078 110.023
0.401596 113.905
0.499113 24.0245
0.596631 1.45282
0.694149 0
0.791667 0
0.889184 0
0.986702 0
1.08422 0.0535317
1.18174 0.0540275
1.27926 0.0547276
1.37677 0.0555441
1.47429 0.0563745
1.57181 0.0572608
1.66933 0.0581717
1.76684 0.0591934
1.86436 0.0602004
1.96188 0.0612919
2.0594 0.0624599
2.15691 0.0637539
2.25443 0.0651665
2.35195 0.0666069
2.44947 0.0680828
2.54699 0.0697488
2.6445 0.0716103
2.74202 0.0735462
2.83954 0.0756874
2.93706 0.0782933
3.03457 0.081141
3.13209 0.0841861
3.22961 0.0877461
3.32713 0.0915657
3.42465 0.0965071
3.52216 0.102133
3.61968 0.109387
3.7172 0.117855
3.81472 0.129328
3.91223 0.146951
4.00975 0.173642
4.10727 0.226779
4.20479 0.49265
4.3023 0
4.39982 0
4.49734 0
4.59486 0
4.69238 0
4.78989 0
4.88741 0
4.98493 0
5.08245 0
5.17996 0
5.27748 0
5.375 0
5.47252 0
5.57004 0
5.66755 0
5.76507 0
5.86259 0
5.96011 0
6.05762 0
6.15514 0
6.25266 0
6.35018 0
6.4477 0
6.54521 0
6.64273 0
6.74025 0
6.83777 0
6.93528 0
7.0328 0
7.13032 0
7.22784 0
7.32535 0
7.42287 0
7.52039 0
7.61791 0
7.71543 0
7.81294 0
7.91046 0
8.00798 0
8.1055 0
8.20301 0
8.30053 0
8.39805 0
8.49557 0
8.59309 0
8.6906 0
8.78812 0
8.88564 0
8.98316 0
9.08067 0
9.17819 0
9.27571 0
9.37323 0
9.47074 0
9.56826 0
9.66578 0
9.7633 0
9.86082 0
9.95833 0
10.0559 0
10.1534 0
10.2509 0
10.3484 0
10.4459 0
10.5434 0
10.641 0
10.7385 0
10.836 0
10.9335 0
11.031 0
11.1285 0
11.2261 0
11.3236 0
11.4211 0
11.5186 0
11.6161 0
11.7137 0
11.8112 0
11.9087 0
12.0062 0
12.1037 0
12.2012 0
