-15.2012 0.0124244 2.69251e-06
-15.1037 0.012432 2.69422e-06
-15.0062 0.012439 2.69423e-06
-14.9087 0.0124458 2.62718e-06
-14.8112 0.0124507 2.73599e-06
-14.7137 0.0124554 2.66758e-06
-14.6161 0.0124599 2.60023e-06
-14.5186 0.012462 2.53656e-06
-14.4211 0.012463 2.60595e-06
-14.3236 0.0124657 2.64462e-06
-14.2261 0.0124657 2.60202e-06
-14.1285 0.0124669 2.53127e-06
-14.031 0.0124663 2.53551e-06
-13.9335 0.0124649 2.60557e-06
-13.836 0.0124631 2.54448e-06
-13.7385 0.0124599 2.60439e-06
-13.641 0.0124574 2.67432e-06
-13.5434 0.0124549 2.71754e-06
-13.4459 0.0124519 2.69759e-06
-13.3484 0.0124471 2.67771e-06
-13.2509 0.0124424 2.60677e-06
-13.1534 0.0124359 2.5623e-06
-13.0559 0.0124304 2.62651e-06
-12.9583 0.0124264 2.62382e-06
-12.8608 0.012421 2.53054e-06
-12.7633 0.0124141 2.54846e-06
-12.6658 0.0124073 2.55062e-06
-12.5683 0.0124019 2.6551e-06
-12.4707 0.0123932 2.67108e-06
-12.3732 0.0123853 2.62172e-06
-12.2757 0.0123756 2.59135e-06
-12.1782 0.0123665 2.54803e-06
-12.0807 0.0123582 2.69666e-06
-11.9832 0.0123481 2.62725e-06
-11.8856 0.0123376 2.6073e-06
-11.7881 0.0123288 2.62167e-06
-11.6906 0.012318 2.6269e-06
-11.5931 0.0123075 2.56185e-06
-11.4956 0.0122971 2.56686e-06
-11.398 0.0122841 2.52527e-06
-11.3005 0.0122736 2.58979e-06
-11.203 0.0122606 2.51644e-06
-11.1055 0.0122493 2.55542e-06
-11.008 0.0122356 2.51547e-06
-10.9105 0.0122208 2.60216e-06
-10.8129 0.0122097 2.66025e-06
-10.7154 0.0121948 2.59098e-06
-10.6179 0.0121806 2.55859e-06
-10.5204 0.0121679 2.53463e-06
-10.4229 0.0121528 2.5164e-06
-10.3254 0.0121371 2.47498e-06
-10.2278 0.0121231 2.56736e-06
-10.1303 0.0121087 2.49437e-06
-10.0328 0.0120939 2.59147e-06
-9.93528 0.0120779 2.56756e-06
-9.83777 0.0120614 2.42949e-06
-9.74025 0.0120447 2.45286e-06
-9.64273 0.0120304 2.47503e-06
-9.54521 0.0120129 2.44636e-06
-9.4477 0.0119968 2.50786e-06
-9.35018 0.0119799 2.5217e-06
-9.25266 0.0119625 2.52286e-06
-9.15514 0.0119468 2.51207e-06
-9.05762 0.0119295 2.47649e-06
-8.96011 0.0119109 2.54251e-06
-8.86259 0.0118936 2.46011e-06
-8.76507 0.0118752 2.40567e-06
-8.66755 0.0118566 2.43318e-06
-8.57004 0.0118387 2.4761e-06
-8.47252 0.0118195 2.50614e-06
-8.375 0.0118004 2.45869e-06
-8.27748 0.0117811 2.48882e-06
-8.17996 0.0117618 2.47568e-06
-8.08245 0.0117428 2.48624e-06
-7.98493 0.0117235 2.39807e-06
-7.88741 0.0117046 2.44655e-06
-7.78989 0.0116847 2.42698e-06
-7.69238 0.0116641 2.42214e-06
-7.59486 0.0116432 2.43065e-06
-7.49734 0.0116234 2.48005e-06
-7.39982 0.0116031 2.5155e-06
-7.3023 0.0115826 2.56322e-06
-7.20479 0.0115616 2.55046e-06
-7.10727 0.0115403 2.45714e-06
-7.00975 0.0115183 2.40588e-06
-6.91223 0.0114976 2.43827e-06
-6.81472 0.0114781 2.35485e-06
-6.7172 0.0114583 2.35239e-06
-6.61968 0.0114362 2.3096e-06
-6.52216 0.0114142 2.40302e-06
-6.42465 0.011392 2.28504e-06
-6.32713 0.0113695 2.2503e-06
-6.22961 0.0113468 2.29842e-06
-6.13209 0.0113254 2.23755e-06
-6.03457 0.011304 2.35742e-06
-5.93706 0.0112806 2.26758e-06
-5.83954 0.0112582 2.19059e-06
-5.74202 0.0112345 2.22639e-06
-5.6445 0.0112112 2.24751e-06
-5.54699 0.0111865 2.25428e-06
-5.44947 0.0111631 2.25204e-06
-5.35195 0.0111399 2.2695e-06
-5.25443 0.0111146 2.31078e-06
-5.15691 0.0110905 2.33544e-06
-5.0594 0.0110661 2.29126e-06
-4.96188 0.0110421 2.23942e-06
-4.86436 0.0110177 2.18504e-06
-4.76684 0.0109921 2.15811e-06
-4.66933 0.0109646 2.18146e-06
-4.57181 0.0109392 2.25545e-06
-4.47429 0.0109136 2.27301e-06
-4.37677 0.0108872 2.35036e-06
-4.27926 0.0108619 2.31655e-06
-4.18174 0.0108361 2.29245e-06
-4.08422 0.0108087 2.28034e-06
-3.9867 0.0107818 2.22514e-06
-3.88918 0.0107556 2.26631e-06
-3.79167 0.0107278 2.21966e-06
-3.69415 0.0107005 2.27749e-06
-3.59663 0.010673 2.24336e-06
-3.49911 0.0106439 2.26655e-06
-3.4016 0.0106169 2.26648e-06
-3.30408 0.0105883 2.21883e-06
-3.20656 0.0105596 2.23479e-06
-3.10904 0.0105316 2.12985e-06
-3.01152 0.0105024 2.16913e-06
-2.91401 0.010472 2.17964e-06
-2.81649 0.0104411 2.14004e-06
-2.71897 0.0104105 2.103e-06
-2.62145 0.01038 2.11411e-06
-2.52394 0.0103479 2.14386e-06
-2.42642 0.0103162 2.21051e-06
-2.3289 0.0102828 2.21126e-06
-2.23138 0.0102508 2.29988e-06
-2.13387 0.0102162 2.28061e-06
-2.03635 0.010182 2.18726e-06
-1.93883 0.0101447 2.24677e-06
-1.84131 0.0101084 2.28737e-06
-1.74379 0.0100685 2.24239e-06
-1.64628 0.0100269 2.22282e-06
-1.54876 0.0099818 2.34716e-06
-1.45124 0.00993246 2.29173e-06
-1.35372 0.00987516 2.4052e-06
-1.25621 0.00980683 2.30283e-06
-1.15869 0.0097222 2.28616e-06
-1.06117 0.00960681 2.26696e-06
-0.963652 0.00942872 2.2603e-06
-0.866135 0.00912742 2.23679e-06
-0.768617 0.00860805 2.16171e-06
-0.671099 0.00777399 1.9869e-06
-0.573582 0.00659039 1.77175e-06
-0.476064 0.00516365 1.57495e-06
-0.378546 0.00375577 1.30488e-06
-0.281028 0.0025769 1.20191e-06
-0.183511 0.00151586 1.01161e-06
-0.0859929 0.00111797 9.03466e-07
0.0115248 0.000931754 8.76117e-07
0.109043 0.000865 8.44596e-07
0.20656 0.000842043 9.1239e-07
0.304078 0.0008294 8.8312e-07
0.401596 0.000819461 8.62045e-07
0.499113 0.000809806 9.02961e-07
0.596631 0.0008002 9.06314e-07
0.694149 0.000791565 8.79776e-07
0.791667 0.00078314 9.1224e-07
0.889184 0.000773742 8.76733e-07
0.986702 0.000764443 8.4713e-07
1.08422 0.000754706 8.828e-07
1.18174 0.000746528 8.00233e-07
1.27926 0.00073871 7.87816e-07
1.37677 0.000730247 8.01858e-07
1.47429 0.000722496 8.30762e-07
1.57181 0.000714906 8.60297e-07
1.66933 0.000706828 8.27399e-07
1.76684 0.00069943 8.23824e-07
1.86436 0.000692098 8.30299e-07
1.96188 0.000684 8.6309e-07
2.0594 0.00067684 7.67097e-07
2.15691 0.000669046 7.45322e-07
2.25443 0.000661798 7.92238e-07
2.35195 0.000654986 7.71064e-07
2.44947 0.000647646 7.82546e-07
2.54699 0.000639096 7.52687e-07
2.6445 0.000632492 7.86499e-07
2.74202 0.000625042 7.83939e-07
2.83954 0.000619 8.21085e-07
2.93706 0.000612581 8.17729e-07
3.03457 0.000605818 7.92357e-07
3.13209 0.000599544 7.61205e-07
3.22961 0.000593017 7.30397e-07
3.32713 0.000585688 7.58268e-07
3.42465 0.000580125 7.41849e-07
3.52216 0.000574587 7.74786e-07
3.61968 0.000568163 7.18785e-07
3.7172 0.000562256 7.23047e-07
3.81472 0.000555328 7.06585e-07
3.91223 0.000549781 7.83919e-07
4.00975 0.000544325 7.73375e-07
4.10727 0.000539104 7.63878e-07
4.20479 0.00053358 7.36611e-07
4.3023 0.000526729 7.02231e-07
4.39982 0.000522147 7.29269e-07
4.49734 0.000515332 7.52328e-07
4.59486 0.000509256 7.12309e-07
4.69238 0.000504031 7.05992e-07
4.78989 0.000499531 7.33308e-07
4.88741 0.000494912 7.04802e-07
4.98493 0.000489028 6.96127e-07
5.08245 0.000484431 7.2314e-07
5.17996 0.000478198 6.56898e-07
5.27748 0.000473037 6.55453e-07
5.375 0.000468981 6.15509e-07
5.47252 0.00046335 6.16714e-07
5.57004 0.000458311 5.89404e-07
5.66755 0.000453786 6.01857e-07
5.76507 0.000448778 6.1399e-07
5.86259 0.000444357 5.76929e-07
5.96011 0.000439205 6.26481e-07
6.05762 0.000434483 5.94787e-07
6.15514 0.000430019 6.28447e-07
6.25266 0.00042517 6.30743e-07
6.35018 0.000421139 6.21917e-07
6.4477 0.000416572 5.75555e-07
6.54521 0.000412244 6.01529e-07
6.64273 0.000407531 6.04958e-07
6.74025 0.000403496 5.91536e-07
6.83777 0.000399092 6.19198e-07
6.93528 0.00039444 6.05604e-07
7.0328 0.000389886 5.80907e-07
7.13032 0.000386407 5.92863e-07
7.22784 0.000382106 5.61302e-07
7.32535 0.000377671 5.50418e-07
7.42287 0.000373764 6.16591e-07
7.52039 0.000369472 6.25632e-07
7.61791 0.000365233 6.07451e-07
7.71543 0.000361739 5.73533e-07
7.81294 0.000357697 5.93618e-07
7.91046 0.000353626 5.78436e-07
8.00798 0.000349784 5.52462e-07
8.1055 0.000345716 5.42692e-07
8.20301 0.000341816 5.77206e-07
8.30053 0.000337327 5.82338e-07
8.39805 0.000333596 5.75038e-07
8.49557 0.000329999 5.60076e-07
8.59309 0.000326046 5.86249e-07
8.6906 0.000321368 5.61725e-07
8.78812 0.00031757 5.48666e-07
8.88564 0.00031351 5.527e-07
8.98316 0.000309564 5.4198e-07
9.08067 0.000305758 5.22017e-07
9.17819 0.000301497 5.34928e-07
9.27571 0.000297317 4.99623e-07
9.37323 0.000293823 5.4545e-07
9.47074 0.00029042 5.2065e-07
9.56826 0.000286715 5.08578e-07
9.66578 0.000282869 4.95981e-07
9.7633 0.000278759 5.28063e-07
9.86082 0.00027566 5.09605e-07
9.95833 0.000271863 5.05615e-07
10.0559 0.000268078 4.89337e-07
10.1534 0.000263851 4.79325e-07
10.2509 0.000259706 4.77983e-07
10.3484 0.000255447 4.79187e-07
10.4459 0.000251666 4.71357e-07
10.5434 0.000248268 4.86862e-07
10.641 0.000244875 4.50005e-07
10.7385 0.000240974 4.45099e-07
10.836 0.000237387 4.42081e-07
10.9335 0.000233476 4.37728e-07
11.031 0.000229847 3.97968e-07
11.1285 0.000225894 4.06675e-07
11.2261 0.000222812 4.05255e-07
11.3236 0.000218623 3.97045e-07
11.4211 0.000215278 3.88902e-07
11.5186 0.000211503 4.02539e-07
11.6161 0.000207576 4.04111e-07
11.7137 0.00020382 3.89056e-07
11.8112 0.000199321 3.8405e-07
11.9087 0.000195409 3.7065e-07
12.0062 0.000191084 3.69636e-07
12.1037 0.000186591 3.50606e-07
12.2012 0.000181546 3.38514e-07
