-15.2012 0.0681674 1.88272e-05
-15.1037 0.0686496 1.90238e-05
-15.0062 0.0687369 1.70525e-05
-14.9087 0.0689433 1.77553e-05
-14.8112 0.0692801 1.94863e-05
-14.7137 0.0692986 1.75459e-05
-14.6161 0.0696755 1.69242e-05
-14.5186 0.0697924 1.68706e-05
-14.4211 0.0699214 1.68159e-05
-14.3236 0.0703036 1.77219e-05
-14.2261 0.0702915 1.74568e-05
-14.1285 0.0706387 1.82214e-05
-14.031 0.0707674 1.84708e-05
-13.9335 0.0708702 1.8633e-05
-13.836 0.0711748 1.79298e-05
-13.7385 0.0711856 1.81469e-05
-13.641 0.071527 1.81308e-05
-13.5434 0.0715826 1.95919e-05
-13.4459 0.0717601 1.97782e-05
-13.3484 0.0719827 1.96163e-05
-13.2509 0.0720369 1.90023e-05
-13.1534 0.0723479 1.85627e-05
-13.0559 0.0723288 1.96995e-05
-12.9583 0.072665 1.91834e-05
-12.8608 0.0727179 1.80877e-05
-12.7633 0.0729341 1.83224e-05
-12.6658 0.0730921 1.80896e-05
-12.5683 0.0732241 1.94611e-05
-12.4707 0.0734445 2.04534e-05
-12.3732 0.0735206 1.98684e-05
-12.2757 0.0737833 1.86359e-05
-12.1782 0.0738379 1.67912e-05
-12.0807 0.0741339 1.97112e-05
-11.9832 0.0741654 1.91594e-05
-11.8856 0.0744178 1.8811e-05
-11.7881 0.0745059 1.92442e-05
-11.6906 0.0747602 1.89525e-05
-11.5931 0.0748464 1.95884e-05
-11.4956 0.0750687 1.93687e-05
-11.398 0.0751586 1.91916e-05
-11.3005 0.075386 1.94431e-05
-11.203 0.0754867 1.91556e-05
-11.1055 0.075699 1.83437e-05
-11.008 0.0757895 1.78997e-05
-10.9105 0.0761244 1.92424e-05
-10.8129 0.0760537 1.98889e-05
-10.7154 0.0764399 1.98853e-05
-10.6179 0.0764235 2.07298e-05
-10.5204 0.0767586 2.02824e-05
-10.4229 0.0768234 1.96322e-05
-10.3254 0.077078 2.00896e-05
-10.2278 0.077231 2.04357e-05
-10.1303 0.0773784 1.94122e-05
-10.0328 0.0776176 1.98578e-05
-9.93528 0.0776773 2.05279e-05
-9.83777 0.077998 1.90857e-05
-9.74025 0.078081 1.95675e-05
-9.64273 0.0783312 1.88343e-05
-9.54521 0.0785312 1.82769e-05
-9.4477 0.078677 1.97964e-05
-9.35018 0.0789599 2.12258e-05
-9.25266 0.0790833 2.00508e-05
-9.15514 0.0793187 1.96942e-05
-9.05762 0.0795625 2.00303e-05
-8.96011 0.0797064 1.84401e-05
-8.86259 0.0799798 1.90088e-05
-8.76507 0.0802155 2.13089e-05
-8.66755 0.0804039 2.04029e-05
-8.57004 0.0806389 2.04249e-05
-8.47252 0.0808667 2.11968e-05
-8.375 0.0810699 2.00169e-05
-8.27748 0.0813231 2.08165e-05
-8.17996 0.0815694 2.14573e-05
-8.08245 0.0818056 2.26901e-05
-7.98493 0.0820759 2.13126e-05
-7.88741 0.0823275 2.08381e-05
-7.78989 0.0826103 2.0653e-05
-7.69238 0.0828735 2.04996e-05
-7.59486 0.0831332 1.87524e-05
-7.49734 0.0834218 2.05072e-05
-7.39982 0.0837071 2.13025e-05
-7.3023 0.0840242 2.19864e-05
-7.20479 0.0843394 2.07031e-05
-7.10727 0.0846473 2.1431e-05
-7.00975 0.0849723 2.10387e-05
-6.91223 0.085296 2.1151e-05
-6.81472 0.0856512 2.0764e-05
-6.7172 0.0859965 1.99879e-05
-6.61968 0.0863479 1.95831e-05
-6.52216 0.0867194 2.07192e-05
-6.42465 0.0870816 2.06888e-05
-6.32713 0.0874698 2.12495e-05
-6.22961 0.0878551 2.22009e-05
-6.13209 0.0882588 2.04604e-05
-6.03457 0.0886862 2.25338e-05
-5.93706 0.0891145 2.01073e-05
-5.83954 0.0895537 2.03407e-05
-5.74202 0.0900024 2.09642e-05
-5.6445 0.0904774 2.13186e-05
-5.54699 0.090967 2.28008e-05
-5.44947 0.0914647 2.20877e-05
-5.35195 0.0919781 2.20776e-05
-5.25443 0.0925124 2.11726e-05
-5.15691 0.0930561 2.25263e-05
-5.0594 0.0936013 2.3601e-05
-4.96188 0.0941851 2.25644e-05
-4.86436 0.0948084 2.11552e-05
-4.76684 0.0954405 2.1348e-05
-4.66933 0.0960753 2.29455e-05
-4.57181 0.0967606 2.29071e-05
-4.47429 0.0974549 2.30094e-05
-4.37677 0.0981959 2.39055e-05
-4.27926 0.0989698 2.43925e-05
-4.18174 0.0997678 2.33453e-05
-4.08422 0.100595 2.40596e-05
-3.9867 0.101464 2.33168e-05
-3.88918 0.102359 2.3891e-05
-3.79167 0.103316 2.3272e-05
-3.69415 0.104313 2.43094e-05
-3.59663 0.105354 2.55692e-05
-3.49911 0.106468 2.51596e-05
-3.4016 0.107631 2.47718e-05
-3.30408 0.108874 2.49268e-05
-3.20656 0.110182 2.52231e-05
-3.10904 0.111549 2.40517e-05
-3.01152 0.11302 2.64845e-05
-2.91401 0.114572 2.69568e-05
-2.81649 0.116221 2.68953e-05
-2.71897 0.118021 2.72719e-05
-2.62145 0.119926 2.86835e-05
-2.52394 0.121961 2.80264e-05
-2.42642 0.124208 2.98563e-05
-2.3289 0.126626 3.01455e-05
-2.23138 0.129247 2.90626e-05
-2.13387 0.132155 3.02076e-05
-2.03635 0.135382 3.07734e-05
-1.93883 0.138931 3.16964e-05
-1.84131 0.142898 3.35677e-05
-1.74379 0.147357 3.31257e-05
-1.64628 0.152453 3.29442e-05
-1.54876 0.158284 3.67899e-05
-1.45124 0.165054 3.93005e-05
-1.35372 0.173019 4.24245e-05
-1.25621 0.182585 4.75628e-05
-1.15869 0.194357 4.75552e-05
-1.06117 0.209097 5.23595e-05
-0.963652 0.227421 5.68235e-05
-0.866135 0.248371 6.39542e-05
-0.768617 0.267555 7.53659e-05
-0.671099 0.276265 7.60178e-05
-0.573582 0.264093 8.05519e-05
-0.476064 0.2267 7.15432e-05
-0.378546 0.173236 6.37928e-05
-0.281028 0.114265 5.64983e-05
-0.183511 0.043665 3.2047e-05
-0.0859929 0.0192981 2.21289e-05
0.0115248 0.00621362 1.2591e-05
0.109043 0.00158066 6.03508e-06
0.20656 0.000413257 2.91178e-06
0.304078 0.00019661 2.17822e-06
0.401596 0.000165581 2.14235e-06
0.499113 0.000158769 1.94126e-06
0.596631 0.000157345 1.97475e-06
0.694149 0.00015425 1.80234e-06
0.791667 0.000152381 1.67817e-06
0.889184 0.000149919 1.78534e-06
0.986702 0.0001494 1.74719e-06
1.08422 0.000146473 1.74621e-06
1.18174 0.000145477 1.7025e-06
1.27926 0.000145739 1.68087e-06
1.37677 0.000140973 1.65248e-06
1.47429 0.000144097 1.87338e-06
1.57181 0.000143073 1.92034e-06
1.66933 0.000137183 1.87743e-06
1.76684 0.000135528 1.79481e-06
1.86436 0.000136374 1.78277e-06
1.96188 0.000135835 1.73221e-06
2.0594 0.000132365 1.63544e-06
2.15691 0.000132841 1.70067e-06
2.25443 0.000134239 1.74858e-06
2.35195 0.000130308 1.65082e-06
2.44947 0.00012785 1.63601e-06
2.54699 0.000128251 1.69239e-06
2.6445 0.000126867 1.77947e-06
2.74202 0.000124367 1.74025e-06
2.83954 0.000123163 1.70772e-06
2.93706 0.000120948 1.60949e-06
3.03457 0.000119958 1.64526e-06
3.13209 0.000117031 1.67889e-06
3.22961 0.000116293 1.74827e-06
3.32713 0.00011484 1.72272e-06
3.42465 0.000115003 1.56819e-06
3.52216 0.000113982 1.7056e-06
3.61968 0.000112426 1.62229e-06
3.7172 0.000111863 1.5906e-06
3.81472 0.00011042 1.48745e-06
3.91223 0.000109472 1.43616e-06
4.00975 0.00010897 1.51973e-06
4.10727 0.000105522 1.57906e-06
4.20479 0.000106604 1.55515e-06
4.3023 0.000103269 1.60436e-06
4.39982 0.000102102 1.57253e-06
4.49734 0.000101284 1.46101e-06
4.59486 0.00010432 1.43051e-06
4.69238 0.000102649 1.46212e-06
4.78989 0.000100628 1.47468e-06
4.88741 9.89065e-05 1.53568e-06
4.98493 9.94583e-05 1.4599e-06
5.08245 9.74151e-05 1.43737e-06
5.17996 9.64853e-05 1.52198e-06
5.27748 9.59235e-05 1.48337e-06
5.375 9.59453e-05 1.51854e-06
5.47252 9.57134e-05 1.37825e-06
5.57004 9.36784e-05 1.43414e-06
5.66755 9.1588e-05 1.46063e-06
5.76507 9.06233e-05 1.49508e-06
5.86259 9.11143e-05 1.38453e-06
5.96011 9.15482e-05 1.36187e-06
6.05762 8.96023e-05 1.29126e-06
6.15514 8.69024e-05 1.34457e-06
6.25266 8.93945e-05 1.48663e-06
6.35018 8.76257e-05 1.53594e-06
6.4477 8.53494e-05 1.49129e-06
6.54521 8.38919e-05 1.34825e-06
6.64273 8.253e-05 1.3357e-06
6.74025 8.28019e-05 1.36195e-06
6.83777 8.23824e-05 1.38429e-06
6.93528 7.99888e-05 1.38225e-06
7.0328 8.03182e-05 1.42424e-06
7.13032 7.86175e-05 1.42489e-06
7.22784 7.78181e-05 1.33502e-06
7.32535 7.75024e-05 1.32656e-06
7.42287 7.73382e-05 1.24716e-06
7.52039 7.56237e-05 1.32501e-06
7.61791 7.45118e-05 1.25369e-06
7.71543 7.4895e-05 1.14383e-06
7.81294 7.36911e-05 1.17702e-06
7.91046 7.46068e-05 1.29103e-06
8.00798 7.27421e-05 1.15379e-06
8.1055 7.16263e-05 1.17199e-06
8.20301 7.09658e-05 1.19244e-06
8.30053 6.93913e-05 1.29357e-06
8.39805 6.99702e-05 1.21936e-06
8.49557 6.92294e-05 1.27025e-06
8.59309 6.7799e-05 1.07934e-06
8.6906 6.7456e-05 1.11457e-06
8.78812 6.70214e-05 1.17642e-06
8.88564 6.66512e-05 9.88553e-07
8.98316 6.67038e-05 1.04146e-06
9.08067 6.56407e-05 1.17365e-06
9.17819 6.491e-05 1.05983e-06
9.27571 6.45788e-05 1.18043e-06
9.37323 6.31164e-05 1.1279e-06
9.47074 6.24122e-05 1.13563e-06
9.56826 6.34291e-05 1.13625e-06
9.66578 6.13307e-05 1.07097e-06
9.7633 6.19932e-05 1.09501e-06
9.86082 6.14465e-05 1.03824e-06
9.95833 5.97053e-05 1.05698e-06
10.0559 6.00237e-05 9.8157e-07
10.1534 6.03273e-05 1.13747e-06
10.2509 5.8927e-05 1.07797e-06
10.3484 5.7906e-05 1.03425e-06
10.4459 5.7173e-05 1.05659e-06
10.5434 5.6004e-05 9.94175e-07
10.641 5.58598e-05 9.46417e-07
10.7385 5.56538e-05 9.70942e-07
10.836 5.64118e-05 1.04194e-06
10.9335 5.66538e-05 1.02901e-06
11.031 5.34055e-05 1.00042e-06
11.1285 5.24835e-05 1.09623e-06
11.2261 5.22485e-05 9.87867e-07
11.3236 5.35878e-05 1.10056e-06
11.4211 5.19417e-05 1.03472e-06
11.5186 5.10502e-05 9.94738e-07
11.6161 5.15432e-05 9.93634e-07
11.7137 5.11293e-05 1.00355e-06
11.8112 4.8647e-05 1.03294e-06
11.9087 4.97569e-05 1.05824e-06
12.0062 4.90939e-05 9.75683e-07
12.1037 4.91764e-05 1.01526e-06
12.2012 4.76601e-05 8.84947e-07
