-15.2012 37.1534 0.253077
-15.1037 36.7828 0.261471
-15.0062 37.193 0.249479
-14.9087 37.033 0.265312
-14.8112 37.314 0.244117
-14.7137 38.054 0.276355
-14.6161 37.4014 0.234543
-14.5186 37.1249 0.24084
-14.4211 37.4427 0.272015
-14.3236 37.7851 0.239681
-14.2261 37.6659 0.243317
-14.1285 37.4382 0.241109
-14.031 37.8086 0.247743
-13.9335 37.4649 0.253325
-13.836 37.6359 0.238896
-13.7385 37.862 0.254846
-13.641 37.7929 0.258208
-13.5434 37.556 0.238074
-13.4459 37.6803 0.264921
-13.3484 37.9473 0.247089
-13.2509 37.8594 0.253582
-13.1534 37.5739 0.217533
-13.0559 37.8549 0.24866
-12.9583 38.0649 0.231576
-12.8608 37.9178 0.263275
-12.7633 37.8271 0.254043
-12.6658 38.2074 0.253216
-12.5683 38.1611 0.254778
-12.4707 37.8933 0.262348
-12.3732 37.9617 0.249775
-12.2757 37.7352 0.252877
-12.1782 37.8511 0.257764
-12.0807 38.3443 0.246758
-11.9832 37.8609 0.263339
-11.8856 38.3913 0.230905
-11.7881 38.1153 0.245216
-11.6906 37.8475 0.244167
-11.5931 37.9377 0.241053
-11.4956 37.6966 0.233518
-11.398 38.2016 0.23025
-11.3005 38.134 0.244423
-11.203 37.9655 0.227555
-11.1055 38.1435 0.237844
-11.008 37.8192 0.223421
-10.9105 37.8768 0.228587
-10.8129 37.849 0.2134
-10.7154 38.1482 0.244569
-10.6179 37.9621 0.271461
-10.5204 38.1535 0.2524
-10.4229 37.9118 0.225769
-10.3254 37.9986 0.243252
-10.2278 38.0811 0.229903
-10.1303 38.3214 0.240868
-10.0328 37.8667 0.232458
-9.93528 37.9432 0.213393
-9.83777 37.9188 0.241226
-9.74025 37.8651 0.230927
-9.64273 37.8161 0.232709
-9.54521 37.6517 0.237584
-9.4477 37.8448 0.234227
-9.35018 37.8655 0.233598
-9.25266 38.0432 0.230931
-9.15514 37.329 0.230701
-9.05762 37.4816 0.21945
-8.96011 37.9773 0.246563
-8.86259 38.1062 0.211392
-8.76507 38.0212 0.244034
-8.66755 38.301 0.220263
-8.57004 37.521 0.227708
-8.47252 37.6093 0.213578
-8.375 37.7786 0.222463
-8.27748 37.8067 0.244536
-8.17996 37.7231 0.23824
-8.08245 37.7783 0.202467
-7.98493 37.474 0.234011
-7.88741 37.7372 0.217404
-7.78989 38.0957 0.213364
-7.69238 37.5866 0.232783
-7.59486 37.5556 0.209345
-7.49734 38.0724 0.218134
-7.39982 37.6542 0.205039
-7.3023 37.7295 0.221639
-7.20479 37.6529 0.210885
-7.10727 37.5871 0.215716
-7.00975 37.7844 0.221478
-6.91223 38.0628 0.201644
-6.81472 37.9913 0.229878
-6.7172 38.1485 0.249025
-6.61968 38.6163 0.237679
-6.52216 38.2245 0.215935
-6.42465 38.3709 0.211861
-6.32713 38.1845 0.215883
-6.22961 38.4249 0.21516
-6.13209 38.0291 0.208831
-6.03457 37.9714 0.210039
-5.93706 38.348 0.220687
-5.83954 38.4316 0.212649
-5.74202 37.9973 0.222056
-5.6445 38.4072 0.211348
-5.54699 38.5459 0.198379
-5.44947 38.4315 0.191167
-5.35195 38.0958 0.216159
-5.25443 38.6013 0.202436
-5.15691 38.1553 0.20232
-5.0594 38.5703 0.226223
-4.96188 38.2786 0.196538
-4.86436 38.7689 0.208141
-4.76684 38.7232 0.207427
-4.66933 38.4142 0.188655
-4.57181 38.6317 0.191327
-4.47429 38.3183 0.197857
-4.37677 38.9786 0.209239
-4.27926 38.9962 0.198583
-4.18174 38.8179 0.21068
-4.08422 38.6035 0.201086
-3.9867 39.3493 0.206725
-3.88918 39.2595 0.192626
-3.79167 39.1158 0.207643
-3.69415 38.9229 0.187698
-3.59663 39.0182 0.177523
-3.49911 39.358 0.205008
-3.4016 39.5871 0.181535
-3.30408 39.9238 0.203003
-3.20656 39.7565 0.192755
-3.10904 39.9549 0.195742
-3.01152 39.9523 0.170701
-2.91401 39.936 0.187759
-2.81649 40.0278 0.193445
-2.71897 40.5545 0.188413
-2.62145 40.5611 0.182131
-2.52394 40.483 0.168136
-2.42642 40.947 0.173434
-2.3289 40.98 0.179848
-2.23138 40.9734 0.182101
-2.13387 41.4991 0.154146
-2.03635 41.8941 0.172654
-1.93883 41.9484 0.173244
-1.84131 42.0746 0.156348
-1.74379 42.3452 0.140782
-1.64628 42.7487 0.169614
-1.54876 43.1145 0.148813
-1.45124 43.692 0.126282
-1.35372 44.424 0.134202
-1.25621 45.1843 0.125299
-1.15869 46.3096 0.122605
-1.06117 48.0713 0.109435
-0.963652 51.4903 0.102459
-0.866135 57.0443 0.0842858
-0.768617 65.4491 0.0670906
-0.671099 75.9554 0.0637116
-0.573582 87.688 0.0639139
-0.476064 100.146 0.0553304
-0.378546 113.106 0.0633302
-0.281028 124.334 0.0696946
-0.183511 127.316 0.130104
-0.0859929 146.38 0.265727
0.0115248 173.413 0.786824
0.109043 243.99 2.71663
0.20656 458.663 9.18185
0.304078 677.15 16.5569
0.401596 729.345 19.0491
0.499113 737.716 18.0627
0.596631 721.889 19.3854
0.694149 714.284 16.4732
0.791667 746.045 19.1548
0.889184 748.173 19.9818
0.986702 720.62 18.9388
1.08422 743.456 19.5157
1.18174 692.119 19.4835
1.27926 734.583 20.6492
1.37677 677.029 17.2911
1.47429 712.366 20.7135
1.57181 720.341 19.6825
1.66933 723.328 18.7003
1.76684 720.398 20.3942
1.86436 720.745 17.3712
1.96188 710.193 19.0922
2.0594 698.199 19.3924
2.15691 714.293 20.592
2.25443 706.443 18.7499
2.35195 717.142 19.6042
2.44947 740.193 21.3763
2.54699 688.023 20.1529
2.6445 721.389 18.7122
2.74202 703.676 20.0738
2.83954 716.225 23.0578
2.93706 718.681 22.2359
3.03457 686.569 20.5868
3.13209 722.984 22.4232
3.22961 741.07 22.1235
3.32713 716.838 20.8566
3.42465 689.391 21.4301
3.52216 686.191 20.8038
3.61968 723.093 23.1428
3.7172 728.031 21.7953
3.81472 703.713 22.339
3.91223 746.113 24.4529
4.00975 692.944 21.184
4.10727 672.513 21.521
4.20479 701.561 22.8373
4.3023 699.258 23.0527
4.39982 685.069 22.5086
4.49734 701.91 22.5338
4.59486 675.605 22.7647
4.69238 658.309 22.2897
4.78989 728.413 20.9165
4.88741 731.335 27.3749
4.98493 652.776 22.7105
5.08245 693.712 23.2373
5.17996 639.065 20.8019
5.27748 670.017 22.1845
5.375 661.276 23.4635
5.47252 671.943 24.3361
5.57004 711.003 26.5399
5.66755 690.275 24.8084
5.76507 676.159 25.1875
5.86259 666.088 24.3963
5.96011 706.143 21.8965
6.05762 665.669 22.1467
6.15514 653.47 20.7165
6.25266 667.809 22.4823
6.35018 662.004 25.0455
6.4477 651.641 23.9615
6.54521 693.306 24.4071
6.64273 663.455 26.1074
6.74025 659.132 24.7613
6.83777 690.606 28.2228
6.93528 677.251 25.4892
7.0328 684.431 26.4717
7.13032 644.066 25.1505
7.22784 720.944 26.493
7.32535 674.832 23.845
7.42287 673.267 24.7817
7.52039 685.651 25.2373
7.61791 719.768 25.9135
7.71543 665.309 22.2308
7.81294 669.664 26.8404
7.91046 669.651 28.3331
8.00798 631.185 21.3041
8.1055 682.204 24.851
8.20301 671.286 25.8782
8.30053 718.974 26.0891
8.39805 621.342 23.0133
8.49557 704.31 25.8528
8.59309 687.328 26.4441
8.6906 674.278 24.2603
8.78812 656.117 24.0083
8.88564 665.57 28.5872
8.98316 668.75 27.9579
9.08067 700.262 26.7979
9.17819 677.057 28.2489
9.27571 655.265 26.3667
9.37323 688.206 28.3284
9.47074 665.126 25.8414
9.56826 691.164 28.9842
9.66578 675.731 26.7643
9.7633 677.993 28.6799
9.86082 681.256 28.2933
9.95833 727.673 31.5511
10.0559 656.195 30.5257
10.1534 630.465 24.5329
10.2509 658.215 27.2767
10.3484 651.385 28.2329
10.4459 673.705 32.7265
10.5434 638.217 24.3229
10.641 705.5 27.5875
10.7385 675.075 32.0927
10.836 665.149 29.4908
10.9335 625.999 25.5719
11.031 642.462 29.818
11.1285 674.64 32.4773
11.2261 598.829 27.912
11.3236 670.798 35.2026
11.4211 679.107 31.779
11.5186 634.868 30.9017
11.6161 642.185 29.311
11.7137 669.961 29.3572
11.8112 684.209 32.324
11.9087 642.961 32.583
12.0062 631.994 31.0336
12.1037 609.125 29.7359
12.2012 618.766 30.7514
