-15.2012 5.61294 4.35139e-06
-15.1037 5.65016 4.40897e-06
-15.0062 5.65135 4.19526e-06
-14.9087 5.66602 5.97846e-06
-14.8112 5.6912 6.58359e-06
-14.7137 5.69138 4.24888e-06
-14.6161 5.72246 5.18324e-06
-14.5186 5.73154 4.37967e-06
-14.4211 5.74117 5.41516e-06
-14.3236 5.77199 4.49766e-06
-14.2261 5.77243 4.50914e-06
-14.1285 5.80197 5.61527e-06
-14.031 5.81325 4.53225e-06
-13.9335 5.82477 5.71851e-06
-13.836 5.8543 4.52286e-06
-13.7385 5.85601 4.86435e-06
-13.641 5.88896 5.75875e-06
-13.5434 5.89655 4.66858e-06
-13.4459 5.9166 6.4337e-06
-13.3484 5.93851 4.78275e-06
-13.2509 5.9467 6.10241e-06
-13.1534 5.97911 5.40187e-06
-13.0559 5.98348 5.50817e-06
-12.9583 6.01524 6.55042e-06
-12.8608 6.02475 5.33884e-06
-12.7633 6.04923 7.23897e-06
-12.6658 6.06754 5.49306e-06
-12.5683 6.08448 7.44737e-06
-12.4707 6.11038 5.954e-06
-12.3732 6.12247 7.52893e-06
-12.2757 6.15257 6.62379e-06
-12.1782 6.16313 7.38477e-06
-12.0807 6.19436 7.19387e-06
-11.9832 6.2058 7.39104e-06
-11.8856 6.2365 7.82897e-06
-11.7881 6.24987 7.33825e-06
-11.6906 6.27962 8.21312e-06
-11.5931 6.29502 7.42394e-06
-11.4956 6.32405 8.33725e-06
-11.398 6.34113 7.82828e-06
-11.3005 6.3699 8.788e-06
-11.203 6.38828 8.21958e-06
-11.1055 6.41649 9.79293e-06
-11.008 6.43212 4.41945e-05
-10.9105 6.47376 9.31636e-05
-10.8129 6.47796 1.23407e-05
-10.7154 6.52405 2.14931e-05
-10.6179 6.53164 6.43701e-05
-10.5204 6.57233 9.66145e-06
-10.4229 6.58768 1.06843e-05
-10.3254 6.62074 1.00418e-05
-10.2278 6.64585 1.14402e-05
-10.1303 6.66986 1.11847e-05
-10.0328 6.70588 1.37373e-05
-9.93528 6.72282 1.98312e-05
-9.83777 6.76483 7.34663e-05
-9.74025 6.78382 1.22846e-05
-9.64273 6.81863 1.10839e-05
-9.54521 6.84941 1.2907e-05
-9.4477 6.87416 1.23235e-05
-9.35018 6.91379 1.27726e-05
-9.25266 6.93903 8.15909e-05
-9.15514 6.97326 1.283e-05
-9.05762 7.00864 1.43787e-05
-8.96011 7.03708 1.53379e-05
-8.86259 7.07479 2.31545e-05
-8.76507 7.10904 7.86336e-05
-8.66755 7.14169 7.48533e-05
-8.57004 7.17995 1.54767e-05
-8.47252 7.21585 1.82968e-05
-8.375 7.25159 2.89626e-05
-8.27748 7.29068 6.03005e-05
-8.17996 7.32911 1.71308e-05
-8.08245 7.36749 1.79415e-05
-7.98493 7.40782 1.86296e-05
-7.88741 7.44886 2.44524e-05
-7.78989 7.49013 6.18368e-05
-7.69238 7.53235 1.9737e-05
-7.59486 7.57574 2.01135e-05
-7.49734 7.61988 2.22855e-05
-7.39982 7.66488 5.27308e-05
-7.3023 7.71083 3.63512e-05
-7.20479 7.75781 2.20056e-05
-7.10727 7.80582 2.20355e-05
-7.00975 7.85486 2.28802e-05
-6.91223 7.90501 2.36439e-05
-6.81472 7.95632 2.46711e-05
-6.7172 8.00882 2.50293e-05
-6.61968 8.06255 2.58763e-05
-6.52216 8.11757 2.6644e-05
-6.42465 8.17392 2.82465e-05
-6.32713 8.23166 3.40856e-05
-6.22961 8.29089 6.02003e-05
-6.13209 8.35155 2.90328e-05
-6.03457 8.41384 3.04933e-05
-5.93706 8.47784 7.85672e-05
-5.83954 8.54343 3.28387e-05
-5.74202 8.6109 3.4409e-05
-5.6445 8.68026 3.57607e-05
-5.54699 8.7517 0.000105158
-5.44947 8.82502 3.80883e-05
-5.35195 8.90062 4.01962e-05
-5.25443 8.97852 4.22309e-05
-5.15691 9.05884 4.49638e-05
-5.0594 9.14175 7.7237e-05
-4.96188 9.22724 4.97222e-05
-4.86436 9.31565 7.84256e-05
-4.76684 9.40695 5.12934e-05
-4.66933 9.50151 5.4497e-05
-4.57181 9.59945 6.33441e-05
-4.47429 9.70102 0.000105205
-4.37677 9.80636 0.000132209
-4.27926 9.91546 6.7811e-05
-4.18174 10.0291 0.000103277
-4.08422 10.1473 7.22981e-05
-3.9867 10.2705 9.885e-05
-3.88918 10.3989 7.98972e-05
-3.79167 10.5331 9.48208e-05
-3.69415 10.6735 0.000136444
-3.59663 10.8206 0.000165362
-3.49911 10.9749 0.000205014
-3.4016 11.137 0.000204378
-3.30408 11.3078 0.000219772
-3.20656 11.488 0.000261732
-3.10904 11.679 0.000340228
-3.01152 11.8822 0.000463665
-2.91401 12.0974 0.000481779
-2.81649 12.3274 0.000515141
-2.71897 12.5737 0.000635772
-2.62145 12.8401 0.00079427
-2.52394 13.1283 0.000924468
-2.42642 13.4399 0.00104025
-2.3289 13.7809 0.00122004
-2.23138 14.1595 0.00154291
-2.13387 14.5778 0.00169552
-2.03635 15.0557 0.00211128
-1.93883 15.595 0.00227102
-1.84131 16.214 0.00280754
-1.74379 16.9326 0.00300304
-1.64628 17.7722 0.00392772
-1.54876 18.7704 0.0049068
-1.45124 19.991 0.00488648
-1.35372 21.507 0.00586481
-1.25621 23.4693 0.00711474
-1.15869 26.1424 0.007761
-1.06117 30.0501 0.0089327
-0.963652 35.9562 0.0104959
-0.866135 44.5232 0.014223
-0.768617 55.7628 0.015041
-0.671099 68.9294 0.0165144
-0.573582 82.8953 0.0173481
-0.476064 96.9952 0.0218294
-0.378546 111.581 0.0235842
-0.281028 126.111 0.0275745
-0.183511 144.308 0.0500286
-0.0859929 162.607 0.0783124
0.0115248 177.156 0.142672
0.109043 188.765 0.298679
0.20656 200.126 0.723646
0.304078 179.666 1.99658
0.401596 160.72 8.67273
0.499113 31.3327 6.46066
0.596631 2.06272 1.46113
0.694149 0 0
0.791667 0 0
0.889184 0 0
0.986702 0 0
1.08422 0.053732 0.0532347
1.18174 0.0542281 0.0537262
1.27926 0.054952 0.0544434
1.37677 0.0557465 0.0552305
1.47429 0.0566219 0.0560979
1.57181 0.057481 0.056949
1.66933 0.0584265 0.0578858
1.76684 0.0594253 0.0588753
1.86436 0.0604672 0.0599076
1.96188 0.0615208 0.0609514
2.0594 0.0626958 0.0621155
2.15691 0.0640245 0.063432
2.25443 0.0654514 0.0648456
2.35195 0.0668324 0.0662138
2.44947 0.0683423 0.0677097
2.54699 0.0700372 0.069389
2.6445 0.0718751 0.0712098
2.74202 0.0738474 0.0731639
2.83954 0.0759645 0.0752614
2.93706 0.078526 0.0777992
3.03457 0.0814226 0.0806689
3.13209 0.0845466 0.0837641
3.22961 0.0880525 0.0872375
3.32713 0.0919999 0.0911483
3.42465 0.0967656 0.09587
3.52216 0.102586 0.101636
3.61968 0.109777 0.108761
3.7172 0.118373 0.117278
3.81472 0.130258 0.129053
3.91223 0.147677 0.14631
4.00975 0.174766 0.173148
4.10727 0.229634 0.227509
4.20479 0.760471 0.753433
4.3023 0 0
4.39982 0 0
4.49734 0 0
4.59486 0 0
4.69238 0 0
4.78989 0 0
4.88741 0 0
4.98493 0 0
5.08245 0 0
5.17996 0 0
5.27748 0 0
5.375 0 0
5.47252 0 0
5.57004 0 0
5.66755 0 0
5.76507 0 0
5.86259 0 0
5.96011 0 0
6.05762 0 0
6.15514 0 0
6.25266 0 0
6.35018 0 0
6.4477 0 0
6.54521 0 0
6.64273 0 0
6.74025 0 0
6.83777 0 0
6.93528 0 0
7.0328 0 0
7.13032 0 0
7.22784 0 0
7.32535 0 0
7.42287 0 0
7.52039 0 0
7.61791 0 0
7.71543 0 0
7.81294 0 0
7.91046 0 0
8.00798 0 0
8.1055 0 0
8.20301 0 0
8.30053 0 0
8.39805 0 0
8.49557 0 0
8.59309 0 0
8.6906 0 0
8.78812 0 0
8.88564 0 0
8.98316 0 0
9.08067 0 0
9.17819 0 0
9.27571 0 0
9.37323 0 0
9.47074 0 0
9.56826 0 0
9.66578 0 0
9.7633 0 0
9.86082 0 0
9.95833 0 0
10.0559 0 0
10.1534 0 0
10.2509 0 0
10.3484 0 0
10.4459 0 0
10.5434 0 0
10.641 0 0
10.7385 0 0
10.836 0 0
10.9335 0 0
11.031 0 0
11.1285 0 0
11.2261 0 0
11.3236 0 0
11.4211 0 0
11.5186 0 0
11.6161 0 0
11.7137 0 0
11.8112 0 0
11.9087 0 0
12.0062 0 0
12.1037 0 0
12.2012 0 0
