-15.2012 5.73647 0.000780204
-15.1037 5.78583 0.000790916
-15.0062 5.79803 0.000714311
-14.9087 5.82201 0.000775681
-14.8112 5.85813 0.000843999
-14.7137 5.8656 0.000819741
-14.6161 5.90657 0.000744282
-14.5186 5.92356 0.000764907
-14.4211 5.94135 0.000795565
-14.3236 5.98248 0.000751204
-14.2261 5.9884 0.000755765
-14.1285 6.02717 0.000751885
-14.031 6.04618 0.000817626
-13.9335 6.0632 0.000849972
-13.836 6.09924 0.000814575
-13.7385 6.10769 0.00082088
-13.641 6.14722 0.000780882
-13.5434 6.1606 0.000898735
-13.4459 6.18554 0.000798251
-13.3484 6.21417 0.00088706
-13.2509 6.22776 0.00092357
-13.1534 6.26554 0.000860682
-13.0559 6.27327 0.000858082
-12.9583 6.31262 0.000852841
-12.8608 6.3267 0.000877294
-12.7633 6.3559 0.000805877
-12.6658 6.37981 0.000778125
-12.5683 6.40128 0.000823769
-12.4707 6.43129 0.000901835
-12.3732 6.44814 0.000905209
-12.2757 6.48238 0.000820173
-12.1782 6.49752 0.000858823
-12.0807 6.53425 0.000911754
-11.9832 6.54792 0.000932826
-11.8856 6.58149 0.000893499
-11.7881 6.59992 0.000837111
-11.6906 6.63356 0.000805958
-11.5931 6.6523 0.000903821
-11.4956 6.68361 0.000927671
-11.398 6.70332 0.000929315
-11.3005 6.73486 0.000931897
-11.203 6.75538 0.000930878
-11.1055 6.78604 0.000888522
-11.008 6.80556 0.000858184
-10.9105 6.84665 0.000931943
-10.8129 6.85457 0.000903434
-10.7154 6.90077 0.000891162
-10.6179 6.91131 0.000949611
-10.5204 6.95281 0.000961046
-10.4229 6.9705 0.000883976
-10.3254 7.00499 0.000938757
-10.2278 7.03093 0.000965712
-10.1303 7.05664 0.000937319
-10.0328 7.09017 0.000979608
-9.93528 7.10787 0.000910956
-9.83777 7.14867 0.000852791
-9.74025 7.16873 0.000938362
-9.64273 7.20328 0.000867237
-9.54521 7.23314 0.000857868
-9.4477 7.25859 0.000904668
-9.35018 7.29578 0.000994722
-9.25266 7.31956 0.000915921
-9.15514 7.35211 0.00092666
-9.05762 7.38613 0.00095813
-8.96011 7.41189 0.000924821
-8.86259 7.44806 0.000950564
-8.76507 7.48083 0.00104029
-8.66755 7.50998 0.000963201
-8.57004 7.54346 0.000950094
-8.47252 7.57588 0.000942878
-8.375 7.60651 0.00094251
-8.27748 7.64137 0.00102229
-8.17996 7.6763 0.000984155
-8.08245 7.71198 0.00110134
-7.98493 7.75097 0.00102374
-7.88741 7.79102 0.000961762
-7.78989 7.83349 0.00102251
-7.69238 7.87639 0.00096965
-7.59486 7.91904 0.000873448
-7.49734 7.96403 0.00091736
-7.39982 8.00881 0.000999228
-7.3023 8.05649 0.00106579
-7.20479 8.10376 0.000968123
-7.10727 8.15084 0.00103316
-7.00975 8.19984 0.00103356
-6.91223 8.24851 0.00103315
-6.81472 8.30004 0.000955465
-6.7172 8.35199 0.001042
-6.61968 8.40527 0.00103971
-6.52216 8.46035 0.00111239
-6.42465 8.51568 0.00101541
-6.32713 8.57376 0.00108973
-6.22961 8.63206 0.00105389
-6.13209 8.69132 0.000966933
-6.03457 8.75363 0.000982203
-5.93706 8.81638 0.00094736
-5.83954 8.87996 0.0010343
-5.74202 8.94506 0.000988912
-5.6445 9.01374 0.00093121
-5.54699 9.08348 0.00094486
-5.44947 9.15505 0.00103571
-5.35195 9.22921 0.000897665
-5.25443 9.30598 0.000933177
-5.15691 9.38419 0.0010081
-5.0594 9.4631 0.00109376
-4.96188 9.54575 0.0010898
-4.86436 9.63251 0.000975373
-4.76684 9.72039 0.000950158
-4.66933 9.80958 0.00105633
-4.57181 9.90431 0.000954856
-4.47429 10.0012 0.0010199
-4.37677 10.1039 0.00109231
-4.27926 10.2107 0.00111582
-4.18174 10.3219 0.00101618
-4.08422 10.4367 0.00112104
-3.9867 10.5565 0.00104279
-3.88918 10.6793 0.00107923
-3.79167 10.8092 0.00103515
-3.69415 10.9443 0.00109157
-3.59663 11.0847 0.00103206
-3.49911 11.2341 0.00106356
-3.4016 11.3901 0.00103176
-3.30408 11.5559 0.0010284
-3.20656 11.7305 0.000989596
-3.10904 11.9123 0.000953129
-3.01152 12.105 0.00104437
-2.91401 12.3079 0.00104169
-2.81649 12.5225 0.00103085
-2.71897 12.7548 0.00110219
-2.62145 13.0014 0.000983085
-2.52394 13.2654 0.000903656
-2.42642 13.5545 0.000978051
-2.3289 13.8646 0.00100581
-2.23138 14.1997 0.00102801
-2.13387 14.5668 0.000980648
-2.03635 14.9722 0.00109364
-1.93883 15.4205 0.00103412
-1.84131 15.9213 0.00106047
-1.74379 16.4835 0.00108168
-1.64628 17.1226 0.00112643
-1.54876 17.8522 0.00115613
-1.45124 18.6973 0.00117955
-1.35372 19.6968 0.0012862
-1.25621 20.9122 0.00146542
-1.15869 22.4423 0.00164917
-1.06117 24.4318 0.00197849
-0.963652 27.0868 0.00245524
-0.866135 30.6087 0.00312448
-0.768617 35.1109 0.00393162
-0.671099 40.5391 0.00455168
-0.573582 46.6655 0.00570695
-0.476064 53.2605 0.00774968
-0.378546 60.4427 0.0100544
-0.281028 67.4133 0.0134163
-0.183511 69.3271 0.0205766
-0.0859929 77.5939 0.0387957
0.0115248 82.0406 0.0727736
0.109043 75.6668 0.180512
0.20656 51.0165 0.27675
0.304078 33.2238 0.215724
0.401596 29.5949 0.225544
0.499113 28.8217 0.215777
0.596631 28.7764 0.216176
0.694149 28.6884 0.219553
0.791667 28.805 0.213095
0.889184 28.5351 0.21441
0.986702 28.6813 0.220469
1.08422 28.4738 0.21283
1.18174 28.4739 0.229666
1.27926 28.8189 0.225105
1.37677 28.1229 0.197556
1.47429 28.5566 0.231761
1.57181 28.6244 0.229444
1.66933 28.0109 0.215755
1.76684 27.725 0.195243
1.86436 28.0639 0.218885
1.96188 28.3084 0.245469
2.0594 27.8287 0.225171
2.15691 27.8512 0.231723
2.25443 28.1804 0.23384
2.35195 27.8948 0.241673
2.44947 27.6871 0.232683
2.54699 27.8826 0.220323
2.6445 27.941 0.240832
2.74202 28.0476 0.244798
2.83954 28.0101 0.230603
2.93706 27.929 0.236673
3.03457 28.0775 0.261394
3.13209 27.7321 0.269372
3.22961 27.7753 0.258431
3.32713 27.3844 0.24764
3.42465 27.6119 0.264797
3.52216 27.5194 0.244879
3.61968 27.3286 0.232698
3.7172 27.6157 0.255666
3.81472 27.4311 0.255889
3.91223 27.3559 0.216933
4.00975 27.5207 0.237303
4.10727 27.0614 0.252771
4.20479 27.2924 0.251946
4.3023 26.9704 0.254663
4.39982 27.0174 0.248988
4.49734 27.0466 0.262985
4.59486 27.6797 0.264236
4.69238 27.519 0.267111
4.78989 27.5375 0.266109
4.88741 26.9288 0.24847
4.98493 27.1782 0.252798
5.08245 27.1089 0.267572
5.17996 26.926 0.268185
5.27748 27.0729 0.25397
5.375 27.2981 0.251024
5.47252 27.5682 0.247499
5.57004 27.2877 0.275254
5.66755 26.9281 0.272768
5.76507 26.9211 0.266727
5.86259 26.9406 0.263317
5.96011 27.2537 0.270406
6.05762 27.1574 0.269483
6.15514 26.7907 0.27659
6.25266 27.3474 0.253418
6.35018 27.1007 0.270657
6.4477 26.8093 0.273817
6.54521 26.7138 0.28458
6.64273 26.6723 0.274072
6.74025 27.0024 0.278173
6.83777 26.8731 0.280506
6.93528 26.5661 0.281004
7.0328 26.8171 0.300162
7.13032 26.6056 0.292137
7.22784 26.6292 0.292731
7.32535 26.5396 0.289556
7.42287 26.7592 0.283925
7.52039 26.594 0.28614
7.61791 26.3963 0.272262
7.71543 26.3396 0.251565
7.81294 26.3384 0.276793
7.91046 26.8319 0.320521
8.00798 26.6945 0.291284
8.1055 26.4955 0.278466
8.20301 26.4996 0.283202
8.30053 26.1237 0.27134
8.39805 26.5348 0.289532
8.49557 26.5209 0.277708
8.59309 26.3603 0.260548
8.6906 26.2276 0.295018
8.78812 26.2413 0.313049
8.88564 26.3525 0.279174
8.98316 26.4013 0.28862
9.08067 26.3278 0.271086
9.17819 26.4279 0.279717
9.27571 26.2427 0.269185
9.37323 26.1347 0.28319
9.47074 25.9692 0.266863
9.56826 26.4281 0.290907
9.66578 26.068 0.274859
9.7633 26.0937 0.304611
9.86082 26.3443 0.312216
9.95833 25.762 0.284552
10.0559 26.0963 0.271638
10.1534 26.2819 0.311562
10.2509 26.1147 0.326765
10.3484 25.9617 0.300323
10.4459 25.8913 0.343867
10.5434 25.8757 0.288827
10.641 26.1916 0.312033
10.7385 25.9413 0.309951
10.836 26.2016 0.316393
10.9335 26.7817 0.340908
11.031 25.8621 0.333465
11.1285 25.6043 0.34276
11.2261 25.6942 0.31717
11.3236 26.2371 0.362235
11.4211 25.9841 0.355397
11.5186 25.6798 0.333413
11.6161 25.9914 0.350587
11.7137 25.9983 0.340803
11.8112 25.1633 0.329674
11.9087 25.503 0.325205
12.0062 25.4818 0.326537
12.1037 25.713 0.355459
12.2012 25.4306 0.340233
