-15.2012 0.0702846 2.1827e-05
-15.1037 0.0708103 2.22294e-05
-15.0062 0.0709124 2.06756e-05
-14.9087 0.071131 2.15318e-05
-14.8112 0.071516 2.20818e-05
-14.7137 0.0715496 2.07916e-05
-14.6161 0.0719615 1.94644e-05
-14.5186 0.0720664 1.93534e-05
-14.4211 0.0722236 2.02352e-05
-14.3236 0.0726566 2.00393e-05
-14.2261 0.0726269 2.04798e-05
-14.1285 0.0730215 2.11377e-05
-14.031 0.0731682 2.13306e-05
-13.9335 0.073277 2.16713e-05
-13.836 0.0736038 2.10557e-05
-13.7385 0.0736186 2.10423e-05
-13.641 0.0739945 2.0187e-05
-13.5434 0.0740609 2.32057e-05
-13.4459 0.0742533 2.2671e-05
-13.3484 0.0745181 2.23905e-05
-13.2509 0.0745622 2.2561e-05
-13.1534 0.074907 2.14429e-05
-13.0559 0.0748936 2.39888e-05
-12.9583 0.0752676 2.21142e-05
-12.8608 0.0753284 2.01266e-05
-12.7633 0.0755681 2.07173e-05
-12.6658 0.0757467 2.00977e-05
-12.5683 0.075891 2.1983e-05
-12.4707 0.0761218 2.49356e-05
-12.3732 0.0761892 2.22905e-05
-12.2757 0.0764744 2.22569e-05
-12.1782 0.0765487 1.97308e-05
-12.0807 0.0768744 2.32169e-05
-11.9832 0.0769019 2.18254e-05
-11.8856 0.0771769 2.13756e-05
-11.7881 0.0772639 2.15422e-05
-11.6906 0.0775227 2.19695e-05
-11.5931 0.0776174 2.31188e-05
-11.4956 0.0778543 2.22454e-05
-11.398 0.0779488 2.22023e-05
-11.3005 0.0781846 2.40426e-05
-11.203 0.0782903 2.20219e-05
-11.1055 0.0785077 2.09721e-05
-11.008 0.078598 1.9836e-05
-10.9105 0.0789245 2.26879e-05
-10.8129 0.0788539 2.22802e-05
-10.7154 0.0792473 2.28711e-05
-10.6179 0.0792104 2.39128e-05
-10.5204 0.0795704 2.39829e-05
-10.4229 0.0796246 2.29131e-05
-10.3254 0.0798586 2.29213e-05
-10.2278 0.0800252 2.3972e-05
-10.1303 0.0801709 2.1652e-05
-10.0328 0.0803803 2.32497e-05
-9.93528 0.0804301 2.38827e-05
-9.83777 0.080737 2.11225e-05
-9.74025 0.0807995 2.27967e-05
-9.64273 0.0810405 2.13577e-05
-9.54521 0.0812082 2.03741e-05
-9.4477 0.0813474 2.2799e-05
-9.35018 0.0816026 2.50867e-05
-9.25266 0.0817068 2.27257e-05
-9.15514 0.0818975 2.27199e-05
-9.05762 0.0821271 2.26568e-05
-8.96011 0.0822425 2.10917e-05
-8.86259 0.0824934 2.251e-05
-8.76507 0.0826928 2.43738e-05
-8.66755 0.0828338 2.27049e-05
-8.57004 0.0830141 2.34001e-05
-8.47252 0.0832036 2.39924e-05
-8.375 0.0833602 2.25185e-05
-8.27748 0.0835638 2.34343e-05
-8.17996 0.083761 2.29671e-05
-8.08245 0.0839858 2.51027e-05
-7.98493 0.0842296 2.3452e-05
-7.88741 0.0844839 2.44072e-05
-7.78989 0.0847845 2.36556e-05
-7.69238 0.0850452 2.28745e-05
-7.59486 0.0853201 2.09421e-05
-7.49734 0.0856228 2.22929e-05
-7.39982 0.0859054 2.4045e-05
-7.3023 0.0862263 2.54217e-05
-7.20479 0.0865503 2.28745e-05
-7.10727 0.0868557 2.40808e-05
-7.00975 0.0871792 2.41916e-05
-6.91223 0.0875046 2.32865e-05
-6.81472 0.0878619 2.33697e-05
-6.7172 0.0882065 2.28453e-05
-6.61968 0.088574 2.25927e-05
-6.52216 0.0889466 2.40861e-05
-6.42465 0.0893253 2.21091e-05
-6.32713 0.0897176 2.26961e-05
-6.22961 0.090112 2.44843e-05
-6.13209 0.0905125 2.28333e-05
-6.03457 0.0909384 2.4917e-05
-5.93706 0.0913755 2.21328e-05
-5.83954 0.0918223 2.31248e-05
-5.74202 0.0922547 2.42152e-05
-5.6445 0.0927374 2.35063e-05
-5.54699 0.0932419 2.49028e-05
-5.44947 0.0937308 2.3122e-05
-5.35195 0.0942506 2.48126e-05
-5.25443 0.0948192 2.34153e-05
-5.15691 0.0953403 2.43919e-05
-5.0594 0.0959025 2.62089e-05
-4.96188 0.096485 2.46916e-05
-4.86436 0.0971322 2.34085e-05
-4.76684 0.0977723 2.36617e-05
-4.66933 0.0983921 2.47525e-05
-4.57181 0.0990821 2.49035e-05
-4.47429 0.0997694 2.46922e-05
-4.37677 0.100539 2.69795e-05
-4.27926 0.101332 2.69481e-05
-4.18174 0.102147 2.65636e-05
-4.08422 0.102999 2.6967e-05
-3.9867 0.103907 2.4957e-05
-3.88918 0.104816 2.60697e-05
-3.79167 0.105787 2.48499e-05
-3.69415 0.106806 2.74012e-05
-3.59663 0.107856 2.74471e-05
-3.49911 0.109001 2.84626e-05
-3.4016 0.110204 2.66781e-05
-3.30408 0.111488 2.75078e-05
-3.20656 0.112815 2.60269e-05
-3.10904 0.114233 2.5457e-05
-3.01152 0.115721 2.79262e-05
-2.91401 0.117288 2.87284e-05
-2.81649 0.118966 2.85922e-05
-2.71897 0.120806 2.96136e-05
-2.62145 0.122763 3.14826e-05
-2.52394 0.124829 3.01787e-05
-2.42642 0.127154 3.34701e-05
-2.3289 0.129621 3.20279e-05
-2.23138 0.132291 3.16131e-05
-2.13387 0.135265 3.25915e-05
-2.03635 0.138557 3.32232e-05
-1.93883 0.142153 3.48455e-05
-1.84131 0.1462 3.64039e-05
-1.74379 0.150752 3.57102e-05
-1.64628 0.155931 3.56824e-05
-1.54876 0.161797 3.85493e-05
-1.45124 0.168552 4.19616e-05
-1.35372 0.176479 4.47466e-05
-1.25621 0.185986 4.89809e-05
-1.15869 0.197704 4.96272e-05
-1.06117 0.212414 5.43562e-05
-0.963652 0.230691 5.91878e-05
-0.866135 0.251424 6.44559e-05
-0.768617 0.270197 7.70182e-05
-0.671099 0.27822 7.79175e-05
-0.573582 0.265196 8.0857e-05
-0.476064 0.227027 7.22584e-05
-0.378546 0.173032 6.3559e-05
-0.281028 0.114076 5.63998e-05
-0.183511 0.0443237 3.24912e-05
-0.0859929 0.0196005 2.25516e-05
0.0115248 0.00634549 1.29264e-05
0.109043 0.00165511 6.55612e-06
0.20656 0.000476467 3.53808e-06
0.304078 0.000253516 2.86568e-06
0.401596 0.000220589 2.5943e-06
0.499113 0.000211472 2.62016e-06
0.596631 0.000209577 2.8211e-06
0.694149 0.000203034 2.44516e-06
0.791667 0.000204864 2.4848e-06
0.889184 0.000206182 2.55323e-06
0.986702 0.000198997 2.44205e-06
1.08422 0.000199142 2.73124e-06
1.18174 0.000195776 2.68188e-06
1.27926 0.000196304 2.4502e-06
1.37677 0.000186841 2.52136e-06
1.47429 0.000190911 2.64925e-06
1.57181 0.000189242 2.52837e-06
1.66933 0.000185132 2.47877e-06
1.76684 0.00018237 2.57507e-06
1.86436 0.000182832 2.44143e-06
1.96188 0.000181256 2.48078e-06
2.0594 0.000176626 2.38362e-06
2.15691 0.000177135 2.37956e-06
2.25443 0.000177525 2.37094e-06
2.35195 0.000172959 2.23962e-06
2.44947 0.000168683 2.24686e-06
2.54699 0.00016993 2.44781e-06
2.6445 0.000169764 2.36213e-06
2.74202 0.000164054 2.34826e-06
2.83954 0.000164096 2.30394e-06
2.93706 0.000162544 2.48794e-06
3.03457 0.000159471 2.26967e-06
3.13209 0.00015842 2.30381e-06
3.22961 0.000156186 2.57455e-06
3.32713 0.00015465 2.45453e-06
3.42465 0.000155363 2.37e-06
3.52216 0.000149502 2.23057e-06
3.61968 0.000151206 2.32903e-06
3.7172 0.00014919 2.12705e-06
3.81472 0.000145977 1.91557e-06
3.91223 0.000147794 2.07077e-06
4.00975 0.000146754 2.25055e-06
4.10727 0.00014228 2.37835e-06
4.20479 0.000142584 2.24739e-06
4.3023 0.000140535 2.23211e-06
4.39982 0.000135141 2.12982e-06
4.49734 0.000134179 1.86754e-06
4.59486 0.000137293 1.97611e-06
4.69238 0.000133413 2.0757e-06
4.78989 0.00013464 2.08416e-06
4.88741 0.000134002 2.31612e-06
4.98493 0.00013315 2.30146e-06
5.08245 0.000128775 2.17579e-06
5.17996 0.000128381 2.37314e-06
5.27748 0.000126481 1.98519e-06
5.375 0.000124878 2.01219e-06
5.47252 0.000126573 2.00689e-06
5.57004 0.000123289 1.91005e-06
5.66755 0.00012254 2.2033e-06
5.76507 0.000119565 2.12347e-06
5.86259 0.000122176 2.09042e-06
5.96011 0.000121352 1.85286e-06
6.05762 0.000120158 1.95943e-06
6.15514 0.000114473 1.96247e-06
6.25266 0.000117785 2.05173e-06
6.35018 0.000114479 1.97377e-06
6.4477 0.000109975 1.90045e-06
6.54521 0.000112828 1.94202e-06
6.64273 0.000106916 1.73313e-06
6.74025 0.000107468 1.76429e-06
6.83777 0.00010878 1.81055e-06
6.93528 0.000106787 1.83529e-06
7.0328 0.000107028 1.92555e-06
7.13032 0.000101979 1.91543e-06
7.22784 0.000104206 1.93579e-06
7.32535 0.000102551 1.70327e-06
7.42287 0.000101449 1.68147e-06
7.52039 0.000100667 1.74875e-06
7.61791 9.84361e-05 1.72238e-06
7.71543 9.807e-05 1.72894e-06
7.81294 9.7083e-05 1.65638e-06
7.91046 9.80016e-05 1.80297e-06
8.00798 9.5772e-05 1.57728e-06
8.1055 9.51325e-05 1.71156e-06
8.20301 9.44914e-05 1.76011e-06
8.30053 9.27852e-05 1.69519e-06
8.39805 9.24095e-05 1.70415e-06
8.49557 9.24343e-05 1.71489e-06
8.59309 9.09261e-05 1.71297e-06
8.6906 9.04162e-05 1.72249e-06
8.78812 8.89079e-05 1.65079e-06
8.88564 8.68987e-05 1.55162e-06
8.98316 8.75431e-05 1.47648e-06
9.08067 8.66865e-05 1.60408e-06
9.17819 8.53575e-05 1.49806e-06
9.27571 8.49148e-05 1.65428e-06
9.37323 8.26156e-05 1.55669e-06
9.47074 8.15774e-05 1.48158e-06
9.56826 8.39446e-05 1.52594e-06
9.66578 8.09085e-05 1.6035e-06
9.7633 8.14651e-05 1.58305e-06
9.86082 8.12417e-05 1.52995e-06
9.95833 7.80342e-05 1.47922e-06
10.0559 7.91571e-05 1.53496e-06
10.1534 7.96067e-05 1.58622e-06
10.2509 7.80385e-05 1.5346e-06
10.3484 7.56027e-05 1.55739e-06
10.4459 7.38547e-05 1.43973e-06
10.5434 7.38425e-05 1.47977e-06
10.641 7.52589e-05 1.4168e-06
10.7385 7.21689e-05 1.38733e-06
10.836 7.40154e-05 1.45878e-06
10.9335 7.36834e-05 1.42331e-06
11.031 6.99425e-05 1.32664e-06
11.1285 6.93215e-05 1.54038e-06
11.2261 6.85131e-05 1.41676e-06
11.3236 6.84341e-05 1.44475e-06
11.4211 6.84766e-05 1.46757e-06
11.5186 6.6875e-05 1.41529e-06
11.6161 6.75777e-05 1.47994e-06
11.7137 6.73949e-05 1.50006e-06
11.8112 6.43523e-05 1.36659e-06
11.9087 6.54395e-05 1.48209e-06
12.0062 6.44489e-05 1.40938e-06
12.1037 6.3903e-05 1.40459e-06
12.2012 6.22955e-05 1.31348e-06
