-15.2012 5.81387 0.00112894
-15.1037 5.86251 0.0011462
-15.0062 5.8759 0.00108384
-14.9087 5.89936 0.00119947
-14.8112 5.93664 0.00113497
-14.7137 5.94546 0.00122017
-14.6161 5.9859 0.00106796
-14.5186 6.00099 0.00112506
-14.4211 6.02021 0.00118614
-14.3236 6.06236 0.00106876
-14.2261 6.06695 0.00106648
-14.1285 6.10677 0.00113825
-14.031 6.12624 0.00116729
-13.9335 6.14296 0.00117888
-13.836 6.17803 0.0011685
-13.7385 6.18677 0.00113183
-13.641 6.22616 0.00107155
-13.5434 6.23992 0.00127193
-13.4459 6.26464 0.00108436
-13.3484 6.29498 0.00121444
-13.2509 6.30735 0.00129344
-13.1534 6.34539 0.00118224
-13.0559 6.35349 0.00126906
-12.9583 6.39378 0.00119627
-12.8608 6.40796 0.00123496
-12.7633 6.43755 0.00108433
-12.6658 6.46208 0.00106804
-12.5683 6.48383 0.00119373
-12.4707 6.51315 0.00131105
-12.3732 6.5289 0.0012605
-12.2757 6.56334 0.00120491
-12.1782 6.57987 0.00118716
-12.0807 6.61774 0.00131421
-11.9832 6.63079 0.00122389
-11.8856 6.66503 0.00122882
-11.7881 6.68302 0.00125682
-11.6906 6.71608 0.0011351
-11.5931 6.73531 0.00129152
-11.4956 6.76708 0.00126123
-11.398 6.78701 0.00124433
-11.3005 6.81882 0.00136878
-11.203 6.83955 0.00130279
-11.1055 6.87037 0.00118292
-11.008 6.89004 0.00119194
-10.9105 6.93013 0.0013043
-10.8129 6.93843 0.00121616
-10.7154 6.98536 0.00123064
-10.6179 6.99449 0.00136382
-10.5204 7.0385 0.00142055
-10.4229 7.05585 0.00121411
-10.3254 7.08917 0.0012641
-10.2278 7.11704 0.00132729
-10.1303 7.14345 0.00129625
-10.0328 7.17567 0.00129929
-9.93528 7.19338 0.00133489
-9.83777 7.23468 0.0011152
-9.74025 7.25406 0.00133099
-9.64273 7.28961 0.00121177
-9.54521 7.31848 0.00118802
-9.4477 7.34499 0.00129132
-9.35018 7.38227 0.00134605
-9.25266 7.40638 0.00124893
-9.15514 7.43751 0.00122207
-9.05762 7.47337 0.00129256
-8.96011 7.49921 0.00127693
-8.86259 7.53669 0.0012936
-8.76507 7.56966 0.00143874
-8.66755 7.59805 0.00133411
-8.57004 7.6307 0.00130886
-8.47252 7.66382 0.00128941
-8.375 7.69419 0.00130318
-8.27748 7.72884 0.00133793
-8.17996 7.76333 0.00128406
-8.08245 7.80039 0.0014218
-7.98493 7.83945 0.00137509
-7.88741 7.87978 0.00134446
-7.78989 7.92416 0.00138993
-7.69238 7.96598 0.00130882
-7.59486 8.0093 0.00122918
-7.49734 8.0549 0.00123457
-7.39982 8.09895 0.00139416
-7.3023 8.14681 0.00141766
-7.20479 8.19504 0.00131454
-7.10727 8.24217 0.00137881
-7.00975 8.29145 0.00147031
-6.91223 8.34084 0.00133861
-6.81472 8.39295 0.00130582
-6.7172 8.44504 0.00145449
-6.61968 8.49995 0.00150524
-6.52216 8.55486 0.00157357
-6.42465 8.61148 0.0013199
-6.32713 8.66946 0.00138776
-6.22961 8.7284 0.00143106
-6.13209 8.7871 0.00136874
-6.03457 8.84928 0.00137714
-5.93706 8.91296 0.00124452
-5.83954 8.97759 0.00139249
-5.74202 9.04148 0.00144558
-5.6445 9.11113 0.0012683
-5.54699 9.1825 0.00138645
-5.44947 9.25309 0.00134123
-5.35195 9.32751 0.00133511
-5.25443 9.40718 0.00136806
-5.15691 9.48275 0.00133404
-5.0594 9.56303 0.00148979
-4.96188 9.64562 0.00148254
-4.86436 9.73489 0.00132761
-4.76684 9.82395 0.00132646
-4.66933 9.91207 0.00150149
-4.57181 10.0075 0.0012841
-4.47429 10.1036 0.00138496
-4.37677 10.2086 0.00152837
-4.27926 10.3161 0.00148564
-4.18174 10.4274 0.00148269
-4.08422 10.5428 0.00159866
-3.9867 10.6651 0.0014346
-3.88918 10.7881 0.00155265
-3.79167 10.9181 0.00141789
-3.69415 11.0545 0.00154728
-3.59663 11.1949 0.00135296
-3.49911 11.3462 0.00149313
-3.4016 11.5041 0.00138329
-3.30408 11.6714 0.00145659
-3.20656 11.8453 0.00136795
-3.10904 12.0299 0.00142377
-3.01152 12.2226 0.00139535
-2.91401 12.4258 0.00153292
-2.81649 12.6423 0.00139952
-2.71897 12.8775 0.00145274
-2.62145 13.1272 0.00145998
-2.52394 13.3908 0.00137468
-2.42642 13.684 0.00155961
-2.3289 13.9952 0.00148586
-2.23138 14.3318 0.00160158
-2.13387 14.7034 0.00143753
-2.03635 15.1128 0.00161464
-1.93883 15.5618 0.00158473
-1.84131 16.0651 0.00155214
-1.74379 16.6301 0.00151735
-1.64628 17.2728 0.00166098
-1.54876 18.0046 0.00167605
-1.45124 18.8514 0.00161357
-1.35372 19.8537 0.00175462
-1.25621 21.0701 0.00185842
-1.15869 22.5989 0.00200697
-1.06117 24.5866 0.00221377
-0.963652 27.2394 0.00286104
-0.866135 30.7513 0.003158
-0.768617 35.2463 0.00400308
-0.671099 40.6664 0.00470073
-0.573582 46.7845 0.00585471
-0.476064 53.3754 0.0076905
-0.378546 60.5566 0.0101262
-0.281028 67.5237 0.0135587
-0.183511 69.4545 0.0208329
-0.0859929 77.8506 0.0386813
0.0115248 82.777 0.0772633
0.109043 78.1461 0.202657
0.20656 57.7614 0.36085
0.304078 42.3695 0.362851
0.401596 39.0377 0.397879
0.499113 37.9197 0.370542
0.596631 37.7994 0.369581
0.694149 37.2511 0.345732
0.791667 38.2132 0.396576
0.889184 38.7077 0.419434
0.986702 37.6944 0.378359
1.08422 38.1279 0.417752
1.18174 37.6203 0.39704
1.27926 38.3075 0.412337
1.37677 36.7492 0.387231
1.47429 37.413 0.436451
1.57181 37.4605 0.383703
1.66933 37.375 0.39439
1.76684 36.8253 0.40957
1.86436 37.1635 0.387226
1.96188 37.209 0.410321
2.0594 36.6124 0.397205
2.15691 36.6724 0.403341
2.25443 36.8016 0.37249
2.35195 36.5538 0.384933
2.44947 35.9776 0.343187
2.54699 36.4495 0.410148
2.6445 36.8778 0.390605
2.74202 36.5233 0.406899
2.83954 36.854 0.426095
2.93706 36.9324 0.460943
3.03457 36.8348 0.463947
3.13209 37.0946 0.481798
3.22961 36.8409 0.464511
3.32713 36.4342 0.445672
3.42465 36.8349 0.520261
3.52216 35.7034 0.428339
3.61968 36.3214 0.471087
3.7172 36.4639 0.436033
3.81472 35.8586 0.395268
3.91223 36.5194 0.423302
4.00975 36.5425 0.429843
4.10727 35.9714 0.481194
4.20479 35.982 0.440787
4.3023 36.3968 0.528484
4.39982 35.4306 0.465274
4.49734 35.5591 0.444885
4.59486 36.0393 0.498475
4.69238 35.2394 0.439289
4.78989 36.2976 0.431445
4.88741 35.99 0.528307
4.98493 35.8337 0.500393
5.08245 35.3144 0.462586
5.17996 35.2742 0.50424
5.27748 35.3092 0.442963
5.375 35.1922 0.444679
5.47252 35.9764 0.461812
5.57004 35.5736 0.501667
5.66755 35.4362 0.503489
5.76507 34.9953 0.4576
5.86259 35.5319 0.506299
5.96011 35.7467 0.476497
6.05762 35.92 0.50243
6.15514 34.7855 0.480792
6.25266 35.6606 0.502489
6.35018 35.0592 0.460123
6.4477 34.1287 0.432724
6.54521 35.4278 0.498855
6.64273 34.2626 0.46941
6.74025 34.7745 0.455393
6.83777 35.1943 0.539891
6.93528 35.0399 0.507623
7.0328 35.3217 0.529549
7.13032 34.2317 0.523719
7.22784 35.2085 0.548149
7.32535 34.6245 0.502864
7.42287 34.6583 0.541567
7.52039 34.9113 0.526655
7.61791 34.2618 0.443744
7.71543 33.7506 0.440139
7.81294 34.1156 0.492414
7.91046 34.6938 0.537552
8.00798 34.3899 0.470493
8.1055 34.4527 0.474392
8.20301 34.5125 0.486788
8.30053 34.4325 0.484364
8.39805 34.4658 0.524072
8.49557 34.9575 0.532027
8.59309 34.635 0.507962
8.6906 34.369 0.51638
8.78812 34.1227 0.527625
8.88564 33.6202 0.471923
8.98316 34.0555 0.5091
9.08067 34.1617 0.481631
9.17819 34.1989 0.494904
9.27571 33.9745 0.512179
9.37323 33.6512 0.471591
9.47074 33.495 0.444181
9.56826 34.4131 0.495417
9.66578 33.6745 0.50702
9.7633 33.7128 0.530872
9.86082 34.135 0.521983
9.95833 33.1189 0.458262
10.0559 33.6699 0.508931
10.1534 34.1882 0.563276
10.2509 34.0212 0.562579
10.3484 33.2319 0.502925
10.4459 32.9124 0.510179
10.5434 33.4335 0.526719
10.641 34.6449 0.568034
10.7385 33.1376 0.540548
10.836 33.9084 0.558703
10.9335 34.2053 0.569415
11.031 33.4529 0.576644
11.1285 33.4131 0.603925
11.2261 33.2052 0.592007
11.3236 33.1279 0.562841
11.4211 33.8013 0.640439
11.5186 33.0698 0.577551
11.6161 33.3623 0.577047
11.7137 33.5607 0.566622
11.8112 32.8849 0.55282
11.9087 32.9489 0.589595
12.0062 33.0139 0.61738
12.1037 32.9859 0.621818
12.2012 32.5096 0.569308
