-15.2012 4.23582 0.00104032
-15.1037 4.27559 0.00108698
-15.0062 4.28889 0.0010178
-14.9087 4.3099 0.00104962
-14.8112 4.33989 0.00113589
-14.7137 4.34748 0.0010886
-14.6161 4.38156 0.00101436
-14.5186 4.39637 0.00102787
-14.4211 4.41271 0.0010545
-14.3236 4.44702 0.00104306
-14.2261 4.45249 0.00104188
-14.1285 4.48492 0.00103494
-14.031 4.50169 0.00114657
-13.9335 4.51581 0.0011437
-13.836 4.5451 0.00107266
-13.7385 4.5544 0.00112602
-13.641 4.58585 0.00107938
-13.5434 4.59804 0.00123007
-13.4459 4.61901 0.00112492
-13.3484 4.64282 0.00122066
-13.2509 4.65506 0.00125644
-13.1534 4.68583 0.00118828
-13.0559 4.69216 0.00111717
-12.9583 4.72612 0.00113603
-12.8608 4.73779 0.00121992
-12.7633 4.76237 0.00109967
-12.6658 4.78287 0.00112557
-12.5683 4.80132 0.00112189
-12.4707 4.82529 0.00120244
-12.3732 4.84135 0.00123442
-12.2757 4.86934 0.00113329
-12.1782 4.88313 0.00114219
-12.0807 4.91486 0.00119326
-11.9832 4.9267 0.00129184
-11.8856 4.95399 0.0012196
-11.7881 4.97043 0.00118561
-11.6906 4.99991 0.00117887
-11.5931 5.01615 0.00121062
-11.4956 5.04249 0.00128259
-11.398 5.05969 0.00130158
-11.3005 5.0875 0.00134027
-11.203 5.10459 0.00133411
-11.1055 5.13182 0.00126358
-11.008 5.14954 0.00117743
-10.9105 5.18434 0.00130391
-10.8129 5.19285 0.00129323
-10.7154 5.23322 0.0012272
-10.6179 5.24299 0.00129066
-10.5204 5.27933 0.00134685
-10.4229 5.29565 0.00124694
-10.3254 5.32705 0.00128292
-10.2278 5.35051 0.00138184
-10.1303 5.37404 0.00129834
-10.0328 5.40415 0.00136275
-9.93528 5.42 0.00123529
-9.83777 5.45748 0.00120966
-9.74025 5.4767 0.00130566
-9.64273 5.50838 0.00121047
-9.54521 5.53659 0.00125898
-9.4477 5.56113 0.00124673
-9.35018 5.59596 0.00141914
-9.25266 5.61922 0.00125515
-9.15514 5.64887 0.00132208
-9.05762 5.68299 0.00130255
-8.96011 5.70779 0.00127751
-8.86259 5.74354 0.00130425
-8.76507 5.77631 0.00145152
-8.66755 5.80572 0.0013677
-8.57004 5.83825 0.00137279
-8.47252 5.87062 0.00127537
-8.375 5.90098 0.00126696
-8.27748 5.93599 0.00141488
-8.17996 5.97077 0.00138707
-8.08245 6.00393 0.00152328
-7.98493 6.0419 0.00145855
-7.88741 6.07726 0.00132592
-7.78989 6.11707 0.00144105
-7.69238 6.15337 0.00136465
-7.59486 6.19128 0.00126732
-7.49734 6.23038 0.00129291
-7.39982 6.26978 0.00138276
-7.3023 6.31369 0.00147271
-7.20479 6.35642 0.00134781
-7.10727 6.39915 0.00147443
-7.00975 6.4435 0.00143331
-6.91223 6.48746 0.00145342
-6.81472 6.53466 0.00132006
-6.7172 6.58185 0.00141342
-6.61968 6.63078 0.00144914
-6.52216 6.67957 0.0015713
-6.42465 6.72942 0.0013537
-6.32713 6.78273 0.00148639
-6.22961 6.835 0.00148562
-6.13209 6.88764 0.00139887
-6.03457 6.94528 0.00138175
-5.93706 7.00268 0.00134912
-5.83954 7.0605 0.00145656
-5.74202 7.11961 0.0014242
-5.6445 7.18378 0.00132698
-5.54699 7.24755 0.0013523
-5.44947 7.31323 0.0015028
-5.35195 7.38184 0.00131442
-5.25443 7.45168 0.00140215
-5.15691 7.52263 0.00148132
-5.0594 7.59424 0.00154488
-4.96188 7.66994 0.00155428
-4.86436 7.75106 0.00146337
-4.76684 7.8331 0.00142855
-4.66933 7.91443 0.00155518
-4.57181 8.00354 0.00146799
-4.47429 8.09291 0.00151169
-4.37677 8.18863 0.00165845
-4.27926 8.28732 0.00157532
-4.18174 8.38924 0.00145071
-4.08422 8.49501 0.00160053
-3.9867 8.60698 0.00152505
-3.88918 8.7192 0.00152262
-3.79167 8.84092 0.00149971
-3.69415 8.96747 0.00159737
-3.59663 9.09818 0.0015472
-3.49911 9.23898 0.00158276
-3.4016 9.38513 0.00151506
-3.30408 9.54046 0.00152221
-3.20656 9.70607 0.00149402
-3.10904 9.87672 0.00146341
-3.01152 10.0593 0.00159448
-2.91401 10.2532 0.00150941
-2.81649 10.4589 0.0015018
-2.71897 10.6841 0.001688
-2.62145 10.9225 0.00152305
-2.52394 11.176 0.00138477
-2.42642 11.4561 0.00150028
-2.3289 11.7581 0.00160493
-2.23138 12.0854 0.00162007
-2.13387 12.4506 0.0015615
-2.03635 12.855 0.00170743
-1.93883 13.305 0.00164089
-1.84131 13.8116 0.00165853
-1.74379 14.3828 0.00172735
-1.64628 15.0445 0.00174884
-1.54876 15.8149 0.00184335
-1.45124 16.7259 0.00188024
-1.35372 17.8256 0.00205151
-1.25621 19.1905 0.00234957
-1.15869 20.9585 0.0026045
-1.06117 23.3471 0.00317416
-0.963652 26.7241 0.00387999
-0.866135 31.5131 0.00529336
-0.768617 38.0836 0.00676794
-0.671099 46.5554 0.0086936
-0.573582 56.7334 0.0109312
-0.476064 68.3497 0.0158949
-0.378546 81.7697 0.0208519
-0.281028 95.2723 0.0280018
-0.183511 98.5327 0.0425182
-0.0859929 116.018 0.0828756
0.0115248 126.985 0.160042
0.109043 118.17 0.364159
0.20656 74.7075 0.514405
0.304078 42.2202 0.386815
0.401596 35.4984 0.390308
0.499113 33.7656 0.369519
0.596631 33.8074 0.34707
0.694149 33.4756 0.370826
0.791667 33.8287 0.366514
0.889184 33.4762 0.357099
0.986702 33.7534 0.370771
1.08422 33.3234 0.347119
1.18174 33.0481 0.386533
1.27926 33.7292 0.381577
1.37677 32.4164 0.334532
1.47429 33.3058 0.394394
1.57181 33.5113 0.385808
1.66933 32.6862 0.354794
1.76684 31.9408 0.316407
1.86436 32.5222 0.368632
1.96188 33.0673 0.396891
2.0594 32.3693 0.370901
2.15691 32.1249 0.378187
2.25443 32.8126 0.383434
2.35195 32.4699 0.399035
2.44947 32.013 0.381215
2.54699 32.3691 0.367225
2.6445 32.3762 0.392068
2.74202 32.7469 0.415039
2.83954 32.5965 0.389954
2.93706 32.201 0.372701
3.03457 32.7878 0.422645
3.13209 32.201 0.440583
3.22961 32.425 0.442906
3.32713 31.6602 0.405651
3.42465 31.6664 0.435498
3.52216 31.7857 0.407738
3.61968 31.4097 0.387883
3.7172 31.7454 0.419341
3.81472 31.627 0.429047
3.91223 31.6681 0.35445
4.00975 31.8852 0.394833
4.10727 31.1233 0.416788
4.20479 31.5987 0.411724
4.3023 30.9947 0.419986
4.39982 31.0921 0.421103
4.49734 30.7625 0.421513
4.59486 31.9053 0.432547
4.69238 31.8049 0.433308
4.78989 31.8915 0.436417
4.88741 30.8 0.420875
4.98493 31.1467 0.41408
5.08245 31.2564 0.427624
5.17996 30.6664 0.434668
5.27748 31.1049 0.433567
5.375 31.5652 0.41018
5.47252 31.725 0.395457
5.57004 31.4217 0.468066
5.66755 30.8155 0.463374
5.76507 30.7739 0.448771
5.86259 30.618 0.428971
5.96011 31.3331 0.451106
6.05762 31.4024 0.437576
6.15514 30.7477 0.454123
6.25266 31.7498 0.42696
6.35018 31.4017 0.443906
6.4477 30.6253 0.432762
6.54521 30.6694 0.473715
6.64273 30.5652 0.450713
6.74025 31.0617 0.449892
6.83777 30.6821 0.461653
6.93528 30.3546 0.455815
7.0328 30.8125 0.485254
7.13032 30.45 0.492096
7.22784 30.6771 0.480855
7.32535 30.2629 0.476255
7.42287 30.579 0.459906
7.52039 30.3555 0.452397
7.61791 30.0642 0.444762
7.71543 29.7164 0.402665
7.81294 29.966 0.436626
7.91046 30.9129 0.516464
8.00798 30.7252 0.49652
8.1055 30.3206 0.457066
8.20301 30.2443 0.475978
8.30053 29.4596 0.446771
8.39805 30.3894 0.484493
8.49557 30.3366 0.458
8.59309 30.1614 0.440396
8.6906 29.8014 0.471235
8.78812 29.9115 0.507287
8.88564 30.1113 0.468074
8.98316 30.1441 0.478113
9.08067 30.2051 0.456264
9.17819 30.1942 0.465243
9.27571 29.9407 0.450077
9.37323 29.6706 0.476327
9.47074 29.2727 0.428808
9.56826 30.0674 0.479622
9.66578 29.7377 0.451733
9.7633 29.7278 0.490451
9.86082 30.2158 0.52152
9.95833 28.9438 0.458688
10.0559 29.4354 0.431835
10.1534 29.9258 0.50207
10.2509 29.9061 0.545235
10.3484 29.4538 0.489526
10.4459 29.2791 0.56913
10.5434 29.1916 0.469818
10.641 29.63 0.504282
10.7385 29.1553 0.499915
10.836 29.5735 0.513703
10.9335 30.6324 0.551173
11.031 29.399 0.5152
11.1285 28.8585 0.548933
11.2261 29.0531 0.522166
11.3236 29.8308 0.574657
11.4211 29.4978 0.585252
11.5186 28.7161 0.524937
11.6161 29.4543 0.565151
11.7137 29.4856 0.563438
11.8112 28.1973 0.520961
11.9087 28.6047 0.52622
12.0062 28.4226 0.516536
12.1037 28.8339 0.557674
12.2012 28.6555 0.549413
