-15.2012 8.10597 0.0129292
-15.1037 8.19017 0.0135581
-15.0062 8.28543 0.0128865
-14.9087 8.35962 0.0137403
-14.8112 8.44993 0.0140513
-14.7137 8.48957 0.0134628
-14.6161 8.5733 0.0127125
-14.5186 8.61832 0.0132174
-14.4211 8.69114 0.0134262
-14.3236 8.77789 0.0127596
-14.2261 8.80433 0.0127409
-14.1285 8.88572 0.0133513
-14.031 8.94507 0.0134732
-13.9335 8.97581 0.0142718
-13.836 9.01669 0.0136868
-13.7385 9.08131 0.013689
-13.641 9.1196 0.013505
-13.5434 9.16556 0.0139179
-13.4459 9.2058 0.0135788
-13.3484 9.24317 0.013616
-13.2509 9.29062 0.0143877
-13.1534 9.33511 0.0134455
-13.0559 9.3384 0.0124763
-12.9583 9.42037 0.0131499
-12.8608 9.44956 0.0140749
-12.7633 9.49454 0.0126534
-12.6658 9.54008 0.0133517
-12.5683 9.57306 0.0128617
-12.4707 9.59806 0.0132229
-12.3732 9.66044 0.014294
-12.2757 9.67688 0.0128446
-12.1782 9.72138 0.0136369
-12.0807 9.79831 0.013433
-11.9832 9.80246 0.0143404
-11.8856 9.81738 0.0135018
-11.7881 9.87845 0.0133797
-11.6906 9.91403 0.0135298
-11.5931 9.94844 0.0129259
-11.4956 9.9685 0.0145236
-11.398 10.0098 0.0144799
-11.3005 10.0552 0.0142863
-11.203 10.0569 0.0146299
-11.1055 10.0903 0.0139286
-11.008 10.1511 0.012469
-10.9105 10.1628 0.0141052
-10.8129 10.2037 0.0138838
-10.7154 10.232 0.0132911
-10.6179 10.2476 0.0142674
-10.5204 10.2821 0.0146989
-10.4229 10.3163 0.013879
-10.3254 10.3645 0.0134894
-10.2278 10.393 0.0141001
-10.1303 10.4264 0.0134009
-10.0328 10.4444 0.0142864
-9.93528 10.451 0.0136833
-9.83777 10.4927 0.0131023
-9.74025 10.524 0.0137746
-9.64273 10.5543 0.013036
-9.54521 10.5888 0.0136265
-9.4477 10.6223 0.0126078
-9.35018 10.641 0.013858
-9.25266 10.6814 0.0133208
-9.15514 10.6832 0.0134129
-9.05762 10.7471 0.0136199
-8.96011 10.7529 0.0129152
-8.86259 10.8002 0.0129855
-8.76507 10.8518 0.0138866
-8.66755 10.8799 0.0132805
-8.57004 10.8887 0.0131782
-8.47252 10.9214 0.0129549
-8.375 10.937 0.0120924
-8.27748 10.9715 0.0133433
-8.17996 11 0.0132216
-8.08245 11.017 0.0143378
-7.98493 11.0792 0.0142071
-7.88741 11.0998 0.0127937
-7.78989 11.167 0.0137699
-7.69238 11.1898 0.0133924
-7.59486 11.2175 0.0120129
-7.49734 11.2537 0.0127757
-7.39982 11.2885 0.0129941
-7.3023 11.3538 0.0137962
-7.20479 11.4012 0.0128308
-7.10727 11.4372 0.0134491
-7.00975 11.4882 0.0120804
-6.91223 11.5327 0.0128614
-6.81472 11.5782 0.0117544
-6.7172 11.6231 0.0125768
-6.61968 11.6873 0.0126179
-6.52216 11.7227 0.013575
-6.42465 11.7826 0.0111732
-6.32713 11.8398 0.0133249
-6.22961 11.8948 0.0134968
-6.13209 11.9257 0.0124212
-6.03457 11.9936 0.012162
-5.93706 12.05 0.0121539
-5.83954 12.1046 0.0120019
-5.74202 12.1421 0.0125364
-5.6445 12.2219 0.0114567
-5.54699 12.2827 0.0117016
-5.44947 12.3406 0.0127396
-5.35195 12.4165 0.0110417
-5.25443 12.4911 0.011686
-5.15691 12.5599 0.0122073
-5.0594 12.5965 0.0123236
-4.96188 12.6627 0.0123215
-4.86436 12.7621 0.0118432
-4.76684 12.829 0.0111725
-4.66933 12.8802 0.012035
-4.57181 12.977 0.0114454
-4.47429 13.0427 0.01215
-4.37677 13.1413 0.0120403
-4.27926 13.2352 0.0117465
-4.18174 13.3359 0.0111118
-4.08422 13.4266 0.0116017
-3.9867 13.5464 0.0113193
-3.88918 13.6296 0.0116795
-3.79167 13.7327 0.0114399
-3.69415 13.8625 0.0112714
-3.59663 13.9678 0.0108548
-3.49911 14.1053 0.0106179
-3.4016 14.2385 0.0100894
-3.30408 14.3775 0.0103269
-3.20656 14.5501 0.010325
-3.10904 14.6973 0.0101901
-3.01152 14.8608 0.0106697
-2.91401 15.0329 0.00958574
-2.81649 15.2043 0.00915951
-2.71897 15.4324 0.0104358
-2.62145 15.6499 0.0092184
-2.52394 15.8646 0.00903908
-2.42642 16.1394 0.00880982
-2.3289 16.4343 0.00957901
-2.23138 16.7233 0.00948641
-2.13387 17.0846 0.00897191
-2.03635 17.4954 0.00988812
-1.93883 17.9611 0.00867171
-1.84131 18.4965 0.00879538
-1.74379 19.0996 0.00887372
-1.64628 19.8373 0.00824011
-1.54876 20.7206 0.0090095
-1.45124 21.7987 0.00848657
-1.35372 23.1446 0.0081232
-1.25621 24.8994 0.00918425
-1.15869 27.3425 0.00906559
-1.06117 30.9389 0.00999544
-0.963652 36.4654 0.0111466
-0.866135 44.5077 0.0139032
-0.768617 55.1349 0.0144671
-0.671099 67.6228 0.0154899
-0.573582 80.8905 0.0168742
-0.476064 94.259 0.0209593
-0.378546 107.998 0.0225055
-0.281028 119.838 0.0259319
-0.183511 121.825 0.0411303
-0.0859929 136.622 0.0634254
0.0115248 147.168 0.112029
0.109043 149.987 0.234523
0.20656 131.203 0.46668
0.304078 92.1636 0.760445
0.401596 77.6538 0.832156
0.499113 73.0881 0.769334
0.596631 72.6086 0.743101
0.694149 72.1369 0.834246
0.791667 73.6344 0.819094
0.889184 72.8958 0.826364
0.986702 73.8838 0.785432
1.08422 72.7629 0.778218
1.18174 71.9025 0.881638
1.27926 74.2636 0.828524
1.37677 70.5516 0.822599
1.47429 71.9807 0.823546
1.57181 73.0804 0.821035
1.66933 71.8012 0.819082
1.76684 69.3951 0.765917
1.86436 70.9303 0.865086
1.96188 72.8017 0.809711
2.0594 71.4785 0.848324
2.15691 70.1013 0.853856
2.25443 72.3524 0.862849
2.35195 71.1527 0.889793
2.44947 70.3404 0.881141
2.54699 71.0659 0.829863
2.6445 70.4115 0.881361
2.74202 72.39 0.984898
2.83954 71.1691 0.840295
2.93706 70.3564 0.888021
3.03457 71.8968 0.890677
3.13209 71.0955 0.950754
3.22961 71.4316 0.979805
3.32713 69.3352 0.902356
3.42465 69.5617 0.984704
3.52216 69.4664 0.973441
3.61968 68.6493 0.907435
3.7172 69.4652 0.962056
3.81472 70.4844 0.978322
3.91223 69.5216 0.884068
4.00975 70.1426 0.92478
4.10727 68.8185 0.942336
4.20479 70.7577 0.947514
4.3023 68.3946 0.966294
4.39982 69.489 1.02756
4.49734 68.0232 0.993382
4.59486 69.9149 0.96003
4.69238 69.2989 0.980469
4.78989 70.9564 0.994744
4.88741 68.4798 0.891399
4.98493 69.0465 1.03065
5.08245 69.2018 1.01917
5.17996 67.4917 0.953462
5.27748 68.7468 0.959205
5.375 69.6245 0.988929
5.47252 69.9184 0.927676
5.57004 68.7734 1.06659
5.66755 67.7517 1.11569
5.76507 67.6565 1.07858
5.86259 67.7746 1.03994
5.96011 69.3807 1.02567
6.05762 69.1082 1.065
6.15514 67.3229 1.07032
6.25266 70.0062 1.00726
6.35018 69.7524 1.11309
6.4477 68.208 1.06478
6.54521 67.9028 1.08896
6.64273 67.9695 1.10888
6.74025 69.5519 1.09924
6.83777 67.6063 1.09503
6.93528 67.4604 1.0742
7.0328 68.629 1.13524
7.13032 67.3392 1.18309
7.22784 67.9106 1.04846
7.32535 66.8848 1.09256
7.42287 67.8812 1.07251
7.52039 67.577 1.10891
7.61791 66.9943 1.11846
7.71543 65.5801 0.938098
7.81294 65.7752 1.02876
7.91046 66.9642 1.10058
8.00798 68.0382 1.12088
8.1055 67.5477 1.0518
8.20301 67.9069 1.11736
8.30053 64.1911 1.15034
8.39805 67.4941 1.16631
8.49557 67.6251 1.10353
8.59309 67.6369 1.0242
8.6906 65.7331 1.09855
8.78812 65.4469 1.11484
8.88564 66.4311 1.15748
8.98316 66.1003 1.10767
9.08067 66.3867 1.10025
9.17819 66.9405 1.10809
9.27571 66.339 1.17751
9.37323 66.6986 1.16601
9.47074 65.1871 1.09529
9.56826 67.137 1.11729
9.66578 67.0964 1.12398
9.7633 65.2653 1.16424
9.86082 67.4613 1.29253
9.95833 64.6377 1.20847
10.0559 66.1032 1.10876
10.1534 66.4087 1.18598
10.2509 66.5184 1.17895
10.3484 64.8122 1.12099
10.4459 65.1484 1.36086
10.5434 64.3115 1.17604
10.641 66.6841 1.23879
10.7385 65.2111 1.1797
10.836 65.2391 1.11232
10.9335 68.5958 1.13287
11.031 65.4191 1.18983
11.1285 63.9596 1.28975
11.2261 64.869 1.24911
11.3236 65.729 1.25715
11.4211 65.8143 1.36589
11.5186 63.2022 1.3554
11.6161 65.0947 1.25206
11.7137 65.7719 1.33479
11.8112 62.6927 1.28657
11.9087 64.1808 1.33416
12.0062 63.06 1.2876
12.1037 64.9686 1.33506
12.2012 63.6052 1.31362
