-15.2012 37.9697
-15.1037 37.5972
-15.0062 37.9836
-14.9087 37.7854
-14.8112 38.0561
-14.7137 38.8658
-14.6161 38.2335
-14.5186 37.9264
-14.4211 38.2339
-14.3236 38.5984
-14.2261 38.486
-14.1285 38.2523
-14.031 38.6543
-13.9335 38.2305
-13.836 38.4387
-13.7385 38.6466
-13.641 38.5685
-13.5434 38.3388
-13.4459 38.4267
-13.3484 38.7004
-13.2509 38.6155
-13.1534 38.3402
-13.0559 38.6941
-12.9583 38.8572
-12.8608 38.7015
-12.7633 38.6105
-12.6658 39.0188
-12.5683 38.9283
-12.4707 38.6569
-12.3732 38.6751
-12.2757 38.4875
-12.1782 38.6373
-12.0807 39.1123
-11.9832 38.6021
-11.8856 39.1997
-11.7881 38.86
-11.6906 38.5925
-11.5931 38.7121
-11.4956 38.4248
-11.398 38.9698
-11.3005 38.8601
-11.203 38.7239
-11.1055 38.9259
-11.008 38.5212
-10.9105 38.6236
-10.8129 38.5818
-10.7154 38.9096
-10.6179 38.6412
-10.5204 38.9032
-10.4229 38.6759
-10.3254 38.7651
-10.2278 38.7559
-10.1303 39.0156
-10.0328 38.5934
-9.93528 38.6828
-9.83777 38.6571
-9.74025 38.5765
-9.64273 38.5659
-9.54521 38.3992
-9.4477 38.5697
-9.35018 38.6268
-9.25266 38.7904
-9.15514 38.0789
-9.05762 38.1936
-8.96011 38.7264
-8.86259 38.9
-8.76507 38.7993
-8.66755 39.038
-8.57004 38.293
-8.47252 38.3689
-8.375 38.5215
-8.27748 38.5838
-8.17996 38.4468
-8.08245 38.5395
-7.98493 38.2522
-7.88741 38.5088
-7.78989 38.8619
-7.69238 38.3869
-7.59486 38.2769
-7.49734 38.8472
-7.39982 38.3627
-7.3023 38.4686
-7.20479 38.3943
-7.10727 38.3292
-7.00975 38.5313
-6.91223 38.8293
-6.81472 38.7496
-6.7172 38.9172
-6.61968 39.4238
-6.52216 39.0098
-6.42465 39.1403
-6.32713 38.9506
-6.22961 39.1972
-6.13209 38.7324
-6.03457 38.7146
-5.93706 39.0991
-5.83954 39.2334
-5.74202 38.7361
-5.6445 39.1606
-5.54699 39.2741
-5.44947 39.2019
-5.35195 38.8276
-5.25443 39.3888
-5.15691 38.8713
-5.0594 39.3073
-4.96188 39.0289
-4.86436 39.5231
-4.76684 39.4536
-4.66933 39.1485
-4.57181 39.3868
-4.47429 39.0552
-4.37677 39.6475
-4.27926 39.7592
-4.18174 39.5102
-4.08422 39.3237
-3.9867 40.1152
-3.88918 40.0199
-3.79167 39.8156
-3.69415 39.6316
-3.59663 39.7368
-3.49911 40.0799
-3.4016 40.2896
-3.30408 40.6747
-3.20656 40.4851
-3.10904 40.6685
-3.01152 40.6685
-2.91401 40.6438
-2.81649 40.6839
-2.71897 41.2936
-2.62145 41.2545
-2.52394 41.1806
-2.42642 41.6303
-2.3289 41.6501
-2.23138 41.6358
-2.13387 42.1754
-2.03635 42.6083
-1.93883 42.6131
-1.84131 42.7451
-1.74379 43.0102
-1.64628 43.4398
-1.54876 43.8214
-1.45124 44.3642
-1.35372 45.1612
-1.25621 45.9245
-1.15869 47.0937
-1.06117 48.917
-0.963652 52.4873
-0.866135 58.299
-0.768617 67.0956
-0.671099 78.1126
-0.573582 90.4221
-0.476064 103.479
-0.378546 117.097
-0.281028 130.919
-0.183511 151.901
-0.0859929 174.957
0.0115248 207.395
0.109043 291.964
0.20656 544.309
0.304078 691.04
0.401596 737.989
0.499113 744.385
0.596631 732.729
0.694149 719.06
0.791667 756.707
0.889184 761.191
0.986702 728.646
1.08422 753.392
1.18174 701.919
1.27926 747.565
1.37677 680.89
1.47429 718.823
1.57181 729.956
1.66933 729.713
1.76684 726.129
1.86436 727.712
1.96188 716.821
2.0594 704.819
2.15691 725.616
2.25443 717.056
2.35195 725.434
2.44947 745.255
2.54699 696.898
2.6445 727.458
2.74202 714.086
2.83954 728.731
2.93706 726.397
3.03457 698.385
3.13209 727.573
3.22961 749.369
3.32713 727.732
3.42465 698.658
3.52216 692.348
3.61968 733.86
3.7172 738.184
3.81472 712.369
3.91223 757.235
4.00975 702.471
4.10727 682.582
4.20479 711.836
4.3023 709.587
4.39982 695.79
4.49734 711.61
4.59486 684.164
4.69238 666.063
4.78989 736.187
4.88741 743.091
4.98493 658.392
5.08245 703.326
5.17996 647.802
5.27748 677.942
5.375 668.633
5.47252 682.268
5.57004 721.207
5.66755 697.302
5.76507 685.439
5.86259 677.042
5.96011 716.608
6.05762 678.882
6.15514 658.296
6.25266 680.292
6.35018 671.512
6.4477 660.673
6.54521 707.042
6.64273 669.213
6.74025 664.621
6.83777 697.591
6.93528 687.149
7.0328 691.38
7.13032 654.179
7.22784 769.797
7.32535 806.829
7.42287 804.571
7.52039 814.534
7.61791 855.252
7.71543 797.679
7.81294 801.702
7.91046 804.282
8.00798 756.137
8.1055 815.345
8.20301 801.079
8.30053 862.525
8.39805 741.591
8.49557 842.367
8.59309 820.548
8.6906 806.466
8.78812 782.117
8.88564 793.186
8.98316 799.794
9.08067 838.527
9.17819 811.459
9.27571 786.817
9.37323 820.384
9.47074 796.264
9.56826 826.334
9.66578 807.009
9.7633 812.027
9.86082 816.136
9.95833 871.306
10.0559 786.266
10.1534 754.091
10.2509 789.092
10.3484 780.583
10.4459 808.182
10.5434 757.016
10.641 835.195
10.7385 804.206
10.836 794.526
10.9335 752.359
11.031 768.57
11.1285 806.701
11.2261 711.852
11.3236 802.757
11.4211 814.891
11.5186 756.566
11.6161 768.034
11.7137 797.226
11.8112 818.522
11.9087 772.435
12.0062 757.056
12.1037 727.925
12.2012 742.675
