-15.2012 5.53529 1.68344e-05
-15.1037 5.5758 1.59943e-05
-15.0062 5.57712 1.57044e-05
-14.9087 5.59298 1.59983e-05
-14.8112 5.62045 1.67913e-05
-14.7137 5.62064 1.68353e-05
-14.6161 5.65428 2.01684e-05
-14.5186 5.6642 1.50889e-05
-14.4211 5.67451 1.76339e-05
-14.3236 5.70794 1.61926e-05
-14.2261 5.70843 1.72852e-05
-14.1285 5.74015 1.8556e-05
-14.031 5.75245 1.78023e-05
-13.9335 5.76468 2.08338e-05
-13.836 5.79653 1.87346e-05
-13.7385 5.79836 1.90954e-05
-13.641 5.83352 1.95787e-05
-13.5434 5.84175 1.97773e-05
-13.4459 5.86293 2.05915e-05
-13.3484 5.88644 1.76943e-05
-13.2509 5.89502 1.91797e-05
-13.1534 5.92945 2.07622e-05
-13.0559 5.93406 1.78627e-05
-12.9583 5.96749 2.21438e-05
-12.8608 5.97764 2.10905e-05
-12.7633 6.00312 2.22952e-05
-12.6658 6.02254 2.13204e-05
-12.5683 6.04001 2.23732e-05
-12.4707 6.06721 2.18372e-05
-12.3732 6.07957 2.42854e-05
-12.2757 6.11094 2.1139e-05
-12.1782 6.12173 2.27323e-05
-12.0807 6.15392 2.26176e-05
-11.9832 6.1657 2.38346e-05
-11.8856 6.19709 2.26543e-05
-11.7881 6.2108 2.22249e-05
-11.6906 6.24094 2.48149e-05
-11.5931 6.25664 2.13003e-05
-11.4956 6.28589 2.42547e-05
-11.398 6.30316 2.57647e-05
-11.3005 6.33189 2.3454e-05
-11.203 6.35036 2.51244e-05
-11.1055 6.3783 2.33247e-05
-11.008 6.39379 2.33432e-05
-10.9105 6.43481 2.44905e-05
-10.8129 6.43908 2.43523e-05
-10.7154 6.48418 2.34955e-05
-10.6179 6.49141 2.72665e-05
-10.5204 6.53109 2.48864e-05
-10.4229 6.54567 2.77598e-05
-10.3254 6.57765 2.81388e-05
-10.2278 6.60138 2.89953e-05
-10.1303 6.62448 2.72648e-05
-10.0328 6.65839 2.89949e-05
-9.93528 6.67437 2.5314e-05
-9.83777 6.71371 2.9908e-05
-9.74025 6.73124 2.89673e-05
-9.64273 6.76378 2.56488e-05
-9.54521 6.79183 3.02472e-05
-9.4477 6.8147 3.13489e-05
-9.35018 6.85073 3.11694e-05
-9.25266 6.87336 3.66223e-05
-9.15514 6.90444 3.00967e-05
-9.05762 6.93585 3.52837e-05
-8.96011 6.96108 3.20154e-05
-8.86259 6.99449 3.4517e-05
-8.76507 7.02428 3.57158e-05
-8.66755 7.05277 3.31345e-05
-8.57004 7.08598 3.18308e-05
-8.47252 7.11671 3.88736e-05
-8.375 7.14743 3.4639e-05
-8.27748 7.18123 3.63737e-05
-8.17996 7.21458 3.88651e-05
-8.08245 7.24961 3.75033e-05
-7.98493 7.28641 3.76818e-05
-7.88741 7.3264 4.09062e-05
-7.78989 7.3666 4.19647e-05
-7.69238 7.40883 4.49852e-05
-7.59486 7.45206 4.47162e-05
-7.49734 7.4959 4.98195e-05
-7.39982 7.54026 4.83256e-05
-7.3023 7.58541 5.21159e-05
-7.20479 7.63129 4.60819e-05
-7.10727 7.67793 4.79295e-05
-7.00975 7.7254 5.03142e-05
-6.91223 7.77384 5.34898e-05
-6.81472 7.8235 4.96011e-05
-6.7172 7.87454 5.44276e-05
-6.61968 7.92697 5.73673e-05
-6.52216 7.98098 5.91644e-05
-6.42465 8.03637 5.89578e-05
-6.32713 8.09317 5.78419e-05
-6.22961 8.15125 6.1235e-05
-6.13209 8.2107 6.21791e-05
-6.03457 8.27149 6.3115e-05
-5.93706 8.33374 7.04566e-05
-5.83954 8.39746 6.48464e-05
-5.74202 8.46288 7.23498e-05
-5.6445 8.53022 7.47953e-05
-5.54699 8.59957 7.29558e-05
-5.44947 8.67122 7.43146e-05
-5.35195 8.74522 8.06926e-05
-5.25443 8.82154 9.02971e-05
-5.15691 8.90014 8.92657e-05
-5.0594 8.9811 9.10279e-05
-4.96188 9.06444 9.29718e-05
-4.86436 9.15024 9.5191e-05
-4.76684 9.2386 0.000101467
-4.66933 9.32996 0.000110152
-4.57181 9.42478 0.000113149
-4.47429 9.52337 0.000118613
-4.37677 9.62625 0.000120368
-4.27926 9.73365 0.000127114
-4.18174 9.84551 0.000129229
-4.08422 9.96202 0.000142745
-3.9867 10.0831 0.000139385
-3.88918 10.2089 0.000147848
-3.79167 10.3399 0.000158684
-3.69415 10.4766 0.000163103
-3.59663 10.6196 0.000168531
-3.49911 10.7701 0.000181951
-3.4016 10.9285 0.000183934
-3.30408 11.0957 0.000201107
-3.20656 11.2717 0.000210539
-3.10904 11.4571 0.000214804
-3.01152 11.6527 0.000225118
-2.91401 11.8593 0.000277144
-2.81649 12.0785 0.000296685
-2.71897 12.3126 0.000332281
-2.62145 12.5637 0.000352015
-2.52394 12.8347 0.000384116
-2.42642 13.1271 0.000433841
-2.3289 13.4427 0.000488151
-2.23138 13.7852 0.000541094
-2.13387 14.1582 0.000576521
-2.03635 14.5688 0.000669003
-1.93883 15.0237 0.000686542
-1.84131 15.5333 0.000769429
-1.74379 16.1051 0.000935991
-1.64628 16.7518 0.00124302
-1.54876 17.4901 0.00147311
-1.45124 18.3464 0.00159143
-1.35372 19.3572 0.00205434
-1.25621 20.5869 0.00246966
-1.15869 22.1313 0.00311221
-1.06117 24.137 0.00370407
-0.963652 26.8095 0.00474553
-0.866135 30.3449 0.00613687
-0.768617 34.8528 0.0082105
-0.671099 40.2863 0.00995707
-0.573582 46.3861 0.0123671
-0.476064 52.9844 0.0169136
-0.378546 60.2076 0.0227696
-0.281028 67.241 0.0283334
-0.183511 69.2026 0.0496253
-0.0859929 78.2614 0.0984271
0.0115248 85.9525 0.177386
0.109043 92.151 0.313254
0.20656 98.2077 0.84878
0.304078 109.962 4.88907
0.401596 77.2956 10.0645
0.499113 11.2826 3.81276
0.596631 2.7726 1.97254
0.694149 0 0
0.791667 0 0
0.889184 0 0
0.986702 0 0
1.08422 0 0
1.18174 0 0
1.27926 0 0
1.37677 0 0
1.47429 0 0
1.57181 0 0
1.66933 0 0
1.76684 0 0
1.86436 0 0
1.96188 0 0
2.0594 0 0
2.15691 0 0
2.25443 0 0
2.35195 0 0
2.44947 0 0
2.54699 0 0
2.6445 0 0
2.74202 0 0
2.83954 0 0
2.93706 0 0
3.03457 0 0
3.13209 0 0
3.22961 0 0
3.32713 0 0
3.42465 0 0
3.52216 0 0
3.61968 0 0
3.7172 0 0
3.81472 0 0
3.91223 0 0
4.00975 0 0
4.10727 0 0
4.20479 0 0
4.3023 0 0
4.39982 0 0
4.49734 0 0
4.59486 0 0
4.69238 0 0
4.78989 0 0
4.88741 0 0
4.98493 0 0
5.08245 0 0
5.17996 0 0
5.27748 0 0
5.375 0 0
5.47252 0 0
5.57004 0 0
5.66755 0 0
5.76507 0 0
5.86259 0 0
5.96011 0 0
6.05762 0 0
6.15514 0 0
6.25266 0 0
6.35018 0 0
6.4477 0 0
6.54521 0 0
6.64273 0 0
6.74025 0 0
6.83777 0 0
6.93528 0 0
7.0328 0 0
7.13032 0 0
7.22784 0 0
7.32535 0 0
7.42287 0 0
7.52039 0 0
7.61791 0 0
7.71543 0 0
7.81294 0 0
7.91046 0 0
8.00798 0 0
8.1055 0 0
8.20301 0 0
8.30053 0 0
8.39805 0 0
8.49557 0 0
8.59309 0 0
8.6906 0 0
8.78812 0 0
8.88564 0 0
8.98316 0 0
9.08067 0 0
9.17819 0 0
9.27571 0 0
9.37323 0 0
9.47074 0 0
9.56826 0 0
9.66578 0 0
9.7633 0 0
9.86082 0 0
9.95833 0 0
10.0559 0 0
10.1534 0 0
10.2509 0 0
10.3484 0 0
10.4459 0 0
10.5434 0 0
10.641 0 0
10.7385 0 0
10.836 0 0
10.9335 0 0
11.031 0 0
11.1285 0 0
11.2261 0 0
11.3236 0 0
11.4211 0 0
11.5186 0 0
11.6161 0 0
11.7137 0 0
11.8112 0 0
11.9087 0 0
12.0062 0 0
12.1037 0 0
12.2012 0 0
