-15.2012 0.0691607 2.17246e-05
-15.1037 0.0696348 2.19912e-05
-15.0062 0.0697363 2.073e-05
-14.9087 0.0699363 2.13298e-05
-14.8112 0.0702875 2.20933e-05
-14.7137 0.0703222 2.08586e-05
-14.6161 0.0706969 1.95503e-05
-14.5186 0.0707894 1.93151e-05
-14.4211 0.0709354 2.02381e-05
-14.3236 0.0713322 2.00313e-05
-14.2261 0.0713013 2.04452e-05
-14.1285 0.071664 2.0965e-05
-14.031 0.0717976 2.12101e-05
-13.9335 0.0718935 2.15759e-05
-13.836 0.0721864 2.09139e-05
-13.7385 0.0722042 2.09149e-05
-13.641 0.0725432 2.01061e-05
-13.5434 0.0726022 2.3199e-05
-13.4459 0.0727753 2.25498e-05
-13.3484 0.073019 2.20747e-05
-13.2509 0.0730542 2.23319e-05
-13.1534 0.0733691 2.12112e-05
-13.0559 0.0733544 2.37753e-05
-12.9583 0.0737026 2.18789e-05
-12.8608 0.0737538 2.01339e-05
-12.7633 0.0739763 2.04902e-05
-12.6658 0.0741419 1.99445e-05
-12.5683 0.0742758 2.17459e-05
-12.4707 0.0744887 2.48787e-05
-12.3732 0.074547 2.23394e-05
-12.2757 0.0748124 2.21485e-05
-12.1782 0.074884 1.95451e-05
-12.0807 0.0751891 2.33257e-05
-11.9832 0.0752135 2.18001e-05
-11.8856 0.0754725 2.12983e-05
-11.7881 0.0755575 2.13476e-05
-11.6906 0.0758064 2.1953e-05
-11.5931 0.0758936 2.31066e-05
-11.4956 0.0761198 2.21223e-05
-11.398 0.0762123 2.21828e-05
-11.3005 0.0764395 2.36419e-05
-11.203 0.076545 2.19377e-05
-11.1055 0.0767558 2.05671e-05
-11.008 0.076846 1.97738e-05
-10.9105 0.0771693 2.2625e-05
-10.8129 0.0771022 2.21976e-05
-10.7154 0.0774941 2.2608e-05
-10.6179 0.077459 2.3595e-05
-10.5204 0.0778241 2.38553e-05
-10.4229 0.0778858 2.28796e-05
-10.3254 0.078122 2.28714e-05
-10.2278 0.078297 2.37583e-05
-10.1303 0.0784491 2.15959e-05
-10.0328 0.0786726 2.32169e-05
-9.93528 0.0787302 2.37777e-05
-9.83777 0.0790557 2.09687e-05
-9.74025 0.0791301 2.29271e-05
-9.64273 0.0793869 2.11862e-05
-9.54521 0.0795762 2.01738e-05
-9.4477 0.0797334 2.26418e-05
-9.35018 0.0800147 2.49474e-05
-9.25266 0.0801415 2.25639e-05
-9.15514 0.0803586 2.25878e-05
-9.05762 0.080621 2.25226e-05
-8.96011 0.0807643 2.0948e-05
-8.86259 0.0810543 2.23019e-05
-8.76507 0.0812867 2.43027e-05
-8.66755 0.0814608 2.25667e-05
-8.57004 0.081688 2.33281e-05
-8.47252 0.0819211 2.39744e-05
-8.375 0.082121 2.23524e-05
-8.27748 0.0823715 2.33955e-05
-8.17996 0.0826114 2.28516e-05
-8.08245 0.0828575 2.51214e-05
-7.98493 0.0831272 2.34566e-05
-7.88741 0.0833823 2.41983e-05
-7.78989 0.0836833 2.36707e-05
-7.69238 0.0839318 2.27669e-05
-7.59486 0.0841986 2.09211e-05
-7.49734 0.0844898 2.22394e-05
-7.39982 0.0847677 2.39087e-05
-7.3023 0.0850849 2.52775e-05
-7.20479 0.0854098 2.27133e-05
-7.10727 0.0857173 2.39191e-05
-7.00975 0.0860383 2.42041e-05
-6.91223 0.0863683 2.32729e-05
-6.81472 0.0867305 2.3579e-05
-6.7172 0.0870738 2.27886e-05
-6.61968 0.0874412 2.26526e-05
-6.52216 0.0878107 2.40001e-05
-6.42465 0.0881845 2.21093e-05
-6.32713 0.0885686 2.2824e-05
-6.22961 0.0889571 2.45462e-05
-6.13209 0.0893533 2.2761e-05
-6.03457 0.089777 2.49375e-05
-5.93706 0.0902133 2.20082e-05
-5.83954 0.090661 2.3176e-05
-5.74202 0.0910949 2.41793e-05
-5.6445 0.0915761 2.3346e-05
-5.54699 0.0920782 2.4561e-05
-5.44947 0.0925688 2.27856e-05
-5.35195 0.093079 2.46059e-05
-5.25443 0.0936435 2.32758e-05
-5.15691 0.0941551 2.43594e-05
-5.0594 0.0947101 2.6206e-05
-4.96188 0.0952931 2.4594e-05
-4.86436 0.0959391 2.31908e-05
-4.76684 0.0965819 2.34882e-05
-4.66933 0.0972013 2.45712e-05
-4.57181 0.0978957 2.47359e-05
-4.47429 0.0985803 2.45912e-05
-4.37677 0.099338 2.67934e-05
-4.27926 0.100117 2.69058e-05
-4.18174 0.100913 2.6554e-05
-4.08422 0.101743 2.69007e-05
-3.9867 0.102636 2.48111e-05
-3.88918 0.103528 2.58536e-05
-3.79167 0.104483 2.47746e-05
-3.69415 0.105491 2.73546e-05
-3.59663 0.10653 2.73287e-05
-3.49911 0.107657 2.84587e-05
-3.4016 0.108836 2.66178e-05
-3.30408 0.110089 2.73447e-05
-3.20656 0.111388 2.6062e-05
-3.10904 0.112782 2.54966e-05
-3.01152 0.114249 2.77545e-05
-2.91401 0.115797 2.85133e-05
-2.81649 0.117461 2.84951e-05
-2.71897 0.119291 2.96094e-05
-2.62145 0.121216 3.11779e-05
-2.52394 0.123245 2.97965e-05
-2.42642 0.125527 3.33278e-05
-2.3289 0.127955 3.17342e-05
-2.23138 0.130585 3.1234e-05
-2.13387 0.133532 3.21373e-05
-2.03635 0.136792 3.29931e-05
-1.93883 0.140345 3.47933e-05
-1.84131 0.14433 3.61411e-05
-1.74379 0.14881 3.57343e-05
-1.64628 0.153933 3.55746e-05
-1.54876 0.159779 3.84371e-05
-1.45124 0.16656 4.16537e-05
-1.35372 0.17454 4.4342e-05
-1.25621 0.184107 4.87709e-05
-1.15869 0.195857 4.93914e-05
-1.06117 0.210562 5.39539e-05
-0.963652 0.228841 5.87803e-05
-0.866135 0.249663 6.40409e-05
-0.768617 0.268719 7.65505e-05
-0.671099 0.277257 7.75345e-05
-0.573582 0.264881 8.11027e-05
-0.476064 0.227296 7.16841e-05
-0.378546 0.173656 6.39176e-05
-0.281028 0.114541 5.66584e-05
-0.183511 0.0438271 3.22154e-05
-0.0859929 0.0194436 2.24312e-05
0.0115248 0.00634967 1.28707e-05
0.109043 0.00171098 6.76359e-06
0.20656 0.000547884 3.79439e-06
0.304078 0.000321448 3.17847e-06
0.401596 0.000287582 2.91216e-06
0.499113 0.000277013 2.91667e-06
0.596631 0.000276964 3.11223e-06
0.694149 0.00026656 2.75115e-06
0.791667 0.000268311 2.81117e-06
0.889184 0.000267383 2.84192e-06
0.986702 0.000260329 2.77466e-06
1.08422 0.000256722 3.00167e-06
1.18174 0.000254206 2.94795e-06
1.27926 0.000253153 2.82929e-06
1.37677 0.000244344 2.82249e-06
1.47429 0.000246703 2.86217e-06
1.57181 0.000245252 2.8223e-06
1.66933 0.000238029 2.80914e-06
1.76684 0.000235915 2.79331e-06
1.86436 0.000234875 2.8608e-06
1.96188 0.000233307 2.73678e-06
2.0594 0.000227977 2.7829e-06
2.15691 0.0002285 2.5261e-06
2.25443 0.000228182 2.77327e-06
2.35195 0.000219405 2.52735e-06
2.44947 0.000217332 2.52894e-06
2.54699 0.000217092 2.71266e-06
2.6445 0.000216657 2.61898e-06
2.74202 0.000207846 2.59033e-06
2.83954 0.000209308 2.70645e-06
2.93706 0.000206245 2.77797e-06
3.03457 0.000202189 2.34584e-06
3.13209 0.000201303 2.52003e-06
3.22961 0.00019684 2.82778e-06
3.32713 0.000197092 2.72373e-06
3.42465 0.000196394 2.64222e-06
3.52216 0.000189768 2.60782e-06
3.61968 0.000190475 2.65467e-06
3.7172 0.000186605 2.43737e-06
3.81472 0.000185151 2.0532e-06
3.91223 0.000184856 2.26093e-06
4.00975 0.00018362 2.44253e-06
4.10727 0.000178695 2.5256e-06
4.20479 0.00017943 2.38821e-06
4.3023 0.000177146 2.38066e-06
4.39982 0.000170089 2.39951e-06
4.49734 0.000169316 2.08379e-06
4.59486 0.000171356 2.24469e-06
4.69238 0.00016707 2.30756e-06
4.78989 0.00016813 2.29678e-06
4.88741 0.000165684 2.53703e-06
4.98493 0.000165288 2.33334e-06
5.08245 0.000160174 2.4498e-06
5.17996 0.000158652 2.58149e-06
5.27748 0.000157531 2.26164e-06
5.375 0.000156078 2.30203e-06
5.47252 0.00015599 2.21469e-06
5.57004 0.000152957 2.19565e-06
5.66755 0.000151808 2.46729e-06
5.76507 0.000149459 2.3283e-06
5.86259 0.000150868 2.25664e-06
5.96011 0.000150324 1.98009e-06
6.05762 0.000146188 2.11046e-06
6.15514 0.000141794 2.20036e-06
6.25266 0.000145691 2.17901e-06
6.35018 0.000142952 2.13075e-06
6.4477 0.000135936 1.99213e-06
6.54521 0.000140073 2.08474e-06
6.64273 0.000132513 1.85799e-06
6.74025 0.00013512 1.97333e-06
6.83777 0.000133468 1.98273e-06
6.93528 0.000132269 2.06678e-06
7.0328 0.000131114 2.09991e-06
7.13032 0.000126774 2.02881e-06
7.22784 0.000127212 2.12944e-06
7.32535 0.000124198 1.8304e-06
7.42287 0.000123015 1.79595e-06
7.52039 0.000122194 1.77216e-06
7.61791 0.000119607 1.8794e-06
7.71543 0.000119005 1.87327e-06
7.81294 0.000117504 1.72391e-06
7.91046 0.000118391 1.87592e-06
8.00798 0.000116312 1.69605e-06
8.1055 0.000114777 1.82121e-06
8.20301 0.000113903 1.87771e-06
8.30053 0.00011224 1.81285e-06
8.39805 0.000110648 1.75453e-06
8.49557 0.000112377 1.81542e-06
8.59309 0.000110494 1.81538e-06
8.6906 0.000108482 1.83073e-06
8.78812 0.00010794 1.73544e-06
8.88564 0.000104103 1.65974e-06
8.98316 0.000104198 1.64806e-06
9.08067 0.000102716 1.70398e-06
9.17819 0.000102898 1.64285e-06
9.27571 0.000102483 1.77165e-06
9.37323 9.95554e-05 1.61646e-06
9.47074 9.87536e-05 1.6013e-06
9.56826 0.000100684 1.63537e-06
9.66578 9.81928e-05 1.64773e-06
9.7633 9.74976e-05 1.65867e-06
9.86082 9.64327e-05 1.59505e-06
9.95833 9.24714e-05 1.64165e-06
10.0559 9.49001e-05 1.60578e-06
10.1534 9.33207e-05 1.65591e-06
10.2509 9.2552e-05 1.54343e-06
10.3484 9.02129e-05 1.51207e-06
10.4459 8.86868e-05 1.63232e-06
10.5434 8.73399e-05 1.5478e-06
10.641 8.92634e-05 1.49111e-06
10.7385 8.54916e-05 1.43346e-06
10.836 8.72197e-05 1.5074e-06
10.9335 8.77602e-05 1.51235e-06
11.031 8.22687e-05 1.43619e-06
11.1285 8.16299e-05 1.58525e-06
11.2261 8.17751e-05 1.48742e-06
11.3236 7.98717e-05 1.52257e-06
11.4211 8.16754e-05 1.60753e-06
11.5186 7.81571e-05 1.46802e-06
11.6161 7.8645e-05 1.56074e-06
11.7137 7.88878e-05 1.59271e-06
11.8112 7.42599e-05 1.44134e-06
11.9087 7.61313e-05 1.58773e-06
12.0062 7.52096e-05 1.55087e-06
12.1037 7.49358e-05 1.46126e-06
12.2012 7.1948e-05 1.37554e-06
