-15.2012 5.90051 0.00117341
-15.1037 5.94606 0.00118429
-15.0062 5.95967 0.00112938
-14.9087 5.98207 0.00125262
-14.8112 6.01747 0.00117454
-14.7137 6.02653 0.00128493
-14.6161 6.06462 0.00111611
-14.5186 6.07905 0.00117633
-14.4211 6.09778 0.00123903
-14.3236 6.13773 0.00111527
-14.2261 6.14235 0.00111095
-14.1285 6.18024 0.00118496
-14.031 6.19903 0.0012159
-13.9335 6.21506 0.00122928
-13.836 6.24804 0.00121873
-13.7385 6.2569 0.00117231
-13.641 6.29421 0.00111971
-13.5434 6.30761 0.0013185
-13.4459 6.33119 0.00112814
-13.3484 6.36037 0.00126708
-13.2509 6.37241 0.00134537
-13.1534 6.40868 0.00123537
-13.0559 6.41667 0.00131423
-12.9583 6.45554 0.00124495
-12.8608 6.46929 0.0012868
-12.7633 6.49793 0.00113121
-12.6658 6.52176 0.00112026
-12.5683 6.54297 0.00124184
-12.4707 6.57128 0.00136982
-12.3732 6.58671 0.00130932
-12.2757 6.62019 0.00126027
-12.1782 6.63665 0.00123727
-12.0807 6.67383 0.00137435
-11.9832 6.68663 0.0012792
-11.8856 6.72033 0.00128426
-11.7881 6.73816 0.00130719
-11.6906 6.77088 0.00119034
-11.5931 6.79003 0.00134408
-11.4956 6.82168 0.00131516
-11.398 6.84158 0.00129897
-11.3005 6.87349 0.00143213
-11.203 6.89433 0.00135828
-11.1055 6.92545 0.00123373
-11.008 6.94536 0.0012416
-10.9105 6.98603 0.00135388
-10.8129 6.99453 0.00126456
-10.7154 7.04254 0.00127773
-10.6179 7.05191 0.00142213
-10.5204 7.0973 0.0014847
-10.4229 7.11534 0.00126205
-10.3254 7.14989 0.00131275
-10.2278 7.17908 0.00138063
-10.1303 7.20667 0.00134958
-10.0328 7.24078 0.00135995
-9.93528 7.25947 0.00138436
-9.83777 7.30344 0.0011636
-9.74025 7.32417 0.00138332
-9.64273 7.36222 0.00125501
-9.54521 7.39357 0.00122518
-9.4477 7.42212 0.00134223
-9.35018 7.46293 0.00139842
-9.25266 7.48947 0.0013108
-9.15514 7.52377 0.00127507
-9.05762 7.56351 0.00134186
-8.96011 7.59239 0.00132964
-8.86259 7.63428 0.00134477
-8.76507 7.67145 0.00149579
-8.66755 7.70385 0.00138415
-8.57004 7.74142 0.00136416
-8.47252 7.77946 0.00134339
-8.375 7.81462 0.00134939
-8.27748 7.8544 0.00138397
-8.17996 7.89374 0.00133019
-8.08245 7.93406 0.00148026
-7.98493 7.97668 0.00142546
-7.88741 8.01797 0.00139942
-7.78989 8.06354 0.00143831
-7.69238 8.1054 0.00135943
-7.59486 8.14886 0.00127406
-7.49734 8.19483 0.00128647
-7.39982 8.23935 0.00144217
-7.3023 8.28813 0.00147397
-7.20479 8.33755 0.00136635
-7.10727 8.386 0.00143339
-7.00975 8.43681 0.0015319
-6.91223 8.48789 0.00139014
-6.81472 8.54166 0.00135984
-6.7172 8.59517 0.00150444
-6.61968 8.65143 0.00155363
-6.52216 8.70732 0.00163601
-6.42465 8.76488 0.00137144
-6.32713 8.82381 0.00144813
-6.22961 8.8838 0.00148093
-6.13209 8.9436 0.00142317
-6.03457 9.00723 0.00143389
-5.93706 9.07254 0.00129576
-5.83954 9.13903 0.00144753
-5.74202 9.2047 0.00151131
-5.6445 9.27636 0.00132404
-5.54699 9.3496 0.00144649
-5.44947 9.42175 0.00139816
-5.35195 9.49767 0.00138905
-5.25443 9.57894 0.00142786
-5.15691 9.65583 0.0013801
-5.0594 9.73777 0.00155473
-4.96188 9.82237 0.00153685
-4.86436 9.91414 0.00137974
-4.76684 10.0058 0.00137362
-4.66933 10.0966 0.0015692
-4.57181 10.1949 0.00134158
-4.47429 10.2933 0.00144252
-4.37677 10.4004 0.0015824
-4.27926 10.5094 0.00154163
-4.18174 10.6219 0.00153235
-4.08422 10.7385 0.00166533
-3.9867 10.8623 0.00149112
-3.88918 10.9871 0.00161216
-3.79167 11.1194 0.00148245
-3.69415 11.2586 0.00161574
-3.59663 11.4016 0.00140955
-3.49911 11.5554 0.00154923
-3.4016 11.7154 0.00143726
-3.30408 11.8846 0.00151539
-3.20656 12.0603 0.00142828
-3.10904 12.2474 0.00148877
-3.01152 12.4434 0.00145412
-2.91401 12.6508 0.0016068
-2.81649 12.8724 0.00144449
-2.71897 13.1127 0.00152053
-2.62145 13.3671 0.00152096
-2.52394 13.6344 0.00143146
-2.42642 13.9315 0.0016316
-2.3289 14.2472 0.00155289
-2.23138 14.5899 0.00166818
-2.13387 14.9695 0.00150285
-2.03635 15.388 0.00168418
-1.93883 15.8455 0.00165975
-1.84131 16.357 0.00161885
-1.74379 16.9312 0.00159049
-1.64628 17.5872 0.00174088
-1.54876 18.3391 0.00173809
-1.45124 19.2145 0.00167079
-1.35372 20.254 0.00182269
-1.25621 21.5142 0.0019474
-1.15869 23.0936 0.0020854
-1.06117 25.1418 0.00230384
-0.963652 27.875 0.00298809
-0.866135 31.5022 0.0033095
-0.768617 36.1634 0.00419309
-0.671099 41.8089 0.00493187
-0.573582 48.2077 0.00617676
-0.476064 55.1258 0.00813961
-0.378546 62.6873 0.0107554
-0.281028 70.9635 0.0143235
-0.183511 81.6076 0.0247369
-0.0859929 91.5798 0.0458983
0.0115248 97.4648 0.0916425
0.109043 92.0723 0.23873
0.20656 67.7677 0.427228
0.304078 43.6992 0.381344
0.401596 40.1762 0.416543
0.499113 38.9802 0.388821
0.596631 38.8933 0.38661
0.694149 38.2863 0.360642
0.791667 39.3057 0.414787
0.889184 39.847 0.4433
0.986702 38.7736 0.397623
1.08422 39.2193 0.439353
1.18174 38.7009 0.413844
1.27926 39.4308 0.433302
1.37677 37.782 0.407998
1.47429 38.4757 0.456397
1.57181 38.5419 0.400885
1.66933 38.4415 0.414211
1.76684 37.8658 0.429863
1.86436 38.2054 0.40488
1.96188 38.2724 0.427602
2.0594 37.6382 0.415677
2.15691 37.7172 0.423752
2.25443 37.8525 0.390987
2.35195 37.5798 0.40359
2.44947 36.9655 0.357198
2.54699 37.4768 0.425294
2.6445 37.9261 0.40884
2.74202 37.5651 0.422323
2.83954 37.9031 0.442178
2.93706 37.9856 0.481875
3.03457 37.9023 0.484999
3.13209 38.1489 0.502255
3.22961 37.8883 0.483375
3.32713 37.4753 0.463524
3.42465 37.9054 0.542332
3.52216 36.7091 0.448697
3.61968 37.3563 0.498511
3.7172 37.509 0.457071
3.81472 36.8704 0.412019
3.91223 37.5492 0.443479
4.00975 37.5978 0.450448
4.10727 37.0158 0.508029
4.20479 37.003 0.459452
4.3023 37.4521 0.55343
4.39982 36.435 0.485401
4.49734 36.5722 0.469583
4.59486 37.0699 0.5198
4.69238 36.2174 0.45683
4.78989 37.3318 0.45206
4.88741 37.0151 0.551082
4.98493 36.8498 0.521461
5.08245 36.3166 0.489581
5.17996 36.2902 0.527931
5.27748 36.3031 0.465927
5.375 36.1839 0.46452
5.47252 37.0087 0.483114
5.57004 36.5916 0.524551
5.66755 36.4449 0.527862
5.76507 35.985 0.479446
5.86259 36.5594 0.52806
5.96011 36.7661 0.499317
6.05762 36.9638 0.52557
6.15514 35.7471 0.501132
6.25266 36.6894 0.52781
6.35018 36.0424 0.488814
6.4477 35.0643 0.45458
6.54521 36.4653 0.524691
6.64273 35.2024 0.496785
6.74025 35.7418 0.473938
6.83777 36.1725 0.56416
6.93528 36.038 0.530424
7.0328 36.3223 0.551429
7.13032 35.2009 0.550654
7.22784 37.6527 0.600356
7.32535 40.743 0.594227
7.42287 40.7773 0.637737
7.52039 41.0859 0.618368
7.61791 40.2871 0.5254
7.71543 39.7117 0.521181
7.81294 40.1274 0.578567
7.91046 40.8302 0.634564
8.00798 40.4475 0.558019
8.1055 40.5326 0.559534
8.20301 40.5893 0.574317
8.30053 40.5134 0.571235
8.39805 40.5296 0.620896
8.49557 41.1254 0.631316
8.59309 40.7531 0.599329
8.6906 40.435 0.606493
8.78812 40.1281 0.623698
8.88564 39.5465 0.560037
8.98316 40.0595 0.607319
9.08067 40.1962 0.570306
9.17819 40.2108 0.585432
9.27571 39.9612 0.601261
9.37323 39.5531 0.555356
9.47074 39.3979 0.527723
9.56826 40.4663 0.581979
9.66578 39.5964 0.598555
9.7633 39.6585 0.624938
9.86082 40.145 0.6185
9.95833 38.9712 0.543135
10.0559 39.6089 0.600213
10.1534 40.2122 0.662965
10.2509 40.0211 0.664882
10.3484 39.0918 0.593075
10.4459 38.7086 0.594042
10.5434 39.3202 0.619986
10.641 40.7549 0.669093
10.7385 38.9707 0.63846
10.836 39.8813 0.661371
10.9335 40.2551 0.675962
11.031 39.3498 0.68318
11.1285 39.2769 0.712301
11.2261 39.0316 0.696088
11.3236 38.9571 0.662536
11.4211 39.7832 0.756364
11.5186 38.8864 0.682726
11.6161 39.2234 0.678969
11.7137 39.4732 0.669469
11.8112 38.6793 0.654427
11.9087 38.765 0.696641
12.0062 38.8357 0.729377
12.1037 38.7819 0.732219
12.2012 38.2368 0.673748
