-15.2012 9.06596 0.0280378
-15.1037 9.16581 0.0296332
-15.0062 9.32944 0.0286266
-14.9087 9.45401 0.0303684
-14.8112 9.5846 0.0306268
-14.7137 9.64525 0.0295615
-14.6161 9.76374 0.0279905
-14.5186 9.81911 0.0287771
-14.4211 9.9544 0.029246
-14.3236 10.0703 0.0284371
-14.2261 10.1079 0.0281869
-14.1285 10.2254 0.0297591
-14.031 10.3215 0.0294537
-13.9335 10.3532 0.0316969
-13.836 10.387 0.0300763
-13.7385 10.5126 0.0299728
-13.641 10.5335 0.0303046
-13.5434 10.6151 0.0301565
-13.4459 10.6683 0.0306499
-13.3484 10.6983 0.029787
-13.2509 10.7775 0.0311318
-13.1534 10.8227 0.0298049
-13.0559 10.8069 0.0272977
-12.9583 10.9343 0.0286439
-12.8608 10.9767 0.0308387
-12.7633 11.0319 0.0281268
-12.6658 11.0992 0.0306988
-12.5683 11.1374 0.0283417
-12.4707 11.1443 0.0289614
-12.3732 11.2668 0.0319874
-12.2757 11.2398 0.0286073
-12.1782 11.3129 0.030234
-12.0807 11.4398 0.0291494
-11.9832 11.4263 0.0316555
-11.8856 11.4085 0.029499
-11.7881 11.524 0.0298373
-11.6906 11.5427 0.0306682
-11.5931 11.5972 0.028278
-11.4956 11.5947 0.0317979
-11.398 11.6681 0.032157
-11.3005 11.7252 0.0315256
-11.203 11.6958 0.0325208
-11.1055 11.7247 0.0311306
-11.008 11.8366 0.0272517
-10.9105 11.8093 0.0314525
-10.8129 11.8986 0.0310558
-10.7154 11.8982 0.0296691
-10.6179 11.9088 0.0316982
-10.5204 11.9349 0.0325657
-10.4229 11.9848 0.0314261
-10.3254 12.0488 0.02978
-10.2278 12.0825 0.0311301
-10.1303 12.1126 0.029432
-10.0328 12.1242 0.0315212
-9.93528 12.1121 0.0302152
-9.83777 12.1535 0.0296288
-9.74025 12.1984 0.0303954
-9.64273 12.2222 0.0290853
-9.54521 12.2652 0.0311851
-9.4477 12.3056 0.0282073
-9.35018 12.2961 0.03073
-9.25266 12.3708 0.0300696
-9.15514 12.321 0.030122
-9.05762 12.4328 0.0308144
-8.96011 12.4139 0.0290368
-8.86259 12.4705 0.0290259
-8.76507 12.5498 0.0303774
-8.66755 12.5893 0.0295055
-8.57004 12.56 0.0296403
-8.47252 12.5951 0.0289579
-8.375 12.599 0.0272085
-8.27748 12.6444 0.0298998
-8.17996 12.6592 0.0292835
-8.08245 12.6547 0.0314504
-7.98493 12.75 0.0320512
-7.88741 12.7442 0.0291197
-7.78989 12.8497 0.0301464
-7.69238 12.8394 0.0300169
-7.59486 12.857 0.0275448
-7.49734 12.8782 0.0294729
-7.39982 12.8997 0.0293749
-7.3023 12.9905 0.0310767
-7.20479 13.0314 0.0292831
-7.10727 13.0558 0.0303215
-7.00975 13.1054 0.0267369
-6.91223 13.1573 0.0282929
-6.81472 13.187 0.0264162
-6.7172 13.222 0.0280794
-6.61968 13.3159 0.0279249
-6.52216 13.3114 0.0302086
-6.42465 13.3862 0.0246096
-6.32713 13.4426 0.029584
-6.22961 13.495 0.0303264
-6.13209 13.4935 0.0280823
-6.03457 13.5666 0.0269681
-5.93706 13.6165 0.0277425
-5.83954 13.6658 0.0266422
-5.74202 13.6646 0.0284806
-5.6445 13.7638 0.0259336
-5.54699 13.8135 0.0267885
-5.44947 13.8576 0.0287994
-5.35195 13.9422 0.0255584
-5.25443 14.0162 0.026863
-5.15691 14.0789 0.0278187
-5.0594 14.0633 0.0270096
-4.96188 14.1075 0.0277293
-4.86436 14.2349 0.0270627
-4.76684 14.2776 0.0255556
-4.66933 14.2809 0.0272342
-4.57181 14.3895 0.0264858
-4.47429 14.4176 0.0283088
-4.37677 14.5158 0.0271377
-4.27926 14.6001 0.0266478
-4.18174 14.6857 0.0256071
-4.08422 14.7526 0.0258437
-3.9867 14.8841 0.0257198
-3.88918 14.9208 0.0265008
-3.79167 14.9902 0.0262449
-3.69415 15.1269 0.0256907
-3.59663 15.1899 0.025109
-3.49911 15.3133 0.0238955
-3.4016 15.4322 0.0228999
-3.30408 15.5371 0.0236445
-3.20656 15.7175 0.0243354
-3.10904 15.8284 0.0239624
-3.01152 15.9574 0.0247012
-2.91401 16.0996 0.0218579
-2.81649 16.2205 0.0212378
-2.71897 16.4531 0.0238761
-2.62145 16.6429 0.0213768
-2.52394 16.8027 0.0212419
-2.42642 17.0561 0.0206693
-2.3289 17.3519 0.022682
-2.23138 17.5753 0.0220301
-2.13387 17.94 0.0213594
-2.03635 18.3581 0.0233173
-1.93883 18.8524 0.0204452
-1.84131 19.4386 0.020914
-1.74379 20.0926 0.0211035
-1.64628 20.9621 0.0193781
-1.54876 22.063 0.0216714
-1.45124 23.4728 0.0207369
-1.35372 25.318 0.0193444
-1.25621 27.8511 0.0220494
-1.15869 31.6298 0.0220926
-1.06117 37.6924 0.0242535
-0.963652 47.9801 0.0275865
-0.866135 64.2519 0.034866
-0.768617 87.326 0.0371839
-0.671099 115.99 0.0416444
-0.573582 147.907 0.0464916
-0.476064 181.439 0.0592358
-0.378546 217.308 0.0641265
-0.281028 248.899 0.0753149
-0.183511 253.988 0.120944
-0.0859929 295.816 0.187409
0.0115248 327.018 0.340805
0.109043 338.047 0.714418
0.20656 292.617 1.34875
0.304078 191.817 2.13895
0.401596 154.336 2.20536
0.499113 142.112 2.01871
0.596631 140.397 1.93352
0.694149 139.083 2.24062
0.791667 143.548 2.2071
0.889184 141.638 2.21574
0.986702 144.331 2.05211
1.08422 141.683 2.07356
1.18174 139.103 2.33748
1.27926 145.193 2.17356
1.37677 135.857 2.23514
1.47429 138.98 2.1532
1.57181 141.862 2.15689
1.66933 139.372 2.19322
1.76684 132.955 2.0369
1.86436 136.582 2.28539
1.96188 141.44 2.10797
2.0594 138.693 2.22149
2.15691 134.426 2.2254
2.25443 140.684 2.29443
2.35195 137.855 2.37698
2.44947 135.61 2.30345
2.54699 137.109 2.17267
2.6445 134.767 2.3262
2.74202 140.912 2.61341
2.83954 137.442 2.20771
2.93706 135.178 2.3892
3.03457 139.597 2.34533
3.13209 138.103 2.42179
3.22961 138.444 2.57463
3.32713 133.64 2.33816
3.42465 133.332 2.59064
3.52216 133.33 2.57083
3.61968 131.3 2.36689
3.7172 132.602 2.50936
3.81472 136.702 2.59226
3.91223 133.549 2.36416
4.00975 134.658 2.48776
4.10727 131.649 2.4387
4.20479 137.375 2.48801
4.3023 130.858 2.54517
4.39982 134.134 2.70963
4.49734 129.571 2.58619
4.59486 134.179 2.52383
4.69238 132.306 2.56374
4.78989 136.929 2.62313
4.88741 131.715 2.33313
4.98493 132.561 2.68249
5.08245 132.94 2.63297
5.17996 128.32 2.49792
5.27748 131.9 2.58853
5.375 134.04 2.63699
5.47252 133.836 2.48079
5.57004 131.713 2.79499
5.66755 129.586 2.90743
5.76507 129.099 2.85613
5.86259 128.937 2.73493
5.96011 133.414 2.66164
6.05762 132.681 2.82566
6.15514 128.451 2.78954
6.25266 134.597 2.689
6.35018 134.72 2.955
6.4477 130.542 2.77357
6.54521 130.549 2.88405
6.64273 130.567 2.92395
6.74025 134.444 2.85448
6.83777 128.907 2.87152
6.93528 129.114 2.8185
7.0328 132.677 2.98619
7.13032 128.433 3.06468
7.22784 130.365 2.70468
7.32535 127.343 2.86181
7.42287 130.026 2.80751
7.52039 129.584 2.91321
7.61791 127.933 2.8947
7.71543 123.92 2.42078
7.81294 124.405 2.6669
7.91046 127.011 2.76463
8.00798 130.466 2.9343
8.1055 129.569 2.75477
8.20301 130.011 2.89898
8.30053 120.242 2.96455
8.39805 129.316 3.01222
8.49557 129.282 2.87099
8.59309 130.127 2.82081
8.6906 125.061 2.83161
8.78812 124.627 2.8244
8.88564 126.336 3.08249
8.98316 125.972 2.85595
9.08067 126.457 2.91749
9.17819 127.526 2.879
9.27571 125.818 3.10475
9.37323 127.251 3.0236
9.47074 123.276 2.88836
9.56826 128.114 2.86696
9.66578 128.656 3.00541
9.7633 123.628 3.02081
9.86082 129.264 3.3225
9.95833 122.194 3.18628
10.0559 125.429 2.90015
10.1534 126.263 3.08389
10.2509 127.221 3.06495
10.3484 121.597 2.90161
10.4459 124.568 3.50978
10.5434 120.836 3.07901
10.641 127.473 3.23691
10.7385 123.402 2.99296
10.836 123.257 2.85173
10.9335 131.928 2.92803
11.031 124.428 3.07077
11.1285 120.961 3.29998
11.2261 123.517 3.24707
11.3236 124.233 3.25889
11.4211 126.513 3.57097
11.5186 118.792 3.52899
11.6161 123.085 3.20038
11.7137 124.824 3.36932
11.8112 118.059 3.36991
11.9087 122.06 3.50385
12.0062 117.801 3.37833
12.1037 123.576 3.49786
12.2012 120.448 3.39203
