-15.2012 0.0124241 2.79747e-06
-15.1037 0.0124314 2.79419e-06
-15.0062 0.0124386 2.78818e-06
-14.9087 0.0124451 2.70703e-06
-14.8112 0.0124499 2.82047e-06
-14.7137 0.0124549 2.74472e-06
-14.6161 0.0124593 2.67715e-06
-14.5186 0.0124613 2.60377e-06
-14.4211 0.0124625 2.69997e-06
-14.3236 0.0124652 2.7239e-06
-14.2261 0.012465 2.68337e-06
-14.1285 0.0124662 2.61283e-06
-14.031 0.0124655 2.63439e-06
-13.9335 0.0124641 2.71225e-06
-13.836 0.0124622 2.6119e-06
-13.7385 0.0124589 2.67659e-06
-13.641 0.0124567 2.75232e-06
-13.5434 0.0124542 2.79182e-06
-13.4459 0.0124512 2.77831e-06
-13.3484 0.0124466 2.76562e-06
-13.2509 0.0124422 2.67282e-06
-13.1534 0.0124356 2.62823e-06
-13.0559 0.0124299 2.69298e-06
-12.9583 0.012426 2.68276e-06
-12.8608 0.0124207 2.569e-06
-12.7633 0.0124135 2.61282e-06
-12.6658 0.0124067 2.61755e-06
-12.5683 0.0124011 2.73045e-06
-12.4707 0.0123921 2.74652e-06
-12.3732 0.0123844 2.68803e-06
-12.2757 0.0123747 2.67141e-06
-12.1782 0.0123658 2.60348e-06
-12.0807 0.0123574 2.78105e-06
-11.9832 0.0123473 2.7157e-06
-11.8856 0.012337 2.68466e-06
-11.7881 0.0123282 2.70388e-06
-11.6906 0.0123173 2.70657e-06
-11.5931 0.0123067 2.65461e-06
-11.4956 0.0122965 2.66261e-06
-11.398 0.012283 2.62715e-06
-11.3005 0.0122728 2.65069e-06
-11.203 0.0122596 2.54883e-06
-11.1055 0.0122485 2.6139e-06
-11.008 0.0122346 2.5634e-06
-10.9105 0.0122198 2.64212e-06
-10.8129 0.0122087 2.71978e-06
-10.7154 0.0121938 2.65218e-06
-10.6179 0.0121797 2.63085e-06
-10.5204 0.0121672 2.59944e-06
-10.4229 0.0121521 2.54774e-06
-10.3254 0.0121367 2.50041e-06
-10.2278 0.0121221 2.61307e-06
-10.1303 0.0121078 2.53931e-06
-10.0328 0.0120927 2.61018e-06
-9.93528 0.0120771 2.5776e-06
-9.83777 0.0120606 2.49041e-06
-9.74025 0.0120439 2.51294e-06
-9.64273 0.0120298 2.5446e-06
-9.54521 0.0120122 2.49322e-06
-9.4477 0.0119961 2.56277e-06
-9.35018 0.011979 2.55531e-06
-9.25266 0.0119615 2.53069e-06
-9.15514 0.0119457 2.53088e-06
-9.05762 0.0119285 2.50611e-06
-8.96011 0.0119103 2.57427e-06
-8.86259 0.0118929 2.49245e-06
-8.76507 0.0118745 2.4509e-06
-8.66755 0.0118559 2.46463e-06
-8.57004 0.0118379 2.47178e-06
-8.47252 0.0118189 2.50096e-06
-8.375 0.0117998 2.44116e-06
-8.27748 0.0117806 2.46443e-06
-8.17996 0.0117613 2.47647e-06
-8.08245 0.011742 2.48929e-06
-7.98493 0.0117225 2.40083e-06
-7.88741 0.0117036 2.44735e-06
-7.78989 0.011684 2.43952e-06
-7.69238 0.0116634 2.43082e-06
-7.59486 0.0116428 2.42642e-06
-7.49734 0.0116231 2.49131e-06
-7.39982 0.0116029 2.50156e-06
-7.3023 0.0115823 2.55945e-06
-7.20479 0.011561 2.56487e-06
-7.10727 0.0115399 2.49475e-06
-7.00975 0.0115179 2.42543e-06
-6.91223 0.011497 2.46801e-06
-6.81472 0.0114776 2.35602e-06
-6.7172 0.0114577 2.39187e-06
-6.61968 0.0114355 2.36101e-06
-6.52216 0.0114133 2.4658e-06
-6.42465 0.0113916 2.34168e-06
-6.32713 0.0113692 2.30746e-06
-6.22961 0.0113465 2.3629e-06
-6.13209 0.011325 2.34025e-06
-6.03457 0.0113035 2.43555e-06
-5.93706 0.0112799 2.34851e-06
-5.83954 0.0112575 2.29046e-06
-5.74202 0.0112337 2.32233e-06
-5.6445 0.0112106 2.3386e-06
-5.54699 0.0111861 2.32251e-06
-5.44947 0.0111624 2.32109e-06
-5.35195 0.011139 2.3428e-06
-5.25443 0.0111139 2.36152e-06
-5.15691 0.0110897 2.38556e-06
-5.0594 0.0110655 2.34341e-06
-4.96188 0.0110414 2.29926e-06
-4.86436 0.0110171 2.24782e-06
-4.76684 0.0109918 2.24201e-06
-4.66933 0.0109643 2.25377e-06
-4.57181 0.0109389 2.34654e-06
-4.47429 0.010913 2.37079e-06
-4.37677 0.0108868 2.45347e-06
-4.27926 0.0108616 2.41158e-06
-4.18174 0.0108353 2.38612e-06
-4.08422 0.0108079 2.37955e-06
-3.9867 0.0107811 2.32375e-06
-3.88918 0.0107549 2.37754e-06
-3.79167 0.010727 2.35196e-06
-3.69415 0.0106999 2.36583e-06
-3.59663 0.0106722 2.34725e-06
-3.49911 0.010643 2.35736e-06
-3.4016 0.0106162 2.35784e-06
-3.30408 0.0105874 2.30898e-06
-3.20656 0.0105589 2.30709e-06
-3.10904 0.010531 2.228e-06
-3.01152 0.010502 2.25189e-06
-2.91401 0.0104714 2.28433e-06
-2.81649 0.0104403 2.2517e-06
-2.71897 0.0104098 2.19072e-06
-2.62145 0.010379 2.20574e-06
-2.52394 0.0103472 2.24674e-06
-2.42642 0.0103153 2.3207e-06
-2.3289 0.0102819 2.29377e-06
-2.23138 0.0102501 2.3859e-06
-2.13387 0.0102154 2.34083e-06
-2.03635 0.010181 2.26158e-06
-1.93883 0.0101437 2.34853e-06
-1.84131 0.0101073 2.38026e-06
-1.74379 0.0100677 2.33451e-06
-1.64628 0.0100261 2.31871e-06
-1.54876 0.00998111 2.42753e-06
-1.45124 0.00993196 2.37575e-06
-1.35372 0.00987466 2.48569e-06
-1.25621 0.00980631 2.39469e-06
-1.15869 0.0097218 2.38898e-06
-1.06117 0.00960641 2.37891e-06
-0.963652 0.00942809 2.35705e-06
-0.866135 0.0091266 2.3326e-06
-0.768617 0.00860729 2.26039e-06
-0.671099 0.00777329 2.02984e-06
-0.573582 0.00658959 1.84633e-06
-0.476064 0.00516328 1.61914e-06
-0.378546 0.00375557 1.32842e-06
-0.281028 0.00257644 1.2301e-06
-0.183511 0.00151544 1.03059e-06
-0.0859929 0.00111786 9.22083e-07
0.0115248 0.000931717 9.07511e-07
0.109043 0.000865036 8.72838e-07
0.20656 0.000841983 9.37012e-07
0.304078 0.000829152 8.88471e-07
0.401596 0.000819246 8.74566e-07
0.499113 0.000809644 9.14127e-07
0.596631 0.000800049 9.25464e-07
0.694149 0.000791402 8.99373e-07
0.791667 0.000783034 9.31397e-07
0.889184 0.000773764 8.94533e-07
0.986702 0.000764392 8.6366e-07
1.08422 0.000754749 8.92598e-07
1.18174 0.000746554 8.05317e-07
1.27926 0.000738779 8.11296e-07
1.37677 0.000730334 8.08579e-07
1.47429 0.000722473 8.44109e-07
1.57181 0.00071472 8.67127e-07
1.66933 0.000706683 8.24927e-07
1.76684 0.000699325 8.37232e-07
1.86436 0.000692088 8.2174e-07
1.96188 0.000684083 8.54015e-07
2.0594 0.000676774 7.73182e-07
2.15691 0.000668962 7.67685e-07
2.25443 0.000661534 7.97312e-07
2.35195 0.000654837 8.01718e-07
2.44947 0.000647465 7.85385e-07
2.54699 0.000638908 7.57493e-07
2.6445 0.000632393 7.92593e-07
2.74202 0.000625 7.84425e-07
2.83954 0.0006192 8.21006e-07
2.93706 0.000612665 8.33991e-07
3.03457 0.000605662 8.00532e-07
3.13209 0.000599524 7.80782e-07
3.22961 0.000592936 7.4713e-07
3.32713 0.000585567 7.87068e-07
3.42465 0.000579828 7.56093e-07
3.52216 0.000574501 7.95583e-07
3.61968 0.000567896 7.52563e-07
3.7172 0.000562135 7.52888e-07
3.81472 0.000555266 7.23787e-07
3.91223 0.000549654 8.11231e-07
4.00975 0.000544164 8.07603e-07
4.10727 0.00053888 7.95198e-07
4.20479 0.000533287 7.57954e-07
4.3023 0.000526649 7.21099e-07
4.39982 0.000522115 7.50183e-07
4.49734 0.000515215 7.78601e-07
4.59486 0.000509109 7.49077e-07
4.69238 0.000503886 7.3307e-07
4.78989 0.000499496 7.5165e-07
4.88741 0.000494894 7.26128e-07
4.98493 0.000489057 7.24591e-07
5.08245 0.000484554 7.45152e-07
5.17996 0.00047833 6.78581e-07
5.27748 0.000473238 6.81836e-07
5.375 0.000469033 6.44458e-07
5.47252 0.000463527 6.50695e-07
5.57004 0.00045845 6.34535e-07
5.66755 0.000453782 6.31505e-07
5.76507 0.000448997 6.52588e-07
5.86259 0.00044455 5.97011e-07
5.96011 0.00043938 6.48721e-07
6.05762 0.000434513 6.09837e-07
6.15514 0.00043002 6.49686e-07
6.25266 0.000425259 6.58721e-07
6.35018 0.00042122 6.42513e-07
6.4477 0.000416503 5.81031e-07
6.54521 0.000412188 6.04696e-07
6.64273 0.000407325 6.17589e-07
6.74025 0.000403372 5.95981e-07
6.83777 0.000399086 6.30995e-07
6.93528 0.000394393 6.16316e-07
7.0328 0.000390056 6.03161e-07
7.13032 0.000386563 6.10364e-07
7.22784 0.000382228 5.7945e-07
7.32535 0.000377639 5.85781e-07
7.42287 0.000373648 6.47968e-07
7.52039 0.000369264 6.34703e-07
7.61791 0.000364974 6.26156e-07
7.71543 0.000361502 5.99095e-07
7.81294 0.000357651 6.15916e-07
7.91046 0.000353579 6.05865e-07
8.00798 0.000349752 5.81932e-07
8.1055 0.000345607 5.6283e-07
8.20301 0.000341725 5.94882e-07
8.30053 0.000337205 6.04747e-07
8.39805 0.000333497 5.96183e-07
8.49557 0.00032994 5.89373e-07
8.59309 0.000325929 6.07383e-07
8.6906 0.000321245 5.88107e-07
8.78812 0.000317599 5.64321e-07
8.88564 0.000313572 5.68435e-07
8.98316 0.000309693 5.66172e-07
9.08067 0.000305843 5.31507e-07
9.17819 0.000301613 5.39127e-07
9.27571 0.000297467 5.20917e-07
9.37323 0.000293798 5.72279e-07
9.47074 0.000290346 5.42004e-07
9.56826 0.00028681 5.24328e-07
9.66578 0.00028296 5.22296e-07
9.7633 0.000278867 5.49735e-07
9.86082 0.000275876 5.31685e-07
9.95833 0.000271912 5.18617e-07
10.0559 0.000268176 5.03418e-07
10.1534 0.000263985 4.91253e-07
10.2509 0.000259837 4.9216e-07
10.3484 0.000255544 5.0569e-07
10.4459 0.000251732 5.02988e-07
10.5434 0.000248288 5.11213e-07
10.641 0.000244881 4.70998e-07
10.7385 0.000240966 4.64966e-07
10.836 0.000237398 4.63933e-07
10.9335 0.000233405 4.6502e-07
11.031 0.000229832 4.17631e-07
11.1285 0.00022583 4.24198e-07
11.2261 0.000222803 4.24404e-07
11.3236 0.000218664 4.08149e-07
11.4211 0.000215357 3.99543e-07
11.5186 0.000211458 4.16215e-07
11.6161 0.000207504 4.23048e-07
11.7137 0.000203706 4.03568e-07
11.8112 0.000199365 3.97892e-07
11.9087 0.000195436 3.82672e-07
12.0062 0.000191098 3.89151e-07
12.1037 0.000186544 3.68723e-07
12.2012 0.000181579 3.57716e-07
