-15.2012 126.304 1.65541
-15.1037 126.966 1.91533
-15.0062 126.484 1.77683
-14.9087 127.088 1.62101
-14.8112 127.404 1.81835
-14.7137 128.033 1.96762
-14.6161 125.626 1.80988
-14.5186 123.565 1.9253
-14.4211 126.232 2.03558
-14.3236 126.026 1.90348
-14.2261 123.368 1.70816
-14.1285 126.784 2.3189
-14.031 123.591 1.8689
-13.9335 125.306 1.80038
-13.836 127.333 2.08419
-13.7385 127.451 1.91535
-13.641 126.296 1.78401
-13.5434 125.032 1.97505
-13.4459 130.597 1.85886
-13.3484 126.712 1.77274
-13.2509 127.122 1.83612
-13.1534 127.197 1.66614
-13.0559 124.602 1.87208
-12.9583 126.459 1.72889
-12.8608 124.467 1.75666
-12.7633 129.237 1.90337
-12.6658 127.054 1.80456
-12.5683 126.013 1.95078
-12.4707 123.834 1.81139
-12.3732 125.967 1.96576
-12.2757 125.976 1.74292
-12.1782 126.335 1.77748
-12.0807 128.254 1.86632
-11.9832 127.835 2.13283
-11.8856 125.226 1.65566
-11.7881 126.13 1.67206
-11.6906 126.239 1.89934
-11.5931 126.825 1.85275
-11.4956 128.249 1.97462
-11.398 128.343 1.96505
-11.3005 126.596 1.51472
-11.203 126.675 1.70469
-11.1055 125.75 2.00352
-11.008 124.274 1.84086
-10.9105 126.413 1.70199
-10.8129 124.852 1.67375
-10.7154 127.389 1.64143
-10.6179 127.791 1.90554
-10.5204 125.867 1.7637
-10.4229 126.2 1.64796
-10.3254 130.626 1.87175
-10.2278 127.137 1.61583
-10.1303 125.917 1.94302
-10.0328 128.265 1.71077
-9.93528 127.545 1.81122
-9.83777 125.144 1.76156
-9.74025 126.355 1.52513
-9.64273 128.134 1.82001
-9.54521 125.82 1.84384
-9.4477 127.365 1.85823
-9.35018 126.505 1.92829
-9.25266 128.581 1.7821
-9.15514 124.874 1.7994
-9.05762 126.113 1.50993
-8.96011 125.664 1.72315
-8.86259 128.604 1.52437
-8.76507 129.179 1.58826
-8.66755 128.28 1.60272
-8.57004 128.261 1.61619
-8.47252 124.827 1.51869
-8.375 124.394 1.76128
-8.27748 124.786 1.80611
-8.17996 126.973 1.74313
-8.08245 126.059 1.62993
-7.98493 124.112 1.79779
-7.88741 126.928 1.73956
-7.78989 127.154 1.67009
-7.69238 126.624 1.68015
-7.59486 125.968 1.62221
-7.49734 126.904 1.43471
-7.39982 126.056 1.69034
-7.3023 126.249 1.67057
-7.20479 127.931 1.47632
-7.10727 128.015 1.71849
-7.00975 127.36 1.71883
-6.91223 126.149 1.43547
-6.81472 126.725 1.64441
-6.7172 126.302 1.5462
-6.61968 126.398 1.77599
-6.52216 127.687 1.69906
-6.42465 127.468 1.58222
-6.32713 122.905 1.50207
-6.22961 126.674 1.66782
-6.13209 125.104 1.36014
-6.03457 123.842 1.33662
-5.93706 125.922 1.68871
-5.83954 126.797 1.33274
-5.74202 126.517 1.57283
-5.6445 128.495 1.44643
-5.54699 128.419 1.5544
-5.44947 127.431 1.51968
-5.35195 124.314 1.69761
-5.25443 129.136 1.48243
-5.15691 125.001 1.50973
-5.0594 128.379 1.50837
-4.96188 126.854 1.59916
-4.86436 126.23 1.44077
-4.76684 128.678 1.67508
-4.66933 125.124 1.43848
-4.57181 126.771 1.27872
-4.47429 124.935 1.47153
-4.37677 129.084 1.61021
-4.27926 129.742 1.60604
-4.18174 129.268 1.43021
-4.08422 127.47 1.46016
-3.9867 129.466 1.56198
-3.88918 129.426 1.53189
-3.79167 128.407 1.63674
-3.69415 129.316 1.4288
-3.59663 127.644 1.40137
-3.49911 129.554 1.43932
-3.4016 131.051 1.20313
-3.30408 130.013 1.45514
-3.20656 127.985 1.47896
-3.10904 128.164 1.52513
-3.01152 127.744 1.44589
-2.91401 126.831 1.29897
-2.81649 127.347 1.48387
-2.71897 129.059 1.40915
-2.62145 127.11 1.24533
-2.52394 126.258 1.31455
-2.42642 129.634 1.29653
-2.3289 129.267 1.27295
-2.23138 127.773 1.34065
-2.13387 127.607 1.18752
-2.03635 128.471 1.37442
-1.93883 126.3 1.22743
-1.84131 126.94 1.38203
-1.74379 126.654 1.09797
-1.64628 123.86 1.09298
-1.54876 123.746 1.08159
-1.45124 122.629 0.981649
-1.35372 122.373 1.12218
-1.25621 121.591 1.00752
-1.15869 121.17 0.947087
-1.06117 119.439 0.921464
-0.963652 118.691 0.759167
-0.866135 124.131 0.728227
-0.768617 137.178 0.582988
-0.671099 157.575 0.514849
-0.573582 182.197 0.541564
-0.476064 211.43 0.520314
-0.378546 243.415 0.50557
-0.281028 272.314 0.635471
-0.183511 281.849 0.876996
-0.0859929 338.66 1.93719
0.0115248 447.833 6.47141
0.109043 744.771 20.0997
0.20656 1878.81 83.8825
0.304078 2901.54 131.634
0.401596 3113.14 157.172
0.499113 3224.95 157.393
0.596631 3038.67 150.313
0.694149 3299.37 143.161
0.791667 3304.75 164.553
0.889184 3202.41 155.127
0.986702 3150.7 150.365
1.08422 3186.76 187.253
1.18174 3048.1 147.653
1.27926 3071.74 149.055
1.37677 3221.74 161.514
1.47429 3206.22 176.713
1.57181 3193.73 166.482
1.66933 3027.04 166.843
1.76684 3057.2 141.637
1.86436 3239.16 146.274
1.96188 3103.46 142.331
2.0594 3102.42 171.718
2.15691 3064.48 169.919
2.25443 3138.74 155.973
2.35195 3161.75 227.991
2.44947 3441.8 194.493
2.54699 3129.61 166.286
2.6445 2981.55 176.974
2.74202 2875.87 169.947
2.83954 3119.36 178.053
2.93706 3048.53 146.963
3.03457 2979.09 162.852
3.13209 3321.05 207.672
3.22961 3424.26 193.378
3.32713 3202.07 201.396
3.42465 2966.04 172.33
3.52216 2960.21 168.385
3.61968 3024 190.377
3.7172 3158.95 187.277
3.81472 3384.47 209.526
3.91223 2878.61 197.313
4.00975 3133.5 166.819
4.10727 2988.7 175.169
4.20479 3346.86 211.223
4.3023 2914.14 181.747
4.39982 3316.7 233.161
4.49734 3302.29 208.802
4.59486 2763.88 158.618
4.69238 3104.13 175.778
4.78989 2918 161.155
4.88741 3049.07 210.934
4.98493 3212.18 240.71
5.08245 3261.2 229.902
5.17996 2706.4 167.071
5.27748 2847.14 189.007
5.375 3283.34 235.508
5.47252 2833.37 179
5.57004 3000.47 184.944
5.66755 2874.87 195.533
5.76507 2881.11 234.105
5.86259 2978.02 200.632
5.96011 2975.27 228.658
6.05762 2933.64 195.347
6.15514 2902.18 191.929
6.25266 2856.88 192.293
6.35018 2874.86 212.717
6.4477 3122.47 254.324
6.54521 2762.37 207.946
6.64273 2895.53 220.295
6.74025 3004.81 255.621
6.83777 2847.36 214.092
6.93528 2723.6 226.414
7.0328 3128.91 203.159
7.13032 2799.78 199.022
7.22784 2706.6 217.469
7.32535 3049.87 204.351
7.42287 3349.93 267.209
7.52039 3101.37 204.465
7.61791 3125.27 215.281
7.71543 3092.45 216.309
7.81294 2780.24 198.061
7.91046 2889.03 208.059
8.00798 2838.06 232.501
8.1055 2937.36 195.654
8.20301 2860.12 210.085
8.30053 3207.59 184.475
8.39805 2641.87 185.534
8.49557 2982.4 261.488
8.59309 2750.37 191.623
8.6906 2722.94 221.945
8.78812 3085.36 212.786
8.88564 2772.34 184.71
8.98316 2792.57 205.457
9.08067 2900.69 225.868
9.17819 2878.78 244.743
9.27571 2981.58 227.236
9.37323 3062.1 227.26
9.47074 2598.27 210.83
9.56826 3015.45 242.332
9.66578 3087.41 231.586
9.7633 3030.4 248.15
9.86082 2813.46 222.857
9.95833 3376.2 258.614
10.0559 3048.84 230.967
10.1534 2640.83 218.873
10.2509 2629.14 198.358
10.3484 2635.73 229.276
10.4459 2877.27 211.379
10.5434 2605.28 206.284
10.641 3294.69 248.343
10.7385 3092.94 219.952
10.836 2958.77 248.295
10.9335 2652.3 231.465
11.031 3059.33 252.787
11.1285 3069.49 292.576
11.2261 2588.37 251.485
11.3236 2891.03 254.462
11.4211 2828.91 278.55
11.5186 2576.29 241.332
11.6161 2418.63 237.12
11.7137 2788.8 192.933
11.8112 3222.44 318.777
11.9087 2923.4 275.577
12.0062 3108.26 295.238
12.1037 2484.15 235.778
12.2012 2953.01 324.101
