-15.2012 8.36129 0.0139846
-15.1037 8.44194 0.0148251
-15.0062 8.54379 0.0145039
-14.9087 8.61976 0.0145424
-14.8112 8.70809 0.0152541
-14.7137 8.74781 0.0144477
-14.6161 8.83587 0.0137329
-14.5186 8.8792 0.0141988
-14.4211 8.95572 0.0140231
-14.3236 9.04416 0.0140395
-14.2261 9.06895 0.0142412
-14.1285 9.1477 0.0142415
-14.031 9.20902 0.0149197
-13.9335 9.23535 0.0152002
-13.836 9.28159 0.0144222
-13.7385 9.35051 0.0148871
-13.641 9.38391 0.0144643
-13.5434 9.42898 0.0153318
-13.4459 9.47411 0.0150898
-13.3484 9.51369 0.0150719
-13.2509 9.56038 0.0156637
-13.1534 9.60244 0.0149651
-13.0559 9.60635 0.0133548
-12.9583 9.69427 0.0140031
-12.8608 9.71644 0.0154355
-12.7633 9.76254 0.0138184
-12.6658 9.8093 0.0151196
-12.5683 9.84702 0.0138392
-12.4707 9.86246 0.0143351
-12.3732 9.93215 0.0154046
-12.2757 9.94913 0.0141609
-12.1782 9.99276 0.0143109
-12.0807 10.0667 0.0143982
-11.9832 10.0783 0.0155111
-11.8856 10.0907 0.0146115
-11.7881 10.1439 0.0147793
-11.6906 10.19 0.0150113
-11.5931 10.2234 0.0142009
-11.4956 10.2423 0.015584
-11.398 10.2767 0.0159643
-11.3005 10.3285 0.0159586
-11.203 10.3278 0.0157394
-11.1055 10.3689 0.0152108
-11.008 10.4235 0.0136079
-10.9105 10.4341 0.0154557
-10.8129 10.4806 0.0153065
-10.7154 10.5141 0.0144826
-10.6179 10.5326 0.0150868
-10.5204 10.5652 0.0156496
-10.4229 10.5982 0.0151916
-10.3254 10.6518 0.0145053
-10.2278 10.678 0.015635
-10.1303 10.7145 0.0143878
-10.0328 10.7341 0.0156059
-9.93528 10.7434 0.0143956
-9.83777 10.7869 0.0145146
-9.74025 10.8216 0.0148782
-9.64273 10.8529 0.0139297
-9.54521 10.8887 0.0150928
-9.4477 10.9282 0.0139147
-9.35018 10.9512 0.0155576
-9.25266 10.9955 0.0141608
-9.15514 10.9925 0.0150085
-9.05762 11.064 0.0143901
-8.96011 11.0762 0.0140328
-8.86259 11.1306 0.0138739
-8.76507 11.1859 0.0150829
-8.66755 11.2229 0.014648
-8.57004 11.2344 0.0148715
-8.47252 11.2703 0.0139006
-8.375 11.2883 0.0130312
-8.27748 11.3292 0.0146865
-8.17996 11.3648 0.0144466
-8.08245 11.3814 0.015327
-7.98493 11.449 0.0154371
-7.88741 11.4665 0.0138589
-7.78989 11.5442 0.0148021
-7.69238 11.5572 0.0143216
-7.59486 11.5961 0.0133412
-7.49734 11.6282 0.0137897
-7.39982 11.6606 0.0140483
-7.3023 11.7299 0.0148432
-7.20479 11.7797 0.0137328
-7.10727 11.821 0.0148806
-7.00975 11.8709 0.013429
-6.91223 11.9144 0.0140213
-6.81472 11.9639 0.0128522
-6.7172 12.0115 0.0134879
-6.61968 12.081 0.0137783
-6.52216 12.1116 0.0149808
-6.42465 12.1698 0.0121044
-6.32713 12.2352 0.0138729
-6.22961 12.2886 0.014235
-6.13209 12.315 0.0133927
-6.03457 12.3904 0.0130399
-5.93706 12.4502 0.012923
-5.83954 12.5041 0.0132299
-5.74202 12.5443 0.0134879
-5.6445 12.6315 0.0122456
-5.54699 12.6903 0.012384
-5.44947 12.7552 0.0135159
-5.35195 12.8368 0.0121961
-5.25443 12.9086 0.012892
-5.15691 12.9712 0.0133993
-5.0594 13.0129 0.0131988
-4.96188 13.0828 0.0134015
-4.86436 13.1796 0.0131119
-4.76684 13.2556 0.0123786
-4.66933 13.3045 0.0134132
-4.57181 13.4053 0.0128592
-4.47429 13.4755 0.013243
-4.37677 13.5781 0.0136593
-4.27926 13.674 0.0126888
-4.18174 13.7711 0.0120806
-4.08422 13.8653 0.0125495
-3.9867 13.9908 0.0122935
-3.88918 14.0673 0.0121029
-3.79167 14.181 0.0121813
-3.69415 14.308 0.0123148
-3.59663 14.4127 0.0119212
-3.49911 14.5546 0.0118429
-3.4016 14.6865 0.0111341
-3.30408 14.8293 0.0110639
-3.20656 15.009 0.0112745
-3.10904 15.1542 0.0111714
-3.01152 15.3156 0.0116812
-2.91401 15.4921 0.0103816
-2.81649 15.6698 0.0101062
-2.71897 15.8998 0.0112806
-2.62145 16.1238 0.0101552
-2.52394 16.3434 0.00968072
-2.42642 16.6198 0.00963758
-2.3289 16.9168 0.0104818
-2.23138 17.2076 0.0103453
-2.13387 17.5822 0.00984668
-2.03635 17.9963 0.010393
-1.93883 18.4672 0.00964519
-1.84131 19.0177 0.00947849
-1.74379 19.6268 0.0095864
-1.64628 20.3819 0.00900453
-1.54876 21.2924 0.00965819
-1.45124 22.4084 0.00932686
-1.35372 23.8046 0.00916995
-1.25621 25.6187 0.0100866
-1.15869 28.1524 0.00998511
-1.06117 31.8729 0.0111474
-0.963652 37.6136 0.011889
-0.866135 45.9923 0.0151128
-0.768617 57.0993 0.0158801
-0.671099 70.1784 0.0173473
-0.573582 84.1092 0.0185171
-0.476064 98.1595 0.0232361
-0.378546 112.625 0.024745
-0.281028 127.032 0.0285554
-0.183511 146.041 0.0512893
-0.0859929 164.089 0.0799237
0.0115248 177.011 0.144851
0.109043 180.568 0.298904
0.20656 157.194 0.58468
0.304078 96.1742 0.81608
0.401596 81.1393 0.913033
0.499113 75.8551 0.864609
0.596631 76.0369 0.791629
0.694149 75.2012 0.928503
0.791667 76.5114 0.896597
0.889184 76.1535 0.894909
0.986702 77.1415 0.86606
1.08422 76.0122 0.862015
1.18174 74.7508 0.928013
1.27926 77.0738 0.895534
1.37677 73.1085 0.90676
1.47429 74.8974 0.895531
1.57181 76.091 0.912999
1.66933 75.0387 0.892531
1.76684 72.3804 0.829409
1.86436 73.87 0.964533
1.96188 75.651 0.876437
2.0594 74.6454 0.928341
2.15691 72.8872 0.929974
2.25443 75.1044 0.929567
2.35195 74.3223 0.965056
2.44947 73.244 0.929034
2.54699 74.0415 0.912412
2.6445 73.4206 0.953375
2.74202 75.2173 1.07216
2.83954 74.2188 0.938101
2.93706 72.9272 0.927712
3.03457 75.016 0.959457
3.13209 74.0271 1.02144
3.22961 74.5255 1.08129
3.32713 72.7348 0.994135
3.42465 71.823 1.06636
3.52216 72.4682 1.07134
3.61968 71.5706 0.99569
3.7172 72.1596 1.04916
3.81472 72.7616 1.10034
3.91223 72.78 0.948235
4.00975 73.1797 1.00061
4.10727 71.7069 1.05016
4.20479 73.6078 1.01155
4.3023 71.4351 1.04765
4.39982 72.3533 1.11139
4.49734 70.2103 1.05525
4.59486 72.552 1.04718
4.69238 72.3643 1.05069
4.78989 73.7863 1.06683
4.88741 70.9943 1.04846
4.98493 71.3421 1.12415
5.08245 72.193 1.1134
5.17996 69.9659 1.04338
5.27748 71.4743 1.05874
5.375 72.775 1.07888
5.47252 72.5036 1.00159
5.57004 71.398 1.18368
5.66755 70.5248 1.21027
5.76507 70.4006 1.17083
5.86259 70.0716 1.13576
5.96011 71.5987 1.12987
6.05762 72.0846 1.14808
6.15514 70.222 1.14961
6.25266 73.1685 1.09342
6.35018 72.9196 1.20988
6.4477 70.8494 1.12764
6.54521 70.6615 1.20135
6.64273 70.9716 1.19729
6.74025 72.3777 1.17648
6.83777 69.9906 1.2104
6.93528 70.1464 1.16224
7.0328 71.4139 1.21209
7.13032 69.876 1.28573
7.22784 74.1081 1.20637
7.32535 79.6425 1.38351
7.42287 80.9319 1.34101
7.52039 80.4445 1.3611
7.61791 79.8555 1.39302
7.71543 77.9349 1.22418
7.81294 78.5481 1.27024
7.91046 80.3183 1.37425
8.00798 81.6107 1.41826
8.1055 80.7638 1.31828
8.20301 80.7454 1.42104
8.30053 76.6457 1.41527
8.39805 80.6465 1.47157
8.49557 80.9015 1.38323
8.59309 80.7712 1.33222
8.6906 78.4003 1.38555
8.78812 78.169 1.43528
8.88564 79.5765 1.44937
8.98316 79.0642 1.41058
9.08067 79.922 1.37974
9.17819 79.7997 1.4114
9.27571 79.648 1.46902
9.37323 79.415 1.46666
9.47074 77.9657 1.37445
9.56826 79.7641 1.41918
9.66578 79.9797 1.40634
9.7633 78.3437 1.44613
9.86082 80.7197 1.6067
9.95833 76.9695 1.47791
10.0559 78.228 1.37835
10.1534 79.1621 1.45873
10.2509 79.7855 1.49778
10.3484 77.8464 1.40875
10.4459 77.3426 1.68232
10.5434 76.9417 1.46274
10.641 78.9055 1.53914
10.7385 77.122 1.52588
10.836 77.6534 1.45347
10.9335 81.335 1.46175
11.031 78.3125 1.49666
11.1285 76.6367 1.56002
11.2261 77.2812 1.56663
11.3236 78.7991 1.56041
11.4211 78.2873 1.71326
11.5186 74.8471 1.69772
11.6161 77.5625 1.59964
11.7137 78.2771 1.67255
11.8112 75.0975 1.61528
11.9087 76.2249 1.6628
12.0062 75.0078 1.60721
12.1037 76.6395 1.64924
12.2012 76.0713 1.60177
