#   DETECTOR OUTPUT MSH/DMSH
#   X BIN:    20 Y BIN:     1 Z BIN:     1
#                DETECTOR TYPE: DLET      
#   X START:-0.130D+02 Y START:-0.500D+00 Z START:-0.100D+00
#   X END  :-0.110D+02 Y END  : 0.500D+00 Z END  : 0.100D+00
#   PRIMARIES: 0.101D+07
-0.1295000E+02  0.0000000E+00  0.0000000E+00  0.4869603311788857E+02  0.3309417620966347E+02
-0.1285000E+02  0.0000000E+00  0.0000000E+00  0.3090191995286661E+01  0.1724746878937749E+01
-0.1275000E+02  0.0000000E+00  0.0000000E+00  0.6396797542204368E+02  0.3933298341305688E+02
-0.1265000E+02  0.0000000E+00  0.0000000E+00  0.6842571800396533E+01  0.4447101910714318E+01
-0.1255000E+02  0.0000000E+00  0.0000000E+00  0.2764471339668546E+01  0.2423922524840740E+01
-0.1245000E+02  0.0000000E+00  0.0000000E+00  0.4446290669489759E+02  0.4424451346665747E+02
-0.1235000E+02  0.0000000E+00  0.0000000E+00  0.7879404362631830E+00  0.4740515892729530E+00
-0.1225000E+02  0.0000000E+00  0.0000000E+00  0.2898205799514310E+00  0.1790982357134743E+00
-0.1215000E+02  0.0000000E+00  0.0000000E+00  0.2367847611598883E+02  0.1371161966140936E+02
-0.1205000E+02  0.0000000E+00  0.0000000E+00  0.4835042717157238E+02  0.2780845302574066E+02
-0.1195000E+02  0.0000000E+00  0.0000000E+00  0.2911297859152463E+02  0.2662857854062875E+02
-0.1185000E+02  0.0000000E+00  0.0000000E+00  0.2989062548842762E+01  0.2365023399753297E+01
-0.1175000E+02  0.0000000E+00  0.0000000E+00  0.4527985961587965E+02  0.4417322773272571E+02
-0.1165000E+02  0.0000000E+00  0.0000000E+00  0.1736560243149312E+01  0.1666233611834368E+01
-0.1155000E+02  0.0000000E+00  0.0000000E+00  0.8001761681982891E+00  0.5026043399742425E+00
-0.1145000E+02  0.0000000E+00  0.0000000E+00  0.8551122780037321E+02  0.5869488022245015E+02
-0.1135000E+02  0.0000000E+00  0.0000000E+00  0.4862256039307021E+02  0.3608755276060642E+02
-0.1125000E+02  0.0000000E+00  0.0000000E+00  0.1606185727229738E+03  0.1039681951096325E+03
-0.1115000E+02  0.0000000E+00  0.0000000E+00  0.3652757191279437E+02  0.2499648945415021E+02
-0.1105000E+02  0.0000000E+00  0.0000000E+00  0.3691837272956182E+02  0.3604199940901932E+02
