#   DETECTOR OUTPUT MSH/DMSH
#   X BIN:    20 Y BIN:     1 Z BIN:     1
#                DETECTOR TYPE: TLET      
#   X START:-0.130D+02 Y START:-0.500D+00 Z START:-0.100D+00
#   X END  :-0.110D+02 Y END  : 0.500D+00 Z END  : 0.100D+00
#   PRIMARIES: 0.930D+06
-0.1295000E+02  0.0000000E+00  0.0000000E+00  0.0000000000000000E+00  0.0000000000000000E+00
-0.1285000E+02  0.0000000E+00  0.0000000E+00  0.0000000000000000E+00  0.0000000000000000E+00
-0.1275000E+02  0.0000000E+00  0.0000000E+00  0.6427126814761421E-01  0.6427126814761423E-01
-0.1265000E+02  0.0000000E+00  0.0000000E+00  0.6396273103368086E-01  0.6396273103368079E-01
-0.1255000E+02  0.0000000E+00  0.0000000E+00  0.1289720605403805E+00  0.9073741325181085E-01
-0.1245000E+02  0.0000000E+00  0.0000000E+00  0.6458158629440156E-01  0.6458158629440156E-01
-0.1235000E+02  0.0000000E+00  0.0000000E+00  0.1281173575101678E+00  0.9013402270846027E-01
-0.1225000E+02  0.0000000E+00  0.0000000E+00  0.6394311206692850E-01  0.6394311206692847E-01
-0.1215000E+02  0.0000000E+00  0.0000000E+00  0.1292248969970949E+00  0.9091567056116624E-01
-0.1205000E+02  0.0000000E+00  0.0000000E+00  0.6473156607971703E-01  0.6473156607971708E-01
-0.1195000E+02  0.0000000E+00  0.0000000E+00  0.0000000000000000E+00  0.0000000000000000E+00
-0.1185000E+02  0.0000000E+00  0.0000000E+00  0.6393077058390916E-01  0.6393077058390914E-01
-0.1175000E+02  0.0000000E+00  0.0000000E+00  0.0000000000000000E+00  0.0000000000000000E+00
-0.1165000E+02  0.0000000E+00  0.0000000E+00  0.0000000000000000E+00  0.0000000000000000E+00
-0.1155000E+02  0.0000000E+00  0.0000000E+00  0.1282969522780201E+00  0.9026125431963436E-01
-0.1145000E+02  0.0000000E+00  0.0000000E+00  0.1932787121047272E+00  0.1104570934448531E+00
-0.1135000E+02  0.0000000E+00  0.0000000E+00  0.2570176026154706E+00  0.1265472752274560E+00
-0.1125000E+02  0.0000000E+00  0.0000000E+00  0.6461486521123538E-01  0.6461486521123540E-01
-0.1115000E+02  0.0000000E+00  0.0000000E+00  0.1295990499877493E+00  0.9117865661260696E-01
-0.1105000E+02  0.0000000E+00  0.0000000E+00  0.1289277940734375E+00  0.9070616208785549E-01
