#   DETECTOR OUTPUT MSH/DMSH
#   X BIN:    20 Y BIN:     1 Z BIN:     1
#                DETECTOR TYPE: DLET      
#   X START:-0.130D+02 Y START:-0.500D+00 Z START:-0.100D+00
#   X END  :-0.110D+02 Y END  : 0.500D+00 Z END  : 0.100D+00
#   PRIMARIES: 0.930D+06
-0.1295000E+02  0.0000000E+00  0.0000000E+00  0.0000000000000000E+00  0.0000000000000000E+00
-0.1285000E+02  0.0000000E+00  0.0000000E+00  0.0000000000000000E+00  0.0000000000000000E+00
-0.1275000E+02  0.0000000E+00  0.0000000E+00  0.6427126814761421E-01  0.6427126814761422E-01
-0.1265000E+02  0.0000000E+00  0.0000000E+00  0.6394559090835503E-01  0.6394559090835501E-01
-0.1255000E+02  0.0000000E+00  0.0000000E+00  0.1290158152234687E+00  0.9076798620702931E-01
-0.1245000E+02  0.0000000E+00  0.0000000E+00  0.6455859823178989E-01  0.6455859823178990E-01
-0.1235000E+02  0.0000000E+00  0.0000000E+00  0.1281389431681266E+00  0.9014919092112386E-01
-0.1225000E+02  0.0000000E+00  0.0000000E+00  0.6397203235420447E-01  0.6397203235420441E-01
-0.1215000E+02  0.0000000E+00  0.0000000E+00  0.1292301219023595E+00  0.9091931866702388E-01
-0.1205000E+02  0.0000000E+00  0.0000000E+00  0.6471914765461602E-01  0.6471914765461607E-01
-0.1195000E+02  0.0000000E+00  0.0000000E+00  0.0000000000000000E+00  0.0000000000000000E+00
-0.1185000E+02  0.0000000E+00  0.0000000E+00  0.6393239873731793E-01  0.6393239873731800E-01
-0.1175000E+02  0.0000000E+00  0.0000000E+00  0.0000000000000000E+00  0.0000000000000000E+00
-0.1165000E+02  0.0000000E+00  0.0000000E+00  0.0000000000000000E+00  0.0000000000000000E+00
-0.1155000E+02  0.0000000E+00  0.0000000E+00  0.1283045058049870E+00  0.9026654387247460E-01
-0.1145000E+02  0.0000000E+00  0.0000000E+00  0.1932901220343197E+00  0.1104635889093772E+00
-0.1135000E+02  0.0000000E+00  0.0000000E+00  0.2570023800963765E+00  0.1265397464346353E+00
-0.1125000E+02  0.0000000E+00  0.0000000E+00  0.6461486521123540E-01  0.6461486521123541E-01
-0.1115000E+02  0.0000000E+00  0.0000000E+00  0.1296151795191587E+00  0.9119005024411715E-01
-0.1105000E+02  0.0000000E+00  0.0000000E+00  0.1289194656935467E+00  0.9070034293492064E-01
