#   DETECTOR OUTPUT MSH/DMSH
#   X BIN:    20 Y BIN:     1 Z BIN:     1
#                DETECTOR TYPE: DOSE      
#   X START:-0.130D+02 Y START:-0.500D+00 Z START:-0.100D+00
#   X END  :-0.110D+02 Y END  : 0.500D+00 Z END  : 0.100D+00
#   PRIMARIES: 0.930D+06
-0.1295000E+02  0.0000000E+00  0.0000000E+00  0.1155697454004021E-04  0.5235167125632846E-05
-0.1285000E+02  0.0000000E+00  0.0000000E+00  0.1348391073909173E-04  0.5198144762981514E-05
-0.1275000E+02  0.0000000E+00  0.0000000E+00  0.2441488502709502E-04  0.1318319973665914E-04
-0.1265000E+02  0.0000000E+00  0.0000000E+00  0.9970200316190397E-05  0.4040134943143303E-05
-0.1255000E+02  0.0000000E+00  0.0000000E+00  0.1252132563933511E-04  0.6200887020881475E-05
-0.1245000E+02  0.0000000E+00  0.0000000E+00  0.3082648732931349E-05  0.1147068738348274E-05
-0.1235000E+02  0.0000000E+00  0.0000000E+00  0.8135499293038533E-05  0.3480734941722702E-05
-0.1225000E+02  0.0000000E+00  0.0000000E+00  0.3519034340040183E-05  0.1295126975923555E-05
-0.1215000E+02  0.0000000E+00  0.0000000E+00  0.1517715595100953E-04  0.7934331943339244E-05
-0.1205000E+02  0.0000000E+00  0.0000000E+00  0.2418162923068530E-04  0.1251868225032222E-04
-0.1195000E+02  0.0000000E+00  0.0000000E+00  0.1270490284411131E-04  0.5566750529573686E-05
-0.1185000E+02  0.0000000E+00  0.0000000E+00  0.1044742415181994E-04  0.3912566305710624E-05
-0.1175000E+02  0.0000000E+00  0.0000000E+00  0.1640363320820012E-04  0.7243852721000853E-05
-0.1165000E+02  0.0000000E+00  0.0000000E+00  0.9393210003826120E-05  0.3951208334242574E-05
-0.1155000E+02  0.0000000E+00  0.0000000E+00  0.6190222762098348E-05  0.2644212639508791E-05
-0.1145000E+02  0.0000000E+00  0.0000000E+00  0.2140595657246686E-04  0.6846374170775585E-05
-0.1135000E+02  0.0000000E+00  0.0000000E+00  0.1882947378017659E-04  0.7213929517528938E-05
-0.1125000E+02  0.0000000E+00  0.0000000E+00  0.2363338670655544E-04  0.8084353922516224E-05
-0.1115000E+02  0.0000000E+00  0.0000000E+00  0.1832966488758093E-04  0.5737248740490225E-05
-0.1105000E+02  0.0000000E+00  0.0000000E+00  0.1320059451578752E-04  0.5536103488304176E-05
