#   DETECTOR OUTPUT MSH/DMSH
#   X BIN:    20 Y BIN:     1 Z BIN:     1
#                DETECTOR TYPE: TQ-EFF    
#   X START:-0.130D+02 Y START:-0.500D+00 Z START:-0.100D+00
#   X END  :-0.110D+02 Y END  : 0.500D+00 Z END  : 0.100D+00
#   PRIMARIES: 0.930D+06
-0.1295000E+02  0.0000000E+00  0.0000000E+00  0.6243395723550154E+00  0.4479874246069009E+00
-0.1285000E+02  0.0000000E+00  0.0000000E+00  0.2286385057963148E+01  0.1624851358943575E+01
-0.1275000E+02  0.0000000E+00  0.0000000E+00  0.1194672642100713E+01  0.6073850445786488E+00
-0.1265000E+02  0.0000000E+00  0.0000000E+00  0.1273629286216319E+02  0.9404651713292669E+01
-0.1255000E+02  0.0000000E+00  0.0000000E+00  0.3821431741681053E+01  0.3549660473780029E+01
-0.1245000E+02  0.0000000E+00  0.0000000E+00  0.1774003149781354E+00  0.1427409400212430E+00
-0.1235000E+02  0.0000000E+00  0.0000000E+00  0.7301661493874368E+00  0.4768807050667127E+00
-0.1225000E+02  0.0000000E+00  0.0000000E+00  0.2318226873851959E+00  0.1466488444897775E+00
-0.1215000E+02  0.0000000E+00  0.0000000E+00  0.9756391952701720E+00  0.4149352624785057E+00
-0.1205000E+02  0.0000000E+00  0.0000000E+00  0.3074268938118208E+01  0.2437281448250320E+01
-0.1195000E+02  0.0000000E+00  0.0000000E+00  0.7475066365957804E+00  0.3976793988304989E+00
-0.1185000E+02  0.0000000E+00  0.0000000E+00  0.3998930031737361E+01  0.3516227391337888E+01
-0.1175000E+02  0.0000000E+00  0.0000000E+00  0.1217281192979089E+01  0.1020774239029643E+01
-0.1165000E+02  0.0000000E+00  0.0000000E+00  0.1877546708388794E+01  0.1824603642246029E+01
-0.1155000E+02  0.0000000E+00  0.0000000E+00  0.7367734388789065E+00  0.5147669409616574E+00
-0.1145000E+02  0.0000000E+00  0.0000000E+00  0.2896517323110696E+01  0.2242940896873402E+01
-0.1135000E+02  0.0000000E+00  0.0000000E+00  0.6870921439317498E+00  0.3007118179507468E+00
-0.1125000E+02  0.0000000E+00  0.0000000E+00  0.7112783082651107E+00  0.3210981533995740E+00
-0.1115000E+02  0.0000000E+00  0.0000000E+00  0.1120550322525494E+01  0.5936172664838694E+00
-0.1105000E+02  0.0000000E+00  0.0000000E+00  0.7745820060313832E+00  0.4167717906990090E+00
