#   DETECTOR OUTPUT MSH/DMSH
#   X BIN:    20 Y BIN:     1 Z BIN:     1
#                DETECTOR TYPE: FLUENCE   
#   X START:-0.130D+02 Y START:-0.500D+00 Z START:-0.100D+00
#   X END  :-0.110D+02 Y END  : 0.500D+00 Z END  : 0.100D+00
#   PRIMARIES: 0.930D+06
-0.1295000E+02  0.0000000E+00  0.0000000E+00  0.4127727494919558E-04  0.1628788916360997E-05
-0.1285000E+02  0.0000000E+00  0.0000000E+00  0.4246768070179433E-04  0.1960919155843744E-05
-0.1275000E+02  0.0000000E+00  0.0000000E+00  0.4325474697055118E-04  0.1819119685754984E-05
-0.1265000E+02  0.0000000E+00  0.0000000E+00  0.4721850526382246E-04  0.1901035719460294E-05
-0.1255000E+02  0.0000000E+00  0.0000000E+00  0.4782889078001918E-04  0.1949077676254022E-05
-0.1245000E+02  0.0000000E+00  0.0000000E+00  0.5095963324505649E-04  0.1913388115619849E-05
-0.1235000E+02  0.0000000E+00  0.0000000E+00  0.4848403601752795E-04  0.1947954292953088E-05
-0.1225000E+02  0.0000000E+00  0.0000000E+00  0.5025916068543336E-04  0.2017307281480031E-05
-0.1215000E+02  0.0000000E+00  0.0000000E+00  0.5194633993418950E-04  0.2139961553179984E-05
-0.1205000E+02  0.0000000E+00  0.0000000E+00  0.5412545208379901E-04  0.2030048800362299E-05
-0.1195000E+02  0.0000000E+00  0.0000000E+00  0.5554015053195465E-04  0.1884870607854650E-05
-0.1185000E+02  0.0000000E+00  0.0000000E+00  0.5498005115197942E-04  0.2129356851483052E-05
-0.1175000E+02  0.0000000E+00  0.0000000E+00  0.5708208266423598E-04  0.2039997319168542E-05
-0.1165000E+02  0.0000000E+00  0.0000000E+00  0.6024381495880365E-04  0.2329022319084867E-05
-0.1155000E+02  0.0000000E+00  0.0000000E+00  0.6182377490223036E-04  0.2198338732114830E-05
-0.1145000E+02  0.0000000E+00  0.0000000E+00  0.6050829786241601E-04  0.2287971114769489E-05
-0.1135000E+02  0.0000000E+00  0.0000000E+00  0.6206262743706307E-04  0.2241877458169665E-05
-0.1125000E+02  0.0000000E+00  0.0000000E+00  0.6536466809380538E-04  0.2488674233820296E-05
-0.1115000E+02  0.0000000E+00  0.0000000E+00  0.6115470832595735E-04  0.1999560354431372E-05
-0.1105000E+02  0.0000000E+00  0.0000000E+00  0.6136383902118485E-04  0.2099362023964217E-05
