#   DETECTOR OUTPUT MSH/DMSH
#   X BIN:    20 Y BIN:     1 Z BIN:     1
#                DETECTOR TYPE: DQ-EFF    
#   X START:-0.130D+02 Y START:-0.500D+00 Z START:-0.100D+00
#   X END  :-0.110D+02 Y END  : 0.500D+00 Z END  : 0.100D+00
#   PRIMARIES: 0.930D+06
-0.1295000E+02  0.0000000E+00  0.0000000E+00  0.0000000000000000E+00  0.0000000000000000E+00
-0.1285000E+02  0.0000000E+00  0.0000000E+00  0.0000000000000000E+00  0.0000000000000000E+00
-0.1275000E+02  0.0000000E+00  0.0000000E+00  0.3976379571160893E-01  0.3976379571160890E-01
-0.1265000E+02  0.0000000E+00  0.0000000E+00  0.3955455206704672E-01  0.3955455206704675E-01
-0.1255000E+02  0.0000000E+00  0.0000000E+00  0.7983278934468688E-01  0.5616578345590491E-01
-0.1245000E+02  0.0000000E+00  0.0000000E+00  0.3994881207209347E-01  0.3994881207209343E-01
-0.1235000E+02  0.0000000E+00  0.0000000E+00  0.7926880449411192E-01  0.5576773677074130E-01
-0.1225000E+02  0.0000000E+00  0.0000000E+00  0.3957254205558229E-01  0.3957254205558232E-01
-0.1215000E+02  0.0000000E+00  0.0000000E+00  0.7997101168247840E-01  0.5626340483383089E-01
-0.1205000E+02  0.0000000E+00  0.0000000E+00  0.4005223791323780E-01  0.4005223791323780E-01
-0.1195000E+02  0.0000000E+00  0.0000000E+00  0.0000000000000000E+00  0.0000000000000000E+00
-0.1185000E+02  0.0000000E+00  0.0000000E+00  0.3954728201059915E-01  0.3954728201059914E-01
-0.1175000E+02  0.0000000E+00  0.0000000E+00  0.0000000000000000E+00  0.0000000000000000E+00
-0.1165000E+02  0.0000000E+00  0.0000000E+00  0.0000000000000000E+00  0.0000000000000000E+00
-0.1155000E+02  0.0000000E+00  0.0000000E+00  0.7937719924534703E-01  0.5584457239813838E-01
-0.1145000E+02  0.0000000E+00  0.0000000E+00  0.1195980883491985E+00  0.6834926941508859E-01
-0.1135000E+02  0.0000000E+00  0.0000000E+00  0.1590025068206744E+00  0.7828777137369666E-01
-0.1125000E+02  0.0000000E+00  0.0000000E+00  0.3998495913028807E-01  0.3998495913028807E-01
-0.1115000E+02  0.0000000E+00  0.0000000E+00  0.8021927230793270E-01  0.5643795445824647E-01
-0.1105000E+02  0.0000000E+00  0.0000000E+00  0.7977082856045660E-01  0.5612228616941439E-01
