#   DETECTOR OUTPUT MSH/DMSH
#   X BIN:    20 Y BIN:     1 Z BIN:     1
#                DETECTOR TYPE: TLET      
#   X START:-0.130D+02 Y START:-0.500D+00 Z START:-0.100D+00
#   X END  :-0.110D+02 Y END  : 0.500D+00 Z END  : 0.100D+00
#   PRIMARIES: 0.930D+06
-0.1295000E+02  0.0000000E+00  0.0000000E+00  0.7768529690876660E+00  0.5155202689006183E+00
-0.1285000E+02  0.0000000E+00  0.0000000E+00  0.2150751578885325E+01  0.1261653842832207E+01
-0.1275000E+02  0.0000000E+00  0.0000000E+00  0.1522247549559487E+01  0.6882439142927192E+00
-0.1265000E+02  0.0000000E+00  0.0000000E+00  0.6614913674886230E+01  0.4271354339896745E+01
-0.1255000E+02  0.0000000E+00  0.0000000E+00  0.2492776779113342E+01  0.2099695184835318E+01
-0.1245000E+02  0.0000000E+00  0.0000000E+00  0.2522485577609653E+00  0.1978505203501794E+00
-0.1235000E+02  0.0000000E+00  0.0000000E+00  0.9186583479877927E+00  0.5531489165939273E+00
-0.1225000E+02  0.0000000E+00  0.0000000E+00  0.3374592700627860E+00  0.2085800295777020E+00
-0.1215000E+02  0.0000000E+00  0.0000000E+00  0.1291246187487845E+01  0.5347787031184985E+00
-0.1205000E+02  0.0000000E+00  0.0000000E+00  0.2482529586385551E+01  0.1649823325170252E+01
-0.1195000E+02  0.0000000E+00  0.0000000E+00  0.7990658643570596E+00  0.3681296090739433E+00
-0.1185000E+02  0.0000000E+00  0.0000000E+00  0.2769876486558609E+01  0.2047839054936449E+01
-0.1175000E+02  0.0000000E+00  0.0000000E+00  0.1285302158773479E+01  0.9807553861646904E+00
-0.1165000E+02  0.0000000E+00  0.0000000E+00  0.1406019391148529E+01  0.1324964448862356E+01
-0.1155000E+02  0.0000000E+00  0.0000000E+00  0.9220784687276863E+00  0.5760750151915649E+00
-0.1145000E+02  0.0000000E+00  0.0000000E+00  0.2437274948988364E+01  0.1575241837937012E+01
-0.1135000E+02  0.0000000E+00  0.0000000E+00  0.9803327950441794E+00  0.3942586152529798E+00
-0.1125000E+02  0.0000000E+00  0.0000000E+00  0.9823231747435214E+00  0.4220136396488848E+00
-0.1115000E+02  0.0000000E+00  0.0000000E+00  0.1429710092890864E+01  0.6696293671695989E+00
-0.1105000E+02  0.0000000E+00  0.0000000E+00  0.1011236456414910E+01  0.5134336924547600E+00
