#   DETECTOR OUTPUT MSH/DMSH
#   X BIN:    20 Y BIN:     1 Z BIN:     1
#                DETECTOR TYPE: TQ-EFF    
#   X START:-0.130D+02 Y START:-0.500D+00 Z START:-0.100D+00
#   X END  :-0.110D+02 Y END  : 0.500D+00 Z END  : 0.100D+00
#   PRIMARIES: 0.930D+06
-0.1295000E+02  0.0000000E+00  0.0000000E+00  0.0000000000000000E+00  0.0000000000000000E+00
-0.1285000E+02  0.0000000E+00  0.0000000E+00  0.0000000000000000E+00  0.0000000000000000E+00
-0.1275000E+02  0.0000000E+00  0.0000000E+00  0.3976379571160893E-01  0.3976379571160889E-01
-0.1265000E+02  0.0000000E+00  0.0000000E+00  0.3956556438801701E-01  0.3956556438801698E-01
-0.1255000E+02  0.0000000E+00  0.0000000E+00  0.7980468377680326E-01  0.5614615055345732E-01
-0.1245000E+02  0.0000000E+00  0.0000000E+00  0.3996362581651651E-01  0.3996362581651651E-01
-0.1235000E+02  0.0000000E+00  0.0000000E+00  0.7925501003816253E-01  0.5575804378157382E-01
-0.1225000E+02  0.0000000E+00  0.0000000E+00  0.3955414643979485E-01  0.3955414643979486E-01
-0.1215000E+02  0.0000000E+00  0.0000000E+00  0.7996765416101957E-01  0.5626106129639672E-01
-0.1205000E+02  0.0000000E+00  0.0000000E+00  0.4006024839414116E-01  0.4006024839414117E-01
-0.1195000E+02  0.0000000E+00  0.0000000E+00  0.0000000000000000E+00  0.0000000000000000E+00
-0.1185000E+02  0.0000000E+00  0.0000000E+00  0.3954624650087274E-01  0.3954624650087275E-01
-0.1175000E+02  0.0000000E+00  0.0000000E+00  0.0000000000000000E+00  0.0000000000000000E+00
-0.1165000E+02  0.0000000E+00  0.0000000E+00  0.0000000000000000E+00  0.0000000000000000E+00
-0.1155000E+02  0.0000000E+00  0.0000000E+00  0.7937244350297794E-01  0.5584124256452978E-01
-0.1145000E+02  0.0000000E+00  0.0000000E+00  0.1195907526365208E+00  0.6834509396934295E-01
-0.1135000E+02  0.0000000E+00  0.0000000E+00  0.1590123112032044E+00  0.7829262124305729E-01
-0.1125000E+02  0.0000000E+00  0.0000000E+00  0.3998495913028807E-01  0.3998495913028807E-01
-0.1115000E+02  0.0000000E+00  0.0000000E+00  0.8020885977544941E-01  0.5643059790110758E-01
-0.1105000E+02  0.0000000E+00  0.0000000E+00  0.7977617417054381E-01  0.5612602018288135E-01
