#   DETECTOR OUTPUT MSH/DMSH
#   X BIN:    20 Y BIN:     1 Z BIN:     1
#                DETECTOR TYPE: DLET      
#   X START:-0.130D+02 Y START:-0.500D+00 Z START:-0.100D+00
#   X END  :-0.110D+02 Y END  : 0.500D+00 Z END  : 0.100D+00
#   PRIMARIES: 0.101D+07
-0.1295000E+02  0.0000000E+00  0.0000000E+00  0.6861763339755740E+00  0.4607780676749972E+00
-0.1285000E+02  0.0000000E+00  0.0000000E+00  0.2354195932432199E+01  0.1571007704235208E+01
-0.1275000E+02  0.0000000E+00  0.0000000E+00  0.1306451723671266E+01  0.5906165219788199E+00
-0.1265000E+02  0.0000000E+00  0.0000000E+00  0.6842571800396533E+01  0.4447101910714318E+01
-0.1255000E+02  0.0000000E+00  0.0000000E+00  0.2764471339668546E+01  0.2423922524840740E+01
-0.1245000E+02  0.0000000E+00  0.0000000E+00  0.2165318758861302E+00  0.1698169389456581E+00
-0.1235000E+02  0.0000000E+00  0.0000000E+00  0.7879404362631830E+00  0.4740515892729530E+00
-0.1225000E+02  0.0000000E+00  0.0000000E+00  0.2898205799514310E+00  0.1790982357134743E+00
-0.1215000E+02  0.0000000E+00  0.0000000E+00  0.1107411779117140E+01  0.4585424710351512E+00
-0.1205000E+02  0.0000000E+00  0.0000000E+00  0.2709648983850008E+01  0.1981886634466025E+01
-0.1195000E+02  0.0000000E+00  0.0000000E+00  0.2538194720947522E+01  0.2055413221472796E+01
-0.1185000E+02  0.0000000E+00  0.0000000E+00  0.2989062548842762E+01  0.2365023399753297E+01
-0.1175000E+02  0.0000000E+00  0.0000000E+00  0.1103507700339205E+01  0.8419067189587650E+00
-0.1165000E+02  0.0000000E+00  0.0000000E+00  0.1736560243149312E+01  0.1666233611834368E+01
-0.1155000E+02  0.0000000E+00  0.0000000E+00  0.8001761681982891E+00  0.5026043399742425E+00
-0.1145000E+02  0.0000000E+00  0.0000000E+00  0.2651106769952817E+01  0.1893378339210684E+01
-0.1135000E+02  0.0000000E+00  0.0000000E+00  0.8420093882204730E+00  0.3386274463511011E+00
-0.1125000E+02  0.0000000E+00  0.0000000E+00  0.8426771663004424E+00  0.3618380784852970E+00
-0.1115000E+02  0.0000000E+00  0.0000000E+00  0.1238050605312057E+01  0.5841881610021854E+00
-0.1105000E+02  0.0000000E+00  0.0000000E+00  0.8702959644893166E+00  0.4423468456308798E+00
