#   DETECTOR OUTPUT MSH/DMSH
#   X BIN:    20 Y BIN:     1 Z BIN:     1
#                DETECTOR TYPE: TQ-EFF    
#   X START:-0.130D+02 Y START:-0.500D+00 Z START:-0.100D+00
#   X END  :-0.110D+02 Y END  : 0.500D+00 Z END  : 0.100D+00
#   PRIMARIES: 0.930D+06
-0.1295000E+02  0.0000000E+00  0.0000000E+00  0.8610904520911693E+03  0.6050796580670215E+03
-0.1285000E+02  0.0000000E+00  0.0000000E+00  0.3122061266737531E+01  0.1816561894667345E+01
-0.1275000E+02  0.0000000E+00  0.0000000E+00  0.4720862115268276E+03  0.4196997236520714E+03
-0.1265000E+02  0.0000000E+00  0.0000000E+00  0.1273629286216319E+02  0.9404651713292669E+01
-0.1255000E+02  0.0000000E+00  0.0000000E+00  0.3821431741681053E+01  0.3549660473780029E+01
-0.1245000E+02  0.0000000E+00  0.0000000E+00  0.3954199933283829E+03  0.3952408268623639E+03
-0.1235000E+02  0.0000000E+00  0.0000000E+00  0.7301661493874368E+00  0.4768807050667127E+00
-0.1225000E+02  0.0000000E+00  0.0000000E+00  0.2318226873851959E+00  0.1466488444897775E+00
-0.1215000E+02  0.0000000E+00  0.0000000E+00  0.1448907928270843E+02  0.1092932532834560E+02
-0.1205000E+02  0.0000000E+00  0.0000000E+00  0.4878145390381172E+03  0.4427100449499885E+03
-0.1195000E+02  0.0000000E+00  0.0000000E+00  0.4301105562512621E+03  0.4293556831462649E+03
-0.1185000E+02  0.0000000E+00  0.0000000E+00  0.3998930031737361E+01  0.3516227391337888E+01
-0.1175000E+02  0.0000000E+00  0.0000000E+00  0.1340778995639811E+03  0.1328522436651349E+03
-0.1165000E+02  0.0000000E+00  0.0000000E+00  0.1877546708388794E+01  0.1824603642246029E+01
-0.1155000E+02  0.0000000E+00  0.0000000E+00  0.7367734388789065E+00  0.5147669409616574E+00
-0.1145000E+02  0.0000000E+00  0.0000000E+00  0.4230770497846206E+03  0.4076663812891301E+03
-0.1135000E+02  0.0000000E+00  0.0000000E+00  0.6178544113174022E+02  0.4491347697968472E+02
-0.1125000E+02  0.0000000E+00  0.0000000E+00  0.8369928362122712E+03  0.5925017103963612E+03
-0.1115000E+02  0.0000000E+00  0.0000000E+00  0.6250521586691195E+02  0.5993546711136830E+02
-0.1105000E+02  0.0000000E+00  0.0000000E+00  0.4138112058949847E+03  0.4130290100284775E+03
