#   DETECTOR OUTPUT MSH/DMSH
#   X BIN:    20 Y BIN:     1 Z BIN:     1
#                DETECTOR TYPE: TLET      
#   X START:-0.130D+02 Y START:-0.500D+00 Z START:-0.100D+00
#   X END  :-0.110D+02 Y END  : 0.500D+00 Z END  : 0.100D+00
#   PRIMARIES: 0.930D+06
-0.1295000E+02  0.0000000E+00  0.0000000E+00  0.5779798242996513E+02  0.3991712771669545E+02
-0.1285000E+02  0.0000000E+00  0.0000000E+00  0.2978476339591583E+01  0.1496975099795572E+01
-0.1275000E+02  0.0000000E+00  0.0000000E+00  0.5767683753335964E+02  0.3755796137357596E+02
-0.1265000E+02  0.0000000E+00  0.0000000E+00  0.6614913674886230E+01  0.4271354339896745E+01
-0.1255000E+02  0.0000000E+00  0.0000000E+00  0.2492776779113342E+01  0.2099695184835318E+01
-0.1245000E+02  0.0000000E+00  0.0000000E+00  0.4371199390026709E+02  0.4345764768396718E+02
-0.1235000E+02  0.0000000E+00  0.0000000E+00  0.9186583479877927E+00  0.5531489165939273E+00
-0.1225000E+02  0.0000000E+00  0.0000000E+00  0.3374592700627860E+00  0.2085800295777020E+00
-0.1215000E+02  0.0000000E+00  0.0000000E+00  0.8530245436501907E+01  0.6928274532206935E+01
-0.1205000E+02  0.0000000E+00  0.0000000E+00  0.4291052867636723E+02  0.2797812040607521E+02
-0.1195000E+02  0.0000000E+00  0.0000000E+00  0.2953708906684409E+02  0.2873230910356890E+02
-0.1185000E+02  0.0000000E+00  0.0000000E+00  0.2769876486558609E+01  0.2047839054936449E+01
-0.1175000E+02  0.0000000E+00  0.0000000E+00  0.3145150587965640E+02  0.3016916375135380E+02
-0.1165000E+02  0.0000000E+00  0.0000000E+00  0.1406019391148529E+01  0.1324964448862356E+01
-0.1155000E+02  0.0000000E+00  0.0000000E+00  0.9220784687276863E+00  0.5760750151915649E+00
-0.1145000E+02  0.0000000E+00  0.0000000E+00  0.4464011744495607E+02  0.3809198516720240E+02
-0.1135000E+02  0.0000000E+00  0.0000000E+00  0.2245788340052943E+02  0.1649965239659413E+02
-0.1125000E+02  0.0000000E+00  0.0000000E+00  0.1289323653523206E+03  0.8986543427420234E+02
-0.1115000E+02  0.0000000E+00  0.0000000E+00  0.1914312976515113E+02  0.1754827888489513E+02
-0.1105000E+02  0.0000000E+00  0.0000000E+00  0.3672821342128292E+02  0.3571045217934013E+02
