#   DETECTOR OUTPUT MSH/DMSH
#   X BIN:    20 Y BIN:     1 Z BIN:     1
#                DETECTOR TYPE: DOSE      
#   X START:-0.130D+02 Y START:-0.500D+00 Z START:-0.100D+00
#   X END  :-0.110D+02 Y END  : 0.500D+00 Z END  : 0.100D+00
#   PRIMARIES: 0.101D+07
-0.1295000E+02  0.0000000E+00  0.0000000E+00  0.6928187690174246E-05  0.4524489285484723E-05
-0.1285000E+02  0.0000000E+00  0.0000000E+00  0.1023497758695856E-04  0.5129785487389260E-05
-0.1275000E+02  0.0000000E+00  0.0000000E+00  0.2176024671032390E-04  0.1330963434407154E-04
-0.1265000E+02  0.0000000E+00  0.0000000E+00  0.4515874416065322E-05  0.1899078188677840E-05
-0.1255000E+02  0.0000000E+00  0.0000000E+00  0.3708428186536724E-05  0.1880813696694508E-05
-0.1245000E+02  0.0000000E+00  0.0000000E+00  0.1637277932598008E-05  0.1040227853872192E-05
-0.1235000E+02  0.0000000E+00  0.0000000E+00  0.1888671711270389E-05  0.1071482053006826E-05
-0.1225000E+02  0.0000000E+00  0.0000000E+00  0.1414994871363255E-05  0.8986423773925685E-06
-0.1215000E+02  0.0000000E+00  0.0000000E+00  0.1277807845965186E-04  0.7928617371126968E-05
-0.1205000E+02  0.0000000E+00  0.0000000E+00  0.2031319353753626E-04  0.1222917089010984E-04
-0.1195000E+02  0.0000000E+00  0.0000000E+00  0.3133147441460867E-05  0.1484907536006650E-05
-0.1185000E+02  0.0000000E+00  0.0000000E+00  0.5607293432328227E-05  0.2079255318970361E-05
-0.1175000E+02  0.0000000E+00  0.0000000E+00  0.4125736638144364E-05  0.2640185577613133E-05
-0.1165000E+02  0.0000000E+00  0.0000000E+00  0.3216552343055292E-05  0.2700292599088437E-05
-0.1155000E+02  0.0000000E+00  0.0000000E+00  0.4549999223820065E-05  0.2630774743678806E-05
-0.1145000E+02  0.0000000E+00  0.0000000E+00  0.1158640939415704E-04  0.5444326122355812E-05
-0.1135000E+02  0.0000000E+00  0.0000000E+00  0.1347862386345763E-04  0.6471469215094416E-05
-0.1125000E+02  0.0000000E+00  0.0000000E+00  0.8782478955719268E-05  0.4911694914974322E-05
-0.1115000E+02  0.0000000E+00  0.0000000E+00  0.9939139205277606E-05  0.4251136826291197E-05
-0.1105000E+02  0.0000000E+00  0.0000000E+00  0.5849289365850079E-05  0.3147285839760164E-05
