#   DETECTOR OUTPUT MSH/DMSH
#   X BIN:    20 Y BIN:     1 Z BIN:     1
#                DETECTOR TYPE: DLET      
#   X START:-0.130D+02 Y START:-0.500D+00 Z START:-0.100D+00
#   X END  :-0.110D+02 Y END  : 0.500D+00 Z END  : 0.100D+00
#   PRIMARIES: 0.930D+06
-0.1295000E+02  0.0000000E+00  0.0000000E+00  0.6544630177684577E+02  0.4468638417126657E+02
-0.1285000E+02  0.0000000E+00  0.0000000E+00  0.3659180489530671E+01  0.2059585028615161E+01
-0.1275000E+02  0.0000000E+00  0.0000000E+00  0.8103498528824518E+02  0.5116112709914029E+02
-0.1265000E+02  0.0000000E+00  0.0000000E+00  0.8328639281660411E+01  0.5448326259035228E+01
-0.1255000E+02  0.0000000E+00  0.0000000E+00  0.3333003225427042E+01  0.2936019247403518E+01
-0.1245000E+02  0.0000000E+00  0.0000000E+00  0.5843448055597825E+02  0.5818002676657680E+02
-0.1235000E+02  0.0000000E+00  0.0000000E+00  0.9192505310562917E+00  0.5535865633445213E+00
-0.1225000E+02  0.0000000E+00  0.0000000E+00  0.3375329982916568E+00  0.2086133505666974E+00
-0.1215000E+02  0.0000000E+00  0.0000000E+00  0.2760526227150557E+02  0.1624015405569146E+02
-0.1205000E+02  0.0000000E+00  0.0000000E+00  0.6104816526161068E+02  0.3588992832243453E+02
-0.1195000E+02  0.0000000E+00  0.0000000E+00  0.3891771882876284E+02  0.3590290938374269E+02
-0.1185000E+02  0.0000000E+00  0.0000000E+00  0.3589347038822422E+01  0.2862299978994406E+01
-0.1175000E+02  0.0000000E+00  0.0000000E+00  0.5557360955715479E+02  0.5427929380805220E+02
-0.1165000E+02  0.0000000E+00  0.0000000E+00  0.2085060722276708E+01  0.2003130028571343E+01
-0.1155000E+02  0.0000000E+00  0.0000000E+00  0.9337178982145764E+00  0.5872411117933517E+00
-0.1145000E+02  0.0000000E+00  0.0000000E+00  0.1042581417284229E+03  0.7116272722111850E+02
-0.1135000E+02  0.0000000E+00  0.0000000E+00  0.5583282204501727E+02  0.4110007016387840E+02
-0.1125000E+02  0.0000000E+00  0.0000000E+00  0.1966219781945960E+03  0.1272512630666211E+03
-0.1115000E+02  0.0000000E+00  0.0000000E+00  0.4123711229335488E+02  0.2813849539148941E+02
-0.1105000E+02  0.0000000E+00  0.0000000E+00  0.4906367360544144E+02  0.4804111243720052E+02
