#   DETECTOR OUTPUT MSH/DMSH
#   X BIN:    20 Y BIN:     1 Z BIN:     1
#                DETECTOR TYPE: DQ-EFF    
#   X START:-0.130D+02 Y START:-0.500D+00 Z START:-0.100D+00
#   X END  :-0.110D+02 Y END  : 0.500D+00 Z END  : 0.100D+00
#   PRIMARIES: 0.930D+06
-0.1295000E+02  0.0000000E+00  0.0000000E+00  0.6509705804117499E+00  0.4738453000217506E+00
-0.1285000E+02  0.0000000E+00  0.0000000E+00  0.4017061407162651E+01  0.3338081872335970E+01
-0.1275000E+02  0.0000000E+00  0.0000000E+00  0.1197095054933599E+01  0.6094748516442305E+00
-0.1265000E+02  0.0000000E+00  0.0000000E+00  0.1792232186925094E+02  0.1286609700337194E+02
-0.1255000E+02  0.0000000E+00  0.0000000E+00  0.6353790109241520E+01  0.6080163542075281E+01
-0.1245000E+02  0.0000000E+00  0.0000000E+00  0.1773993626928593E+00  0.1427502449646215E+00
-0.1235000E+02  0.0000000E+00  0.0000000E+00  0.7308197254699591E+00  0.4774065328270359E+00
-0.1225000E+02  0.0000000E+00  0.0000000E+00  0.2318762001212754E+00  0.1466727337674719E+00
-0.1215000E+02  0.0000000E+00  0.0000000E+00  0.9762919115511532E+00  0.4152695555739259E+00
-0.1205000E+02  0.0000000E+00  0.0000000E+00  0.5224531310837947E+01  0.4577302298399298E+01
-0.1195000E+02  0.0000000E+00  0.0000000E+00  0.6107958748918066E+01  0.5700223213711716E+01
-0.1185000E+02  0.0000000E+00  0.0000000E+00  0.6363072021683541E+01  0.5878456543118393E+01
-0.1175000E+02  0.0000000E+00  0.0000000E+00  0.1223891232903757E+01  0.1027365691831636E+01
-0.1165000E+02  0.0000000E+00  0.0000000E+00  0.3746996323189234E+01  0.3693662754931407E+01
-0.1155000E+02  0.0000000E+00  0.0000000E+00  0.7501949042774343E+00  0.5279168595251270E+00
-0.1145000E+02  0.0000000E+00  0.0000000E+00  0.4956832535013344E+01  0.4287176591967169E+01
-0.1135000E+02  0.0000000E+00  0.0000000E+00  0.6876437441166605E+00  0.3012147366578066E+00
-0.1125000E+02  0.0000000E+00  0.0000000E+00  0.7111257140104168E+00  0.3210218112243866E+00
-0.1115000E+02  0.0000000E+00  0.0000000E+00  0.1137475376979973E+01  0.6093749399973463E+00
-0.1105000E+02  0.0000000E+00  0.0000000E+00  0.7783424092320442E+00  0.4196208227577089E+00
