#   DETECTOR OUTPUT MSH/DMSH
#   X BIN:    20 Y BIN:     1 Z BIN:     1
#                DETECTOR TYPE: DQ-EFF    
#   X START:-0.130D+02 Y START:-0.500D+00 Z START:-0.100D+00
#   X END  :-0.110D+02 Y END  : 0.500D+00 Z END  : 0.100D+00
#   PRIMARIES: 0.930D+06
-0.1295000E+02  0.0000000E+00  0.0000000E+00  0.8438984898452286E+03  0.5922026341751014E+03
-0.1285000E+02  0.0000000E+00  0.0000000E+00  0.4896080522113472E+01  0.3441530236301211E+01
-0.1275000E+02  0.0000000E+00  0.0000000E+00  0.4612585232678232E+03  0.3913956817240456E+03
-0.1265000E+02  0.0000000E+00  0.0000000E+00  0.1792232186925094E+02  0.1286609700337194E+02
-0.1255000E+02  0.0000000E+00  0.0000000E+00  0.6353790109241520E+01  0.6080163542075281E+01
-0.1245000E+02  0.0000000E+00  0.0000000E+00  0.3623172643564779E+03  0.3621381012117662E+03
-0.1235000E+02  0.0000000E+00  0.0000000E+00  0.7308197254699591E+00  0.4774065328270359E+00
-0.1225000E+02  0.0000000E+00  0.0000000E+00  0.2318762001212754E+00  0.1466727337674719E+00
-0.1215000E+02  0.0000000E+00  0.0000000E+00  0.1193977197313702E+03  0.7674284388773489E+02
-0.1205000E+02  0.0000000E+00  0.0000000E+00  0.4915207139145846E+03  0.4275096176533050E+03
-0.1195000E+02  0.0000000E+00  0.0000000E+00  0.4168900239903687E+03  0.4107599177059302E+03
-0.1185000E+02  0.0000000E+00  0.0000000E+00  0.6363072021683541E+01  0.5878456543118393E+01
-0.1175000E+02  0.0000000E+00  0.0000000E+00  0.1797252001243361E+03  0.1784919026115633E+03
-0.1165000E+02  0.0000000E+00  0.0000000E+00  0.3746996323189234E+01  0.3693662754931407E+01
-0.1155000E+02  0.0000000E+00  0.0000000E+00  0.7501949042774343E+00  0.5279168595251270E+00
-0.1145000E+02  0.0000000E+00  0.0000000E+00  0.5229043064666407E+03  0.4043365980963705E+03
-0.1135000E+02  0.0000000E+00  0.0000000E+00  0.1587716650526968E+03  0.1247737998641757E+03
-0.1125000E+02  0.0000000E+00  0.0000000E+00  0.7720701849501993E+03  0.5199465650983598E+03
-0.1115000E+02  0.0000000E+00  0.0000000E+00  0.1697382190365943E+03  0.1264559028799588E+03
-0.1105000E+02  0.0000000E+00  0.0000000E+00  0.3845026080507737E+03  0.3837166329588044E+03
