#   DETECTOR OUTPUT MSH/DMSH
#   X BIN:    20 Y BIN:     1 Z BIN:     1
#                DETECTOR TYPE: TLET      
#   X START:-0.130D+02 Y START:-0.500D+00 Z START:-0.100D+00
#   X END  :-0.110D+02 Y END  : 0.500D+00 Z END  : 0.100D+00
#   PRIMARIES: 0.101D+07
-0.1295000E+02  0.0000000E+00  0.0000000E+00  0.6657852138461831E+00  0.4414363447798036E+00
-0.1285000E+02  0.0000000E+00  0.0000000E+00  0.1834662951429153E+01  0.1072228697808369E+01
-0.1275000E+02  0.0000000E+00  0.0000000E+00  0.1304606631606833E+01  0.5891383185700210E+00
-0.1265000E+02  0.0000000E+00  0.0000000E+00  0.5544395976278113E+01  0.3561886289458079E+01
-0.1255000E+02  0.0000000E+00  0.0000000E+00  0.2108197822950403E+01  0.1770883885702684E+01
-0.1245000E+02  0.0000000E+00  0.0000000E+00  0.2165373047944814E+00  0.1698096800821499E+00
-0.1235000E+02  0.0000000E+00  0.0000000E+00  0.7874348137109864E+00  0.4736782820948290E+00
-0.1225000E+02  0.0000000E+00  0.0000000E+00  0.2897574404997020E+00  0.1790696974887292E+00
-0.1215000E+02  0.0000000E+00  0.0000000E+00  0.1106811302153494E+01  0.4582417490988897E+00
-0.1205000E+02  0.0000000E+00  0.0000000E+00  0.2110712648376241E+01  0.1397527496159541E+01
-0.1195000E+02  0.0000000E+00  0.0000000E+00  0.6830498403318879E+00  0.3143004167960752E+00
-0.1185000E+02  0.0000000E+00  0.0000000E+00  0.2347948586688283E+01  0.1728057429448080E+01
-0.1175000E+02  0.0000000E+00  0.0000000E+00  0.1099315324350911E+01  0.8377545012956056E+00
-0.1165000E+02  0.0000000E+00  0.0000000E+00  0.1193635761435006E+01  0.1124041185029466E+01
-0.1155000E+02  0.0000000E+00  0.0000000E+00  0.7902519159404572E+00  0.4930866737550090E+00
-0.1145000E+02  0.0000000E+00  0.0000000E+00  0.2075017528808998E+01  0.1336004223133024E+01
-0.1135000E+02  0.0000000E+00  0.0000000E+00  0.8415112299553515E+00  0.3381957222778159E+00
-0.1125000E+02  0.0000000E+00  0.0000000E+00  0.8428273548467247E+00  0.3619127985923127E+00
-0.1115000E+02  0.0000000E+00  0.0000000E+00  0.1225710548580127E+01  0.5732684216580046E+00
-0.1105000E+02  0.0000000E+00  0.0000000E+00  0.8670056996171691E+00  0.4399365699079382E+00
