#   DETECTOR OUTPUT MSH/DMSH
#   X BIN:    20 Y BIN:     1 Z BIN:     1
#                DETECTOR TYPE: TLET      
#   X START:-0.130D+02 Y START:-0.500D+00 Z START:-0.100D+00
#   X END  :-0.110D+02 Y END  : 0.500D+00 Z END  : 0.100D+00
#   PRIMARIES: 0.101D+07
-0.1295000E+02  0.0000000E+00  0.0000000E+00  0.4293691607094247E+02  0.2956357828787468E+02
-0.1285000E+02  0.0000000E+00  0.0000000E+00  0.2541945837808629E+01  0.1274248327840797E+01
-0.1275000E+02  0.0000000E+00  0.0000000E+00  0.4537873533734885E+02  0.2875532457487753E+02
-0.1265000E+02  0.0000000E+00  0.0000000E+00  0.5544395976278113E+01  0.3561886289458079E+01
-0.1255000E+02  0.0000000E+00  0.0000000E+00  0.2108197822950403E+01  0.1770883885702684E+01
-0.1245000E+02  0.0000000E+00  0.0000000E+00  0.3295184629946939E+02  0.3273356213413872E+02
-0.1235000E+02  0.0000000E+00  0.0000000E+00  0.7874348137109864E+00  0.4736782820948290E+00
-0.1225000E+02  0.0000000E+00  0.0000000E+00  0.2897574404997020E+00  0.1790696974887292E+00
-0.1215000E+02  0.0000000E+00  0.0000000E+00  0.7263717730015194E+01  0.5889112267224104E+01
-0.1205000E+02  0.0000000E+00  0.0000000E+00  0.3375027421596359E+02  0.2161927689200298E+02
-0.1195000E+02  0.0000000E+00  0.0000000E+00  0.2198095731336701E+02  0.2129332660578363E+02
-0.1185000E+02  0.0000000E+00  0.0000000E+00  0.2347948586688283E+01  0.1728057429448080E+01
-0.1175000E+02  0.0000000E+00  0.0000000E+00  0.2564715617849419E+02  0.2455103165188467E+02
-0.1165000E+02  0.0000000E+00  0.0000000E+00  0.1193635761435006E+01  0.1124041185029466E+01
-0.1155000E+02  0.0000000E+00  0.0000000E+00  0.7902519159404572E+00  0.4930866737550090E+00
-0.1145000E+02  0.0000000E+00  0.0000000E+00  0.3417851388308515E+02  0.2852345857542385E+02
-0.1135000E+02  0.0000000E+00  0.0000000E+00  0.1906560642828588E+02  0.1392501971656556E+02
-0.1125000E+02  0.0000000E+00  0.0000000E+00  0.1042546187922055E+03  0.7278099191091357E+02
-0.1115000E+02  0.0000000E+00  0.0000000E+00  0.1590829129241398E+02  0.1452549764575000E+02
-0.1105000E+02  0.0000000E+00  0.0000000E+00  0.2752022346240589E+02  0.2664809042088651E+02
