#   DETECTOR OUTPUT MSH/DMSH
#   X BIN:    20 Y BIN:     1 Z BIN:     1
#                DETECTOR TYPE: TLET      
#   X START:-0.130D+02 Y START:-0.500D+00 Z START:-0.100D+00
#   X END  :-0.110D+02 Y END  : 0.500D+00 Z END  : 0.100D+00
#   PRIMARIES: 0.101D+07
-0.1295000E+02  0.0000000E+00  0.0000000E+00  0.0000000000000000E+00  0.0000000000000000E+00
-0.1285000E+02  0.0000000E+00  0.0000000E+00  0.0000000000000000E+00  0.0000000000000000E+00
-0.1275000E+02  0.0000000E+00  0.0000000E+00  0.5522138864093013E-01  0.5522138864093011E-01
-0.1265000E+02  0.0000000E+00  0.0000000E+00  0.5495659460778069E-01  0.5495659460778067E-01
-0.1255000E+02  0.0000000E+00  0.0000000E+00  0.1108113992754272E+00  0.7796059973911741E-01
-0.1245000E+02  0.0000000E+00  0.0000000E+00  0.5548770870089512E-01  0.5548770870089512E-01
-0.1235000E+02  0.0000000E+00  0.0000000E+00  0.1100778675467931E+00  0.7744275397040914E-01
-0.1225000E+02  0.0000000E+00  0.0000000E+00  0.5493973636187028E-01  0.5493973636187027E-01
-0.1215000E+02  0.0000000E+00  0.0000000E+00  0.1110283870630753E+00  0.7811358228459231E-01
-0.1205000E+02  0.0000000E+00  0.0000000E+00  0.5561642358419472E-01  0.5561642358419473E-01
-0.1195000E+02  0.0000000E+00  0.0000000E+00  0.0000000000000000E+00  0.0000000000000000E+00
-0.1185000E+02  0.0000000E+00  0.0000000E+00  0.5492914409472983E-01  0.5492914409472984E-01
-0.1175000E+02  0.0000000E+00  0.0000000E+00  0.0000000000000000E+00  0.0000000000000000E+00
-0.1165000E+02  0.0000000E+00  0.0000000E+00  0.0000000000000000E+00  0.0000000000000000E+00
-0.1155000E+02  0.0000000E+00  0.0000000E+00  0.1102319669415918E+00  0.7755192314795223E-01
-0.1145000E+02  0.0000000E+00  0.0000000E+00  0.1660631571322126E+00  0.9490364086017129E-01
-0.1135000E+02  0.0000000E+00  0.0000000E+00  0.2208276474989275E+00  0.1087284937845940E+00
-0.1125000E+02  0.0000000E+00  0.0000000E+00  0.5551626965033732E-01  0.5551626965033727E-01
-0.1115000E+02  0.0000000E+00  0.0000000E+00  0.1113494903389111E+00  0.7833928077849357E-01
-0.1105000E+02  0.0000000E+00  0.0000000E+00  0.1107734084580436E+00  0.7793377915847115E-01
