#   DETECTOR OUTPUT MSH/DMSH
#   X BIN:    20 Y BIN:     1 Z BIN:     1
#                DETECTOR TYPE: DLET      
#   X START:-0.130D+02 Y START:-0.500D+00 Z START:-0.100D+00
#   X END  :-0.110D+02 Y END  : 0.500D+00 Z END  : 0.100D+00
#   PRIMARIES: 0.930D+06
-0.1295000E+02  0.0000000E+00  0.0000000E+00  0.8007616968579333E+00  0.5382058622689707E+00
-0.1285000E+02  0.0000000E+00  0.0000000E+00  0.2797725972698097E+01  0.1883739836255794E+01
-0.1275000E+02  0.0000000E+00  0.0000000E+00  0.1524411275384564E+01  0.6899793651744678E+00
-0.1265000E+02  0.0000000E+00  0.0000000E+00  0.8328639281660411E+01  0.5448326259035228E+01
-0.1255000E+02  0.0000000E+00  0.0000000E+00  0.3333003225427042E+01  0.2936019247403518E+01
-0.1245000E+02  0.0000000E+00  0.0000000E+00  0.2522422729928657E+00  0.1978590272932809E+00
-0.1235000E+02  0.0000000E+00  0.0000000E+00  0.9192505310562917E+00  0.5535865633445213E+00
-0.1225000E+02  0.0000000E+00  0.0000000E+00  0.3375329982916568E+00  0.2086133505666974E+00
-0.1215000E+02  0.0000000E+00  0.0000000E+00  0.1291943280495614E+01  0.5351275804540582E+00
-0.1205000E+02  0.0000000E+00  0.0000000E+00  0.3238197164772761E+01  0.2387896171081521E+01
-0.1195000E+02  0.0000000E+00  0.0000000E+00  0.3071489298702991E+01  0.2508186514691698E+01
-0.1185000E+02  0.0000000E+00  0.0000000E+00  0.3589347038822422E+01  0.2862299978994406E+01
-0.1175000E+02  0.0000000E+00  0.0000000E+00  0.1290231202273839E+01  0.9856378467231195E+00
-0.1165000E+02  0.0000000E+00  0.0000000E+00  0.2085060722276708E+01  0.2003130028571343E+01
-0.1155000E+02  0.0000000E+00  0.0000000E+00  0.9337178982145764E+00  0.5872411117933517E+00
-0.1145000E+02  0.0000000E+00  0.0000000E+00  0.3162863007052116E+01  0.2278272730936599E+01
-0.1135000E+02  0.0000000E+00  0.0000000E+00  0.9809145489400047E+00  0.3947630522090957E+00
-0.1125000E+02  0.0000000E+00  0.0000000E+00  0.9821450946896492E+00  0.4219249942801311E+00
-0.1115000E+02  0.0000000E+00  0.0000000E+00  0.1444185563550207E+01  0.6824483987715254E+00
-0.1105000E+02  0.0000000E+00  0.0000000E+00  0.1015080653452439E+01  0.5162525075731395E+00
