#   DETECTOR OUTPUT MSH/DMSH
#   X BIN:    20 Y BIN:     1 Z BIN:     1
#                DETECTOR TYPE: DLET      
#   X START:-0.130D+02 Y START:-0.500D+00 Z START:-0.100D+00
#   X END  :-0.110D+02 Y END  : 0.500D+00 Z END  : 0.100D+00
#   PRIMARIES: 0.101D+07
-0.1295000E+02  0.0000000E+00  0.0000000E+00  0.0000000000000000E+00  0.0000000000000000E+00
-0.1285000E+02  0.0000000E+00  0.0000000E+00  0.0000000000000000E+00  0.0000000000000000E+00
-0.1275000E+02  0.0000000E+00  0.0000000E+00  0.5522138864093013E-01  0.5522138864093011E-01
-0.1265000E+02  0.0000000E+00  0.0000000E+00  0.5494188453658099E-01  0.5494188453658098E-01
-0.1255000E+02  0.0000000E+00  0.0000000E+00  0.1108489506473577E+00  0.7798683842405824E-01
-0.1245000E+02  0.0000000E+00  0.0000000E+00  0.5546798002465179E-01  0.5546798002465179E-01
-0.1235000E+02  0.0000000E+00  0.0000000E+00  0.1100963941187619E+00  0.7745577258348318E-01
-0.1225000E+02  0.0000000E+00  0.0000000E+00  0.5496455959454875E-01  0.5496455959454875E-01
-0.1215000E+02  0.0000000E+00  0.0000000E+00  0.1110328711998593E+00  0.7811671320202071E-01
-0.1205000E+02  0.0000000E+00  0.0000000E+00  0.5560576595349978E-01  0.5560576595349979E-01
-0.1195000E+02  0.0000000E+00  0.0000000E+00  0.0000000000000000E+00  0.0000000000000000E+00
-0.1185000E+02  0.0000000E+00  0.0000000E+00  0.5493054159429710E-01  0.5493054159429710E-01
-0.1175000E+02  0.0000000E+00  0.0000000E+00  0.0000000000000000E+00  0.0000000000000000E+00
-0.1165000E+02  0.0000000E+00  0.0000000E+00  0.0000000000000000E+00  0.0000000000000000E+00
-0.1155000E+02  0.0000000E+00  0.0000000E+00  0.1102384512259665E+00  0.7755646395806096E-01
-0.1145000E+02  0.0000000E+00  0.0000000E+00  0.1660729493802845E+00  0.9490921543258110E-01
-0.1135000E+02  0.0000000E+00  0.0000000E+00  0.2208145833095328E+00  0.1087220324964033E+00
-0.1125000E+02  0.0000000E+00  0.0000000E+00  0.5551626965033732E-01  0.5551626965033727E-01
-0.1115000E+02  0.0000000E+00  0.0000000E+00  0.1113633328531482E+00  0.7834905885448627E-01
-0.1105000E+02  0.0000000E+00  0.0000000E+00  0.1107662607711695E+00  0.7792878493289987E-01
