-2.20063 0.0531305 1.28177e-05
-2.10188 0.0535077 1.32811e-05
-2.00313 0.053742 1.38522e-05
-1.90438 0.0542339 1.3961e-05
-1.80563 0.0543896 1.43358e-05
-1.70688 0.0545059 1.48354e-05
-1.60813 0.0549224 1.50745e-05
-1.50938 0.0550344 1.53054e-05
-1.41063 0.0551036 1.50066e-05
-1.31188 0.055481 1.56812e-05
-1.21313 0.0555497 1.61092e-05
-1.11438 0.055616 1.54451e-05
-1.01563 0.0559824 1.4259e-05
-0.916875 0.0560029 1.46232e-05
-0.818125 0.0560884 1.48936e-05
-0.719375 0.0563864 1.55633e-05
-0.620625 0.0564127 1.52782e-05
-0.521875 0.0565419 1.55217e-05
-0.423125 0.0567624 1.5741e-05
-0.324375 0.0567751 1.50255e-05
-0.225625 0.0570968 1.40309e-05
-0.126875 0.0571537 1.44365e-05
-0.028125 0.0573293 1.49997e-05
0.070625 0.0575797 1.53906e-05
0.169375 0.0575775 1.66425e-05
0.268125 0.057936 1.5959e-05
0.366875 0.0580073 1.62604e-05
0.465625 0.0579945 1.62425e-05
0.564375 0.0583658 1.62048e-05
0.663125 0.0583246 1.65867e-05
0.761875 0.0584866 1.75293e-05
0.860625 0.0586745 1.64811e-05
0.959375 0.0586525 1.58234e-05
1.05812 0.0589958 1.62559e-05
1.15687 0.0590014 1.66104e-05
1.25562 0.059126 1.61666e-05
1.35437 0.0593168 1.59131e-05
1.45312 0.0592787 1.68193e-05
1.55187 0.0596091 1.63847e-05
1.65062 0.0595985 1.57043e-05
1.74937 0.0597804 1.68891e-05
1.84812 0.0598892 1.59426e-05
1.94687 0.0599256 1.58911e-05
2.04562 0.0601948 1.62664e-05
2.14437 0.0601612 1.66984e-05
2.24312 0.0604487 1.68108e-05
2.34187 0.0604685 1.62276e-05
2.44062 0.0606368 1.76139e-05
2.53937 0.0607453 1.70938e-05
2.63812 0.060821 1.78535e-05
2.73687 0.0610308 1.75624e-05
2.83562 0.0610368 1.6799e-05
2.93437 0.0612811 1.67085e-05
3.03312 0.0612863 1.78477e-05
3.13187 0.0615088 1.67304e-05
3.23062 0.0615337 1.69576e-05
3.32937 0.0617092 1.63099e-05
3.42812 0.0618054 1.59836e-05
3.52687 0.0619508 1.73346e-05
3.62562 0.062043 1.73452e-05
3.72437 0.0621907 1.70092e-05
3.82312 0.0622985 1.66483e-05
3.92187 0.0624312 1.57714e-05
4.02062 0.0625487 1.63871e-05
4.11937 0.062666 1.64032e-05
4.21812 0.0627845 1.6784e-05
4.31687 0.0629172 1.71084e-05
4.41562 0.0630399 1.71021e-05
4.51437 0.0631737 1.69969e-05
4.61313 0.0632695 1.81471e-05
4.71187 0.0634228 1.76449e-05
4.81062 0.0635279 1.71511e-05
4.90937 0.0636877 1.80808e-05
5.00812 0.0637994 1.75841e-05
5.10687 0.0639368 1.71568e-05
5.20562 0.0640342 1.79961e-05
5.30437 0.0641813 1.72979e-05
5.40312 0.0643183 1.78091e-05
5.50188 0.0644551 1.81164e-05
5.60062 0.0645914 1.87907e-05
5.69937 0.0647145 1.67953e-05
5.79812 0.0648342 1.78357e-05
5.89687 0.0649792 1.82747e-05
5.99562 0.0651055 1.88409e-05
6.09437 0.0652243 1.77973e-05
6.19312 0.0653722 1.84541e-05
6.29187 0.065513 1.73896e-05
6.39062 0.0656294 1.6529e-05
6.48937 0.0657731 1.82571e-05
6.58812 0.0659452 1.7743e-05
6.68687 0.0660855 1.80043e-05
6.78562 0.0662239 1.85299e-05
6.88437 0.0663437 1.87264e-05
6.98312 0.0664959 1.76729e-05
7.08187 0.0666362 1.84407e-05
7.18062 0.0667966 1.85306e-05
7.27937 0.0669399 1.81695e-05
7.37812 0.0670873 1.86946e-05
7.47687 0.0672641 1.96328e-05
7.57562 0.067449 1.95968e-05
7.67437 0.0676623 1.93168e-05
7.77312 0.0678835 1.81904e-05
7.87187 0.0680939 1.8243e-05
7.97062 0.0683199 1.84212e-05
8.06937 0.0685772 1.77357e-05
8.16812 0.0688108 1.7914e-05
8.26687 0.0690491 1.88523e-05
8.36562 0.0692989 1.95417e-05
8.46437 0.0695528 1.80385e-05
8.56312 0.0698036 1.8238e-05
8.66187 0.0700733 1.83783e-05
8.76062 0.0703528 1.83554e-05
8.85937 0.070624 1.91411e-05
8.95812 0.0709139 1.89874e-05
9.05687 0.0712012 1.98393e-05
9.15562 0.0715046 2.00762e-05
9.25437 0.0718111 1.99377e-05
9.35312 0.072131 1.94169e-05
9.45187 0.0724541 1.96493e-05
9.55062 0.0727876 2.10006e-05
9.64937 0.0731541 2.14404e-05
9.74812 0.0735204 1.99817e-05
9.84687 0.0738783 2.0338e-05
9.94562 0.0742657 2.0817e-05
10.0444 0.0746571 2.09175e-05
10.1431 0.0750659 2.12202e-05
10.2419 0.0754627 2.21733e-05
10.3406 0.0759206 2.18018e-05
10.4394 0.0763754 2.2174e-05
10.5381 0.0768469 2.15835e-05
10.6369 0.0773159 2.18794e-05
10.7356 0.0778366 2.08672e-05
10.8344 0.07836 2.04574e-05
10.9331 0.078895 2.21782e-05
11.0319 0.0794603 2.33242e-05
11.1306 0.0800522 2.26887e-05
11.2294 0.0806512 2.16549e-05
11.3281 0.0813104 2.20024e-05
11.4269 0.0819814 2.2892e-05
11.5256 0.0826715 2.32452e-05
11.6244 0.08341 2.29004e-05
11.7231 0.0841958 2.3076e-05
11.8219 0.0849829 2.35397e-05
11.9206 0.0858498 2.45366e-05
12.0194 0.0867454 2.45822e-05
12.1181 0.0876834 2.40413e-05
12.2169 0.0886915 2.39421e-05
12.3156 0.0897625 2.41844e-05
12.4144 0.0908747 2.53715e-05
12.5131 0.0920623 2.566e-05
12.6119 0.0933012 2.52726e-05
12.7106 0.0946391 2.74557e-05
12.8094 0.0960715 2.75258e-05
12.9081 0.0976149 2.74832e-05
13.0069 0.0992899 2.82598e-05
13.1056 0.101116 2.88039e-05
13.2044 0.103083 2.87022e-05
13.3031 0.105212 2.8806e-05
13.4019 0.10757 3.06461e-05
13.5006 0.110156 3.13109e-05
13.5994 0.113026 3.20008e-05
13.6981 0.11626 3.40754e-05
13.7969 0.119883 3.47473e-05
13.8956 0.123996 3.59261e-05
13.9944 0.128693 3.76402e-05
14.0931 0.13406 3.8517e-05
14.1919 0.140439 4.20338e-05
14.2906 0.148048 4.44266e-05
14.3894 0.157417 4.55732e-05
14.4881 0.169008 4.90589e-05
14.5869 0.182973 5.46551e-05
14.6856 0.198176 6.03935e-05
14.7844 0.211255 6.59718e-05
14.8831 0.216031 6.91983e-05
14.9819 0.206297 7.26892e-05
15.0806 0.179003 6.77948e-05
15.1794 0.13788 6.53536e-05
15.2781 0.0926219 4.79209e-05
15.3769 0.0536331 3.71719e-05
15.4756 0.0265474 2.43321e-05
15.5744 0.0111427 1.49124e-05
15.6731 0.00400792 9.16084e-06
15.7719 0.00129541 5.98772e-06
15.8706 0.000437815 3.60489e-06
15.9694 0.000211447 2.19537e-06
16.0681 0.000159613 1.80158e-06
16.1669 0.000149726 1.75768e-06
16.2656 0.000148256 1.81595e-06
16.3644 0.000146192 1.68553e-06
16.4631 0.000143837 1.84412e-06
16.5619 0.000143086 1.73894e-06
16.6606 0.000141269 1.69591e-06
16.7594 0.000140398 1.66231e-06
16.8581 0.000138785 1.66249e-06
16.9569 0.000135115 1.85858e-06
17.0556 0.000132289 1.66197e-06
17.1544 0.000133349 1.61695e-06
17.2531 0.000131733 1.50211e-06
17.3519 0.000132182 1.51155e-06
17.4506 0.000129674 1.62206e-06
