-2.20063 0.0521647 1.28885e-05
-2.10188 0.0525407 1.33768e-05
-2.00313 0.0527723 1.36872e-05
-1.90438 0.0532837 1.38165e-05
-1.80563 0.0534384 1.40756e-05
-1.70688 0.053553 1.47805e-05
-1.60813 0.0539817 1.50018e-05
-1.50938 0.0540937 1.56267e-05
-1.41063 0.054163 1.5442e-05
-1.31188 0.0545612 1.5784e-05
-1.21313 0.0546328 1.6107e-05
-1.11438 0.0547001 1.54761e-05
-1.01563 0.0550808 1.45254e-05
-0.916875 0.0551064 1.46567e-05
-0.818125 0.055197 1.49178e-05
-0.719375 0.0555139 1.56146e-05
-0.620625 0.0555451 1.52374e-05
-0.521875 0.0556758 1.57107e-05
-0.423125 0.0559099 1.59245e-05
-0.324375 0.0559218 1.5044e-05
-0.225625 0.055959 1.40364e-05
-0.126875 0.0559191 1.42387e-05
-0.028125 0.0560887 1.52196e-05
0.070625 0.0563322 1.54814e-05
0.169375 0.0563325 1.66105e-05
0.268125 0.0568762 1.59216e-05
0.366875 0.057031 1.59207e-05
0.465625 0.0570158 1.61502e-05
0.564375 0.0573485 1.62003e-05
0.663125 0.0573051 1.65957e-05
0.761875 0.0574482 1.75376e-05
0.860625 0.057615 1.63847e-05
0.959375 0.0575906 1.56256e-05
1.05812 0.0578963 1.59791e-05
1.15687 0.0578988 1.6554e-05
1.25562 0.0580049 1.6173e-05
1.35437 0.0581761 1.6008e-05
1.45312 0.0581358 1.65064e-05
1.55187 0.0584298 1.61401e-05
1.65062 0.058422 1.55751e-05
1.74937 0.0585847 1.68153e-05
1.84812 0.0586744 1.58174e-05
1.94687 0.0587053 1.55666e-05
2.04562 0.0589434 1.65118e-05
2.14437 0.0589093 1.64982e-05
2.24312 0.0591716 1.68324e-05
2.34187 0.0591862 1.64914e-05
2.44062 0.059335 1.75073e-05
2.53937 0.0594308 1.70152e-05
2.63812 0.059499 1.79465e-05
2.73687 0.0596906 1.75937e-05
2.83562 0.059693 1.67581e-05
2.93437 0.0599194 1.66158e-05
3.03312 0.0599219 1.7559e-05
3.13187 0.0601257 1.64757e-05
3.23062 0.0601489 1.68865e-05
3.32937 0.060304 1.648e-05
3.42812 0.0603925 1.63352e-05
3.52687 0.0605311 1.72091e-05
3.62562 0.0606196 1.72819e-05
3.72437 0.0607543 1.69785e-05
3.82312 0.060857 1.66524e-05
3.92187 0.060984 1.57011e-05
4.02062 0.0610933 1.61771e-05
4.11937 0.0612037 1.58441e-05
4.21812 0.061316 1.61255e-05
4.31687 0.0614464 1.67649e-05
4.41562 0.0615642 1.6601e-05
4.51437 0.0616986 1.67123e-05
4.61313 0.0617944 1.8278e-05
4.71187 0.0619464 1.76684e-05
4.81062 0.0620471 1.67399e-05
4.90937 0.0622059 1.75118e-05
5.00812 0.0623252 1.73508e-05
5.10687 0.0624671 1.68332e-05
5.20562 0.0625665 1.73414e-05
5.30437 0.0627184 1.68922e-05
5.40312 0.0628653 1.75917e-05
5.50188 0.0630102 1.81218e-05
5.60062 0.0631563 1.88089e-05
5.69937 0.0632866 1.71412e-05
5.79812 0.0634223 1.78546e-05
5.89687 0.063579 1.85492e-05
5.99562 0.0637167 1.90678e-05
6.09437 0.0638533 1.74546e-05
6.19312 0.0640197 1.85969e-05
6.29187 0.0641817 1.74487e-05
6.39062 0.0643202 1.65523e-05
6.48937 0.0644869 1.77489e-05
6.58812 0.0646859 1.76456e-05
6.68687 0.0648531 1.78477e-05
6.78562 0.0650217 1.8793e-05
6.88437 0.0651752 1.85987e-05
6.98312 0.0653618 1.76021e-05
7.08187 0.0655316 1.86444e-05
7.18062 0.0657291 1.83838e-05
7.27937 0.0659042 1.80108e-05
7.37812 0.0660816 1.82683e-05
7.47687 0.0662835 1.93182e-05
7.57562 0.0664882 1.94453e-05
7.67437 0.0667078 1.90473e-05
7.77312 0.0669286 1.86263e-05
7.87187 0.0671329 1.87557e-05
7.97062 0.067349 1.92538e-05
8.06937 0.0676021 1.83213e-05
8.16812 0.0678282 1.81569e-05
8.26687 0.0680659 1.90863e-05
8.36562 0.068316 1.94546e-05
8.46437 0.0685689 1.77251e-05
8.56312 0.0688201 1.79051e-05
8.66187 0.069092 1.83606e-05
8.76062 0.0693763 1.81767e-05
8.85937 0.0696466 1.86751e-05
8.95812 0.0699382 1.87823e-05
9.05687 0.0702251 1.94809e-05
9.15562 0.0705187 1.98058e-05
9.25437 0.0708209 1.99664e-05
9.35312 0.0711364 1.93854e-05
9.45187 0.0714521 1.9752e-05
9.55062 0.071784 2.13264e-05
9.64937 0.0721519 2.17759e-05
9.74812 0.0725214 2.03489e-05
9.84687 0.0728829 2.07785e-05
9.94562 0.07327 2.06627e-05
10.0444 0.07366 2.07762e-05
10.1431 0.0740642 2.15367e-05
10.2419 0.074457 2.25377e-05
10.3406 0.0749091 2.19315e-05
10.4394 0.0753589 2.19431e-05
10.5381 0.0758275 2.14995e-05
10.6369 0.0762921 2.17628e-05
10.7356 0.0768132 2.09097e-05
10.8344 0.0773357 2.05718e-05
10.9331 0.0778728 2.21105e-05
11.0319 0.0784335 2.33525e-05
11.1306 0.0790257 2.28378e-05
11.2294 0.0796157 2.1679e-05
11.3281 0.0802572 2.20386e-05
11.4269 0.0809107 2.26839e-05
11.5256 0.081589 2.33754e-05
11.6244 0.0823156 2.31655e-05
11.7231 0.0830906 2.32031e-05
11.8219 0.0838676 2.34086e-05
11.9206 0.0847228 2.43975e-05
12.0194 0.0856057 2.45606e-05
12.1181 0.0865225 2.40293e-05
12.2169 0.0875144 2.37957e-05
12.3156 0.0885569 2.39938e-05
12.4144 0.0896473 2.53684e-05
12.5131 0.0908192 2.54399e-05
12.6119 0.0920462 2.51665e-05
12.7106 0.0933676 2.7322e-05
12.8094 0.0947867 2.72e-05
12.9081 0.0963139 2.77194e-05
13.0069 0.0979635 2.81817e-05
13.1056 0.0997546 2.86991e-05
13.2044 0.101683 2.88102e-05
13.3031 0.103781 2.86844e-05
13.4019 0.106116 3.05592e-05
13.5006 0.108676 3.14227e-05
13.5994 0.111509 3.22658e-05
13.6981 0.114706 3.42066e-05
13.7969 0.118282 3.4754e-05
13.8956 0.122351 3.56451e-05
13.9944 0.127029 3.72675e-05
14.0931 0.132407 3.89392e-05
14.1919 0.138822 4.21141e-05
14.2906 0.146469 4.41616e-05
14.3894 0.155861 4.57026e-05
14.4881 0.167467 4.96297e-05
14.5869 0.181458 5.52405e-05
14.6856 0.196747 6.05692e-05
14.7844 0.210051 6.62831e-05
14.8831 0.215202 7.05444e-05
14.9819 0.205919 7.36013e-05
15.0806 0.179045 6.90683e-05
15.1794 0.138174 6.41124e-05
15.2781 0.0929814 4.88952e-05
15.3769 0.0539329 3.77055e-05
15.4756 0.0267297 2.5276e-05
15.5744 0.0112278 1.57695e-05
15.6731 0.00403961 9.54835e-06
15.7719 0.00130697 6.01643e-06
15.8706 0.00044043 3.65106e-06
15.9694 0.000211272 2.20838e-06
16.0681 0.000159172 1.81428e-06
16.1669 0.000149435 1.77943e-06
16.2656 0.000148382 1.84455e-06
16.3644 0.000146681 1.79468e-06
16.4631 0.000143962 1.93006e-06
16.5619 0.000142782 1.73669e-06
16.6606 0.00014094 1.73367e-06
16.7594 0.000140199 1.67832e-06
16.8581 0.000138442 1.67266e-06
16.9569 0.000134744 1.92193e-06
17.0556 0.000131523 1.70523e-06
17.1544 0.000133008 1.63978e-06
17.2531 0.000131439 1.56499e-06
17.3519 0.000132073 1.60613e-06
17.4506 0.000129839 1.67807e-06
