-2.20063 5.42245 0.00103627
-2.10188 5.46305 0.00124168
-2.00313 5.48723 0.00120229
-1.90438 5.54216 0.0011729
-1.80563 5.55876 0.00110988
-1.70688 5.57513 0.00122731
-1.60813 5.6218 0.0013154
-1.50938 5.6367 0.00132698
-1.41063 5.6476 0.00135184
-1.31188 5.6934 0.00125053
-1.21313 5.70577 0.00135988
-1.11438 5.7176 0.00123597
-1.01563 5.76169 0.0012417
-0.916875 5.7696 0.00133431
-0.818125 5.7852 0.0012479
-0.719375 5.82297 0.00143286
-0.620625 5.83372 0.00130447
-0.521875 5.8504 0.00132052
-0.423125 5.88388 0.00133941
-0.324375 5.89059 0.00136179
-0.225625 6.57252 0.00140313
-0.126875 6.80958 0.00144361
-0.028125 6.83947 0.00145864
0.070625 6.87625 0.00152187
0.169375 6.88517 0.00155365
0.268125 6.32534 0.00148192
0.366875 6.05645 0.00130659
0.465625 6.06181 0.00133738
0.564375 6.1056 0.00140807
0.663125 6.10878 0.00144076
0.761875 6.1313 0.00142392
0.860625 6.15568 0.00139842
0.959375 6.16282 0.00145141
1.05812 6.2035 0.00133397
1.15687 6.21262 0.00144812
1.25562 6.2323 0.0014198
1.35437 6.25919 0.00131039
1.45312 6.2633 0.00128825
1.55187 6.30411 0.00140552
1.65062 6.31366 0.00132614
1.74937 6.34041 0.001473
1.84812 6.36021 0.00122208
1.94687 6.37144 0.00126085
2.04562 6.40575 0.00149223
2.14437 6.41215 0.00140782
2.24312 6.45195 0.00142945
2.34187 6.46376 0.00150241
2.44062 6.48885 0.00155209
2.53937 6.50975 0.00132004
2.63812 6.52758 0.00143918
2.73687 6.55876 0.00145171
2.83562 6.56876 0.00145118
2.93437 6.60496 0.001369
3.03312 6.61656 0.00151718
3.13187 6.6499 0.00145045
3.23062 6.66449 0.00150803
3.32937 6.69221 0.0014303
3.42812 6.71422 0.00139353
3.52687 6.74009 0.00145176
3.62562 6.76109 0.00141949
3.72437 6.78647 0.0014901
3.82312 6.81115 0.00145139
3.92187 6.83657 0.00148242
4.02062 6.86152 0.00150716
4.11937 6.88419 0.00137777
4.21812 6.90893 0.00141487
4.31687 6.93744 0.00145539
4.41562 6.96329 0.00155497
4.51437 6.99084 0.00155012
4.61313 7.01421 0.00148281
4.71187 7.04287 0.00143288
4.81062 7.06917 0.00141582
4.90937 7.09861 0.00151055
5.00812 7.12624 0.00142627
5.10687 7.15562 0.00143101
5.20562 7.18143 0.00152089
5.30437 7.21101 0.00145932
5.40312 7.24151 0.00144402
5.50188 7.27401 0.00147406
5.60062 7.30435 0.00165196
5.69937 7.33319 0.00148098
5.79812 7.36294 0.00144372
5.89687 7.39456 0.00152013
5.99562 7.42523 0.00155103
6.09437 7.45692 0.00155706
6.19312 7.48935 0.00155019
6.29187 7.52366 0.0015907
6.39062 7.55523 0.00148757
6.48937 7.58914 0.00143909
6.58812 7.62949 0.00150204
6.68687 7.66361 0.00155184
6.78562 7.69927 0.00134789
6.88437 7.73319 0.00155968
6.98312 7.77247 0.00157154
7.08187 7.80886 0.00158507
7.18062 7.84722 0.00153554
7.27937 7.88376 0.00149913
7.37812 7.92389 0.00157473
7.47687 7.96439 0.00153791
7.57562 8.00432 0.00156371
7.67437 8.05012 0.00163095
7.77312 8.09312 0.00165204
7.87187 8.13568 0.00156712
7.97062 8.17915 0.00170199
8.06937 8.2283 0.00156255
8.16812 8.27391 0.00150416
8.26687 8.32128 0.001734
8.36562 8.3705 0.00173484
8.46437 8.41911 0.001511
8.56312 8.4702 0.00157386
8.66187 8.52376 0.00165857
8.76062 8.57643 0.00159912
8.85937 8.63049 0.00167944
8.95812 8.68433 0.001502
9.05687 8.74303 0.00150747
9.15562 8.79976 0.00153039
9.25437 8.85666 0.00163369
9.35312 8.91876 0.00160052
9.45187 8.97986 0.00151345
9.55062 9.04387 0.00163883
9.64937 9.11094 0.00168105
9.74812 9.18031 0.00162169
9.84687 9.24656 0.00160157
9.94562 9.31785 0.00163435
10.0444 9.38946 0.00144068
10.1431 9.46663 0.00158546
10.2419 9.541 0.00155113
10.3406 9.62189 0.00166626
10.4394 9.70383 0.00176578
10.5381 9.78836 0.00157712
10.6369 9.87262 0.00154011
10.7356 9.96737 0.00158999
10.8344 10.06 0.001558
10.9331 10.1564 0.00161919
11.0319 10.258 0.00172417
11.1306 10.3616 0.00162443
11.2294 10.4659 0.0015507
11.3281 10.5781 0.00180625
11.4269 10.6943 0.00166034
11.5256 10.8116 0.00153467
11.6244 10.9384 0.00158746
11.7231 11.0711 0.00169178
11.8219 11.2052 0.00167751
11.9206 11.3518 0.00173082
12.0194 11.5012 0.00168885
12.1181 11.6602 0.00190517
12.2169 11.8249 0.00178391
12.3156 12.001 0.00175173
12.4144 12.1847 0.00185715
12.5131 12.3794 0.00172124
12.6119 12.5863 0.00170972
12.7106 12.8049 0.0018978
12.8094 13.0383 0.00176904
12.9081 13.2944 0.00178886
13.0069 13.564 0.00166332
13.1056 13.856 0.00177769
13.2044 14.1703 0.00186162
13.3031 14.5095 0.00170454
13.4019 14.8888 0.00165698
13.5006 15.3007 0.00188265
13.5994 15.7546 0.00173397
13.6981 16.2692 0.0017528
13.7969 16.8377 0.00188136
13.8956 17.4909 0.00185661
13.9944 18.2395 0.00194531
14.0931 19.1079 0.00214671
14.1919 20.1488 0.00225904
14.2906 21.4071 0.00217037
14.3894 22.9869 0.00240232
14.4881 25.0264 0.0027899
14.5869 27.6971 0.00327868
14.6856 31.1614 0.0041492
14.7844 35.5073 0.00500087
14.8831 40.6486 0.00591483
14.9819 46.4252 0.00656005
15.0806 52.5773 0.00887739
15.1794 58.848 0.0110363
15.2781 65.0007 0.0147485
15.3769 70.9226 0.0222157
15.4756 76.425 0.03357
15.5744 80.8047 0.0580463
15.6731 82.2072 0.100435
15.7719 75.7029 0.220043
15.8706 58.3771 0.336483
15.9694 43.4589 0.391398
16.0681 37.8431 0.352402
16.1669 37.3549 0.381628
16.2656 36.8257 0.39497
16.3644 36.5181 0.385167
16.4631 36.5048 0.408986
16.5619 36.7912 0.373512
16.6606 36.8155 0.410136
16.7594 37.2423 0.432219
16.8581 37.1064 0.433801
16.9569 36.8877 0.432251
17.0556 36.2625 0.399437
17.1544 36.5983 0.416732
17.2531 36.2203 0.426042
17.3519 36.8189 0.406823
17.4506 36.2515 0.385224
