-2.20063 5.21393 1.58711e-05
-2.10188 5.21397 1.63913e-05
-2.00313 5.21402 1.43528e-05
-1.90438 5.24554 1.59898e-05
-1.80563 5.24799 1.47889e-05
-1.70688 5.24804 1.63344e-05
-1.60813 5.27892 1.45847e-05
-1.50938 5.28196 1.46132e-05
-1.41063 5.28232 1.84979e-05
-1.31188 5.31376 1.61609e-05
-1.21313 5.316 1.47232e-05
-1.11438 5.31786 1.53604e-05
-1.01563 5.34909 1.64825e-05
-0.916875 5.35009 1.62101e-05
-0.818125 5.35569 1.47676e-05
-0.719375 5.38389 1.53645e-05
-0.620625 5.38419 1.63264e-05
-0.521875 5.39612 1.6994e-05
-0.423125 5.41819 1.72053e-05
-0.324375 5.41837 1.71804e-05
-0.225625 5.44775 2.07089e-05
-0.126875 5.4574 2.16612e-05
-0.028125 5.47314 2.00547e-05
0.070625 5.50024 1.9355e-05
0.169375 5.50127 2.29157e-05
0.268125 5.54153 1.92462e-05
0.366875 5.54955 1.87617e-05
0.465625 5.55193 2.26047e-05
0.564375 5.59266 2.27048e-05
0.663125 5.59277 2.07732e-05
0.761875 5.61317 2.2167e-05
0.860625 5.63623 2.17367e-05
0.959375 5.6368 2.25281e-05
1.05812 5.67637 2.45464e-05
1.15687 5.68009 2.09229e-05
1.25562 5.69902 2.43672e-05
1.35437 5.72411 2.33556e-05
1.45312 5.72631 2.14714e-05
1.55187 5.76523 2.44612e-05
1.65062 5.76863 2.41338e-05
1.74937 5.79345 2.78905e-05
1.84812 5.81306 2.40597e-05
1.94687 5.82242 2.65396e-05
2.04562 5.85694 2.29526e-05
2.14437 5.85973 2.55904e-05
2.24312 5.89462 2.89294e-05
2.34187 5.90322 2.20334e-05
2.44062 5.92815 2.85223e-05
2.53937 5.94809 2.22804e-05
2.63812 5.96304 2.86912e-05
2.73687 5.9926 2.52128e-05
2.83562 6.00165 3.1416e-05
2.93437 6.03525 2.54827e-05
3.03312 6.04359 2.75611e-05
3.13187 6.07648 2.94297e-05
3.23062 6.08766 2.82813e-05
3.32937 6.11763 2.86336e-05
3.42812 6.13272 2.76075e-05
3.52687 6.15978 3.0395e-05
3.62562 6.17823 2.8932e-05
3.72437 6.20332 3.45293e-05
3.82312 6.22404 2.89851e-05
3.92187 6.24826 3.52178e-05
4.02062 6.27026 3.06184e-05
4.11937 6.29449 3.24444e-05
4.21812 6.31698 3.07702e-05
4.31687 6.34195 3.45856e-05
4.41562 6.36445 3.17685e-05
4.51437 6.39045 3.49875e-05
4.61313 6.41283 3.53052e-05
4.71187 6.43982 3.81522e-05
4.81062 6.46224 3.55354e-05
4.90937 6.48996 3.50728e-05
5.00812 6.51297 3.69268e-05
5.10687 6.54074 3.66275e-05
5.20562 6.56505 3.77364e-05
5.30437 6.59236 3.55286e-05
5.40312 6.61828 3.85572e-05
5.50188 6.64502 4.06861e-05
5.60062 6.6724 4.38271e-05
5.69937 6.6991 4.16953e-05
5.79812 6.72725 4.07553e-05
5.89687 6.75458 4.20231e-05
5.99562 6.78294 3.69468e-05
6.09437 6.81136 4.07183e-05
6.19312 6.83987 4.38466e-05
6.29187 6.86907 4.48911e-05
6.39062 6.89827 4.30304e-05
6.48937 6.92794 4.28726e-05
6.58812 6.95791 4.64082e-05
6.68687 6.98817 4.91607e-05
6.78562 7.01875 4.85596e-05
6.88437 7.04972 4.8491e-05
6.98312 7.08094 4.85e-05
7.08187 7.11275 4.59295e-05
7.18062 7.14499 5.10979e-05
7.27937 7.17806 5.03585e-05
7.37812 7.21224 5.23999e-05
7.47687 7.24787 5.61051e-05
7.57562 7.28543 5.74604e-05
7.67437 7.32471 5.74622e-05
7.77312 7.36593 6.18917e-05
7.87187 7.40841 6.82233e-05
7.97062 7.45199 6.13025e-05
8.06937 7.49628 6.49571e-05
8.16812 7.54146 6.75785e-05
8.26687 7.58719 7.07625e-05
8.36562 7.6337 7.53663e-05
8.46437 7.681 7.38397e-05
8.56312 7.72925 7.22252e-05
8.66187 7.77848 7.12763e-05
8.76062 7.82895 7.7192e-05
8.85937 7.88082 8.24662e-05
8.95812 7.9342 8.42937e-05
9.05687 7.989 8.94164e-05
9.15562 8.04528 8.56195e-05
9.25437 8.10309 9.16348e-05
9.35312 8.16224 9.67905e-05
9.45187 8.22267 9.64432e-05
9.55062 8.2846 9.88494e-05
9.64937 8.34804 0.0001027
9.74812 8.4131 0.000110215
9.84687 8.47989 0.000117435
9.94562 8.54868 0.000115483
10.0444 8.61961 0.000112536
10.1431 8.69287 0.000114644
10.2419 8.76854 0.000119878
10.3406 8.8466 0.000122697
10.4394 8.92698 0.000126569
10.5381 9.00977 0.000131962
10.6369 9.09516 0.000134308
10.7356 9.18309 0.000141151
10.8344 9.27393 0.000146294
10.9331 9.36798 0.000150992
11.0319 9.46565 0.000167702
11.1306 9.56736 0.000168106
11.2294 9.67354 0.000171919
11.3281 9.78437 0.000179381
11.4269 9.89989 0.000190513
11.5256 10.02 0.00019853
11.6244 10.1451 0.000211576
11.7231 10.2753 0.000222778
11.8219 10.4112 0.000237586
11.9206 10.5533 0.000252957
12.0194 10.7024 0.000268966
12.1181 10.8595 0.00028976
12.2169 11.0252 0.00032155
12.3156 11.1998 0.00031652
12.4144 11.384 0.000344779
12.5131 11.5785 0.000357236
12.6119 11.7843 0.000395473
12.7106 12.002 0.000412941
12.8094 12.2345 0.000459853
12.9081 12.484 0.000533554
13.0069 12.7524 0.000612431
13.1056 13.0421 0.00063914
13.2044 13.3565 0.000694327
13.3031 13.6965 0.000752313
13.4019 14.0688 0.000897158
13.5006 14.4772 0.00103789
13.5994 14.9295 0.00111944
13.6981 15.434 0.00130112
13.7969 16.0042 0.00146774
13.8956 16.6505 0.00162099
13.9944 17.3872 0.00188977
14.0931 18.2417 0.00206913
14.1919 19.2525 0.00286633
14.2906 20.4849 0.0034304
14.3894 22.0315 0.00393281
14.4881 24.026 0.00475614
14.5869 26.6434 0.00593103
14.6856 30.0154 0.0081666
14.7844 34.2328 0.00902796
14.8831 39.1809 0.0122062
14.9819 44.6877 0.0158412
15.0806 50.57 0.0198986
15.1794 56.5644 0.0257259
15.2781 62.4722 0.0308311
15.3769 68.3733 0.05027
15.4756 74.0288 0.065153
15.5744 79.3156 0.119718
15.6731 84.3437 0.210574
15.7719 89.2027 0.419288
15.8706 94.8511 1.01815
15.9694 105.963 3.71981
16.0681 76.4471 10.5809
16.1669 18.7626 5.36681
16.2656 0 0
16.3644 0 0
16.4631 0 0
16.5619 0 0
16.6606 0 0
16.7594 0 0
16.8581 0 0
16.9569 0 0
17.0556 0 0
17.1544 0 0
17.2531 0 0
17.3519 0 0
17.4506 0 0
