-2.20063 36.1073 0.292339
-2.10188 36.56 0.28041
-2.00313 36.9991 0.284341
-1.90438 37.4329 0.286347
-1.80563 36.9527 0.264696
-1.70688 37.8822 0.289028
-1.60813 37.323 0.29599
-1.50938 37.2314 0.272528
-1.41063 37.5417 0.278302
-1.31188 37.8875 0.290315
-1.21313 37.9487 0.296664
-1.11438 37.6607 0.284983
-1.01563 37.965 0.275878
-0.916875 37.9989 0.285408
-0.818125 38.1463 0.273093
-0.719375 38.1842 0.315406
-0.620625 39.0023 0.278882
-0.521875 37.6852 0.29048
-0.423125 38.5865 0.293967
-0.324375 38.507 0.28179
-0.225625 39.4801 0.281844
-0.126875 40.0155 0.296508
-0.028125 40.467 0.299864
0.070625 40.3304 0.308338
0.169375 40.0599 0.272667
0.268125 39.4482 0.313628
0.366875 38.4817 0.259861
0.465625 38.3657 0.264325
0.564375 38.5518 0.299458
0.663125 38.4889 0.270444
0.761875 38.6377 0.265706
0.860625 38.1223 0.293761
0.959375 37.9886 0.257129
1.05812 38.5324 0.279933
1.15687 38.4599 0.264285
1.25562 38.2777 0.301175
1.35437 38.4181 0.2662
1.45312 37.9957 0.28556
1.55187 38.6458 0.277226
1.65062 38.4201 0.275009
1.74937 39.0329 0.255418
1.84812 38.7178 0.263504
1.94687 38.1767 0.27323
2.04562 37.9509 0.251485
2.14437 38.4503 0.269418
2.24312 38.9088 0.267743
2.34187 38.5014 0.302862
2.44062 38.4017 0.288106
2.53937 38.7755 0.27346
2.63812 38.7351 0.298527
2.73687 38.8722 0.283727
2.83562 38.6062 0.298158
2.93437 38.4943 0.253064
3.03312 38.7486 0.307494
3.13187 38.6327 0.289283
3.23062 38.7612 0.272801
3.32937 38.6515 0.265617
3.42812 39.2188 0.247073
3.52687 38.7864 0.272186
3.62562 38.9074 0.28704
3.72437 38.5455 0.281829
3.82312 38.6628 0.268331
3.92187 38.8994 0.260812
4.02062 39.1143 0.259369
4.11937 38.2299 0.267243
4.21812 38.6078 0.254197
4.31687 38.6533 0.276222
4.41562 38.7753 0.286058
4.51437 38.6408 0.271078
4.61313 38.7586 0.276407
4.71187 37.9989 0.248985
4.81062 38.6292 0.259759
4.90937 38.4685 0.277269
5.00812 38.7179 0.286113
5.10687 38.5177 0.278948
5.20562 38.4252 0.266173
5.30437 38.7077 0.256567
5.40312 38.1477 0.275081
5.50188 38.9614 0.274033
5.60062 38.6803 0.26784
5.69937 38.3579 0.264512
5.79812 38.4957 0.231433
5.89687 38.6757 0.260957
5.99562 37.7741 0.25645
6.09437 38.0922 0.270305
6.19312 38.3051 0.264136
6.29187 38.3731 0.245305
6.39062 38.2481 0.259457
6.48937 38.072 0.229813
6.58812 38.7268 0.241533
6.68687 38.4179 0.284242
6.78562 38.5192 0.261125
6.88437 38.1373 0.28947
6.98312 38.4451 0.238087
7.08187 38.3456 0.267705
7.18062 37.9422 0.255378
7.27937 37.5148 0.258912
7.37812 38.281 0.269019
7.47687 38.0871 0.251157
7.57562 37.7297 0.243136
7.67437 38.5071 0.260512
7.77312 38.3683 0.247427
7.87187 38.2129 0.261432
7.97062 37.8701 0.248564
8.06937 38.4249 0.254077
8.16812 38.1124 0.238398
8.26687 38.2079 0.290238
8.36562 38.0254 0.241047
8.46437 38.2662 0.237884
8.56312 38.1399 0.268314
8.66187 38.4272 0.249831
8.76062 38.4302 0.247602
8.85937 38.1731 0.246822
8.95812 38.0086 0.245781
9.05687 38.2734 0.217883
9.15562 38.4691 0.22743
9.25437 38.4523 0.244802
9.35312 38.6055 0.249368
9.45187 38.4842 0.243449
9.55062 38.5509 0.242372
9.64937 38.9673 0.245039
9.74812 38.9731 0.238124
9.84687 38.2357 0.2305
9.94562 38.7599 0.229362
10.0444 38.4528 0.226197
10.1431 38.5278 0.211466
10.2419 38.7646 0.229185
10.3406 38.6205 0.220529
10.4394 38.7419 0.24195
10.5381 38.594 0.223198
10.6369 38.5152 0.222369
10.7356 39.1781 0.232325
10.8344 38.6754 0.235461
10.9331 39.1638 0.214059
11.0319 39.2351 0.24593
11.1306 39.4483 0.218174
11.2294 38.9113 0.226515
11.3281 39.0207 0.241758
11.4269 39.0106 0.224872
11.5256 39.1862 0.209713
11.6244 39.3262 0.228412
11.7231 39.5521 0.219996
11.8219 38.9398 0.202006
11.9206 39.5154 0.218277
12.0194 39.4615 0.213457
12.1181 40.0946 0.207126
12.2169 39.6414 0.214841
12.3156 39.7752 0.221937
12.4144 39.9946 0.212858
12.5131 39.7864 0.212807
12.6119 40.067 0.186216
12.7106 40.1706 0.216547
12.8094 40.0632 0.18876
12.9081 40.8318 0.209052
13.0069 40.9288 0.182464
13.1056 41.1343 0.207415
13.2044 41.374 0.181711
13.3031 41.1155 0.175333
13.4019 41.6538 0.184548
13.5006 41.7571 0.200659
13.5994 41.6443 0.177716
13.6981 42.7078 0.153987
13.7969 42.623 0.161487
13.8956 43.2121 0.165877
13.9944 43.474 0.178171
14.0931 43.743 0.167573
14.1919 44.3424 0.148974
14.2906 45.2558 0.138869
14.3894 46.5256 0.119076
14.4881 48.5706 0.11414
14.5869 52.1348 0.109002
14.6856 57.8352 0.0930215
14.7844 65.5124 0.0813253
14.8831 75.1711 0.0704551
14.9819 85.833 0.0648454
15.0806 96.9731 0.0681397
15.1794 107.785 0.0682627
15.2781 117.668 0.0874973
15.3769 127.036 0.111801
15.4756 136.914 0.187344
15.5744 150.177 0.399271
15.6731 175.819 1.00641
15.7719 239.266 3.28198
15.8706 384.762 8.55211
15.9694 581.783 14.021
16.0681 672.692 17.484
16.1669 713.495 17.9726
16.2656 678.082 18.4703
16.3644 672.234 17.3278
16.4631 703.941 21.0156
16.5619 697.701 18.8115
16.6606 684.837 17.2219
16.7594 687.78 18.3566
16.8581 680.713 19.1782
16.9569 706.312 19.3694
17.0556 717.349 20.1584
17.1544 727.971 21.142
17.2531 693.52 18.6823
17.3519 699.646 18.7639
17.4506 679.814 18.3582
