-2.20063 0.0101752
-2.10188 0.0102039
-2.00313 0.0102249
-1.90438 0.0102445
-1.80563 0.0102586
-1.70688 0.0102711
-1.60813 0.0102845
-1.50938 0.0102941
-1.41063 0.010303
-1.31188 0.0103112
-1.21313 0.0103184
-1.11438 0.0103249
-1.01563 0.0103318
-0.916875 0.0103372
-0.818125 0.0103409
-0.719375 0.0103452
-0.620625 0.0103493
-0.521875 0.0103524
-0.423125 0.0103548
-0.324375 0.0103564
-0.225625 0.010358
-0.126875 0.0103602
-0.028125 0.010362
0.070625 0.0103651
0.169375 0.0103649
0.268125 0.010363
0.366875 0.0103608
0.465625 0.010358
0.564375 0.0103557
0.663125 0.0103523
0.761875 0.0103484
0.860625 0.010344
0.959375 0.0103408
1.05812 0.0103366
1.15687 0.0103324
1.25562 0.0103273
1.35437 0.0103221
1.45312 0.0103163
1.55187 0.0103097
1.65062 0.0103048
1.74937 0.0102987
1.84812 0.0102914
1.94687 0.0102849
2.04562 0.0102773
2.14437 0.0102697
2.24312 0.010262
2.34187 0.0102547
2.44062 0.0102466
2.53937 0.0102374
2.63812 0.0102298
2.73687 0.0102202
2.83562 0.0102106
2.93437 0.0102014
3.03312 0.0101917
3.13187 0.0101803
3.23062 0.0101684
3.32937 0.0101585
3.42812 0.0101502
3.52687 0.010139
3.62562 0.010129
3.72437 0.0101174
3.82312 0.0101074
3.92187 0.010095
4.02062 0.010084
4.11937 0.0100708
4.21812 0.0100575
4.31687 0.0100463
4.41562 0.0100349
4.51437 0.0100216
4.61313 0.010008
4.71187 0.00999443
4.81062 0.00998182
4.90937 0.00996967
5.00812 0.00995674
5.10687 0.00994234
5.20562 0.00993049
5.30437 0.00991645
5.40312 0.00990292
5.50188 0.00988872
5.60062 0.00987224
5.69937 0.00985866
5.79812 0.00984317
5.89687 0.00982872
5.99562 0.00981224
6.09437 0.00979651
6.19312 0.00978173
6.29187 0.00976609
6.39062 0.00975115
6.48937 0.00973597
6.58812 0.00972057
6.68687 0.00970519
6.78562 0.00968805
6.88437 0.00967224
6.98312 0.00965477
7.08187 0.00963774
7.18062 0.00962037
7.27937 0.00960216
7.37812 0.00958523
7.47687 0.00956839
7.57562 0.00955166
7.67437 0.00953529
7.77312 0.00951777
7.87187 0.00949802
7.97062 0.00948086
8.06937 0.00946464
8.16812 0.0094471
8.26687 0.00942945
8.36562 0.00941166
8.46437 0.00939353
8.56312 0.00937492
8.66187 0.00935702
8.76062 0.00933789
8.85937 0.00931774
8.95812 0.0092985
9.05687 0.00927859
9.15562 0.0092579
9.25437 0.00923844
9.35312 0.00921929
9.45187 0.00919956
9.55062 0.00917991
9.64937 0.00916105
9.74812 0.00914137
9.84687 0.00912093
9.94562 0.00909993
10.0444 0.00907747
10.1431 0.00905727
10.2419 0.0090352
10.3406 0.00901479
10.4394 0.00899524
10.5381 0.00897409
10.6369 0.00895308
10.7356 0.00893152
10.8344 0.008909
10.9331 0.00888752
11.0319 0.00886436
11.1306 0.00884133
11.2294 0.00881829
11.3281 0.00879588
11.4269 0.00877288
11.5256 0.00875057
11.6244 0.00872754
11.7231 0.0087041
11.8219 0.0086803
11.9206 0.00865647
12.0194 nan
12.1181 0.00860699
12.2169 0.00858228
12.3156 0.0085592
12.4144 0.00853448
12.5131 0.00850812
12.6119 0.00848146
12.7106 0.00845592
12.8094 0.00842953
12.9081 0.00840238
13.0069 0.00837539
13.1056 0.00834821
13.2044 0.0083198
13.3031 0.00829143
13.4019 0.00826132
13.5006 0.0082321
13.5994 0.00820139
13.6981 0.00816957
13.7969 0.00813569
13.8956 0.00809902
13.9944 0.00805972
14.0931 0.00801583
14.1919 0.00796648
14.2906 0.00790714
14.3894 0.00783173
14.4881 0.00772967
14.5869 0.00757107
14.6856 0.00731181
14.7844 0.00688654
14.8831 0.00623169
14.9819 0.00533468
15.0806 0.00426208
15.1794 0.0031609
15.2781 0.00220544
15.3769 0.00150515
15.4756 0.00107193
15.5744 0.000844591
15.6731 0.000741542
15.7719 0.000698929
15.8706 0.000678446
15.9694 0.000665593
16.0681 0.000655216
16.1669 0.000643895
16.2656 0.000633986
16.3644 0.000624625
16.4631 0.000614938
16.5619 0.000604807
16.6606 0.000594207
16.7594 0.000583993
16.8581 0.000573995
16.9569 0.000564183
17.0556 0.000554462
17.1544 0.000544418
17.2531 0.000533577
17.3519 0.000522435
17.4506 0.000509956
