-2.20063 5.28133 3.78469e-06
-2.10188 5.28136 3.79648e-06
-2.00313 5.28139 3.80941e-06
-1.90438 5.31528 4.17048e-06
-1.80563 5.31786 4.03257e-06
-1.70688 5.31793 4.07103e-06
-1.60813 5.3514 4.53105e-06
-1.50938 5.3547 4.18387e-06
-1.41063 5.3551 4.34511e-06
-1.31188 5.38944 4.72994e-06
-1.21313 5.39189 4.24204e-06
-1.11438 5.39396 4.7535e-06
-1.01563 5.42838 4.72364e-06
-0.916875 5.42943 4.40497e-06
-0.818125 5.43572 5.38079e-06
-0.719375 5.46701 4.67002e-06
-0.620625 5.46733 4.58442e-06
-0.521875 5.48004 5.85614e-06
-0.423125 5.50411 4.91502e-06
-0.324375 5.50426 4.94506e-06
-0.225625 6.13679 6.60308e-06
-0.126875 6.35117 6.92474e-06
-0.028125 6.36948 7.22349e-06
0.070625 6.4011 7.07643e-06
0.169375 6.40228 7.33275e-06
0.268125 5.88009 6.46968e-06
0.366875 5.62569 5.93099e-06
0.465625 5.62789 6.20741e-06
0.564375 5.66532 6.14664e-06
0.663125 5.66539 6.22587e-06
0.761875 5.68417 6.82098e-06
0.860625 5.70539 6.35751e-06
0.959375 5.70593 6.60705e-06
1.05812 5.74244 7.18971e-06
1.15687 5.74587 6.55539e-06
1.25562 5.76342 7.69109e-06
1.35437 5.78658 6.81812e-06
1.45312 5.78865 7.46213e-06
1.55187 5.82478 7.71163e-06
1.65062 5.82791 7.00544e-06
1.74937 5.85108 8.63117e-06
1.84812 5.86934 7.19567e-06
1.94687 5.87812 8.87554e-06
2.04562 5.91043 7.78334e-06
2.14437 5.91301 8.11378e-06
2.24312 5.94584 9.04576e-06
2.34187 5.95394 7.64766e-06
2.44062 5.97747 9.74921e-06
2.53937 5.99634 7.72209e-06
2.63812 6.01052 1.00158e-05
2.73687 6.03858 8.1496e-06
2.83562 6.04721 9.69338e-06
2.93437 6.07932 8.96829e-06
3.03312 6.08734 9.26363e-06
3.13187 6.11889 9.97682e-06
3.23062 6.12964 9.12655e-06
3.32937 6.15864 1.07813e-05
3.42812 6.17316 9.15643e-06
3.52687 6.19954 1.13835e-05
3.62562 6.21743 9.44415e-06
3.72437 6.24204 1.19123e-05
3.82312 6.26231 9.91615e-06
3.92187 6.28621 1.22137e-05
4.02062 6.30788 1.02337e-05
4.11937 6.332 1.23071e-05
4.21812 6.35431 1.0686e-05
4.31687 6.37931 1.25345e-05
4.41562 6.40182 1.11072e-05
4.51437 6.42804 1.26918e-05
4.61313 6.45063 1.18097e-05
4.71187 6.47808 1.30948e-05
4.81062 6.50096 1.26918e-05
4.90937 6.52934 1.32562e-05
5.00812 6.55304 1.33978e-05
5.10687 6.58176 1.33579e-05
5.20562 6.60698 1.42332e-05
5.30437 6.6355 1.37399e-05
5.40312 6.66269 1.47599e-05
5.50188 6.69088 1.43018e-05
5.60062 6.71992 1.51096e-05
5.69937 6.74833 1.52409e-05
5.79812 6.77852 1.521e-05
5.89687 6.808 1.59577e-05
5.99562 6.83872 1.58428e-05
6.09437 6.8697 1.64745e-05
6.19312 6.901 1.68612e-05
6.29187 6.93322 1.68365e-05
6.39062 6.96561 1.74724e-05
6.48937 6.99874 1.77001e-05
6.58812 7.03245 1.79796e-05
6.68687 7.06664 1.87635e-05
6.78562 7.10153 1.89541e-05
6.88437 7.137 1.91542e-05
6.98312 7.17309 1.97328e-05
7.08187 7.20988 1.99638e-05
7.18062 7.24733 2.0172e-05
7.27937 7.28547 2.06013e-05
7.37812 7.32436 2.0958e-05
7.47687 7.36397 2.14368e-05
7.57562 7.40436 2.19245e-05
7.67437 7.44555 2.25189e-05
7.77312 7.48755 2.31576e-05
7.87187 7.53041 2.3512e-05
7.97062 7.57415 2.40641e-05
8.06937 7.61881 2.48502e-05
8.16812 7.6644 2.56721e-05
8.26687 7.71097 2.6419e-05
8.36562 7.75855 2.71785e-05
8.46437 7.80718 2.86342e-05
8.56312 7.8569 2.97464e-05
8.66187 7.90774 3.09586e-05
8.76062 7.95976 3.21042e-05
8.85937 8.01301 3.32054e-05
8.95812 8.06752 3.45668e-05
9.05687 8.12335 3.57729e-05
9.15562 8.18056 3.7166e-05
9.25437 8.23921 3.81286e-05
9.35312 8.29935 3.92575e-05
9.45187 8.36105 4.07193e-05
9.55062 8.42438 4.24261e-05
9.64937 8.48941 4.36151e-05
9.74812 8.55622 4.52749e-05
9.84687 8.6249 4.67959e-05
9.94562 8.69553 4.77445e-05
10.0444 8.76822 4.88797e-05
10.1431 8.84304 5.11944e-05
10.2419 8.92013 5.36991e-05
10.3406 8.9996 5.57651e-05
10.4394 9.08157 5.78765e-05
10.5381 9.16619 5.9086e-05
10.6369 9.2536 6.07346e-05
10.7356 9.34394 6.25587e-05
10.8344 9.43741 6.45804e-05
10.9331 9.53417 6.82928e-05
11.0319 9.63442 7.17113e-05
11.1306 9.73839 7.32843e-05
11.2294 9.84635 7.74213e-05
11.3281 9.95853 8.17242e-05
11.4269 10.0752 8.54226e-05
11.5256 10.1967 9.12924e-05
11.6244 10.3234 9.50821e-05
11.7231 10.4556 9.98044e-05
11.8219 10.5938 0.000105858
11.9206 10.7385 0.000112683
12.0194 10.8901 0.000119218
12.1181 11.0494 0.000129431
12.2169 11.217 0.000142089
12.3156 11.3935 0.000146689
12.4144 11.5799 0.000159922
12.5131 11.7771 0.000170393
12.6119 11.9865 0.000180866
12.7106 12.209 0.000195998
12.8094 12.4464 0.000217178
12.9081 12.7006 0.000246387
13.0069 12.9736 0.000277748
13.1056 13.2674 0.000296148
13.2044 13.5859 0.000324265
13.3031 13.9323 0.000343807
13.4019 14.3112 0.000401383
13.5006 14.7275 0.000446858
13.5994 15.1886 0.000494974
13.6981 15.7023 0.000571027
13.7969 16.2813 0.000646593
13.8956 16.9397 0.000742429
13.9944 17.6958 0.000917379
14.0931 18.5777 0.00104431
14.1919 19.6276 0.00130767
14.2906 20.9023 0.00158886
14.3894 22.4989 0.00184088
14.4881 24.5574 0.00222045
14.5869 27.2519 0.00283933
14.6856 30.742 0.00371589
14.7844 35.1091 0.00476292
14.8831 40.2608 0.00573866
14.9819 46.0356 0.00636519
15.0806 52.1841 0.00879246
15.1794 58.4782 0.0109809
15.2781 64.7249 0.0146872
15.3769 70.8681 0.0215394
15.4756 76.8544 0.0329636
15.5744 82.5226 0.0570669
15.6731 87.8798 0.0975556
15.7719 92.931 0.199114
15.8706 98.3514 0.372814
15.9694 104.593 0.985512
16.0681 117.638 5.21555
16.1669 44.9639 5.57471
16.2656 7.92775 3.81818
16.3644 0 0
16.4631 0 0
16.5619 0 0
16.6606 0 0
16.7594 0 0
16.8581 0 0
16.9569 0 0
17.0556 0 0
17.1544 0 0
17.2531 0 0
17.3519 0 0
17.4506 0 0
