-2.20063 5.2816 3.71898e-06
-2.10188 5.28164 3.72112e-06
-2.00313 5.28166 3.72097e-06
-1.90438 5.31558 4.11982e-06
-1.80563 5.31814 3.99766e-06
-1.70688 5.31821 4.03325e-06
-1.60813 5.35171 4.65272e-06
-1.50938 5.35499 4.1887e-06
-1.41063 5.35539 4.30361e-06
-1.31188 5.38976 4.65035e-06
-1.21313 5.39218 4.17062e-06
-1.11438 5.39428 4.67938e-06
-1.01563 5.42869 4.64767e-06
-0.916875 5.42973 4.33092e-06
-0.818125 5.43608 5.26979e-06
-0.719375 5.46732 4.60251e-06
-0.620625 5.46764 4.5e-06
-0.521875 5.48044 5.74967e-06
-0.423125 5.50443 4.79407e-06
-0.324375 5.50457 4.82394e-06
-0.225625 6.15888 9.29101e-06
-0.126875 6.35161 6.7494e-06
-0.028125 6.37003 6.9589e-06
0.070625 6.40155 6.8448e-06
0.169375 6.40275 7.08772e-06
0.268125 5.90419 2.20978e-05
0.366875 5.62605 5.81216e-06
0.465625 5.62827 6.07708e-06
0.564375 5.66568 6.12267e-06
0.663125 5.66576 6.21031e-06
0.761875 5.68463 6.75366e-06
0.860625 5.70576 6.28933e-06
0.959375 5.70632 6.5112e-06
1.05812 5.74287 7.06314e-06
1.15687 5.74625 6.43529e-06
1.25562 5.76392 7.40893e-06
1.35437 5.78697 6.65926e-06
1.45312 5.78908 7.29926e-06
1.55187 5.82522 7.60159e-06
1.65062 5.82832 6.96329e-06
1.74937 5.85162 8.38481e-06
1.84812 5.86974 7.13951e-06
1.94687 5.87865 8.76676e-06
2.04562 5.91086 7.69356e-06
2.14437 5.91347 8.03849e-06
2.24312 5.94638 8.69658e-06
2.34187 5.95438 7.38473e-06
2.44062 5.97807 9.42042e-06
2.53937 5.99677 7.49973e-06
2.63812 6.01113 9.60041e-06
2.73687 6.03904 7.8098e-06
2.83562 6.04778 9.41389e-06
2.93437 6.07984 8.70117e-06
3.03312 6.08788 9.07876e-06
3.13187 6.11948 9.70447e-06
3.23062 6.13016 8.86008e-06
3.32937 6.15928 1.03535e-05
3.42812 6.17369 8.94305e-06
3.52687 6.20023 1.10517e-05
3.62562 6.21797 9.20918e-06
3.72437 6.24275 1.1513e-05
3.82312 6.26287 9.65181e-06
3.92187 6.28695 1.19065e-05
4.02062 6.30847 1.00079e-05
4.11937 6.33275 1.19722e-05
4.21812 6.35494 1.04145e-05
4.31687 6.38008 1.20982e-05
4.41562 6.40248 1.07749e-05
4.51437 6.42882 1.22282e-05
4.61313 6.45133 1.16333e-05
4.71187 6.47887 1.2831e-05
4.81062 6.50172 1.24661e-05
4.90937 6.53014 1.30008e-05
5.00812 6.55386 1.30087e-05
5.10687 6.58257 1.29993e-05
5.20562 6.60785 1.3877e-05
5.30437 6.63633 1.34553e-05
5.40312 6.6636 1.4279e-05
5.50188 6.69176 1.39276e-05
5.60062 6.72086 1.46577e-05
5.69937 6.74927 1.46889e-05
5.79812 6.77948 1.48565e-05
5.89687 6.809 1.55952e-05
5.99562 6.83972 1.55126e-05
6.09437 6.87075 1.62468e-05
6.19312 6.90206 1.64584e-05
6.29187 6.93431 1.65473e-05
6.39062 6.96674 1.69709e-05
6.48937 6.99989 1.74711e-05
6.58812 7.03364 1.77409e-05
6.68687 7.06785 1.83497e-05
6.78562 7.10278 1.87021e-05
6.88437 7.13829 1.88877e-05
6.98312 7.17442 1.94572e-05
7.08187 7.21124 1.98595e-05
7.18062 7.24873 2.00185e-05
7.27937 7.28692 2.06058e-05
7.37812 7.32584 2.09179e-05
7.47687 7.3655 2.1692e-05
7.57562 7.40594 2.19349e-05
7.67437 7.44718 2.2332e-05
7.77312 7.48924 2.26942e-05
7.87187 7.53216 2.37594e-05
7.97062 7.57595 2.44872e-05
8.06937 7.62068 2.52267e-05
8.16812 7.66633 2.58978e-05
8.26687 7.71297 2.6728e-05
8.36562 7.76062 2.69749e-05
8.46437 7.80933 2.87693e-05
8.56312 7.85914 3.04632e-05
8.66187 7.91007 3.15636e-05
8.76062 7.96218 3.26898e-05
8.85937 8.01552 3.34935e-05
8.95812 8.07014 3.47179e-05
9.05687 8.12608 3.60381e-05
9.15562 8.18341 3.73951e-05
9.25437 8.24218 3.84834e-05
9.35312 8.30245 3.90332e-05
9.45187 8.36429 4.06742e-05
9.55062 8.42777 4.26075e-05
9.64937 8.49297 4.42242e-05
9.74812 8.55996 4.52664e-05
9.84687 8.62882 4.71107e-05
9.94562 8.69966 4.85547e-05
10.0444 8.77262 8.15932e-05
10.1431 8.8476 5.12095e-05
10.2419 8.92494 5.3894e-05
10.3406 9.00469 5.64144e-05
10.4394 9.08696 5.87796e-05
10.5381 9.17191 6.18026e-05
10.6369 9.25972 9.42604e-05
10.7356 9.35037 6.34126e-05
10.8344 9.44425 6.77662e-05
10.9331 9.54155 0.000100251
11.0319 9.64236 0.000130603
11.1306 9.74676 7.79117e-05
11.2294 9.85536 8.38468e-05
11.3281 9.96829 0.000119644
11.4269 10.0858 0.000131434
11.5256 10.2083 0.000173602
11.6244 10.3359 0.000167042
11.7231 10.4691 0.000168921
11.8219 10.6087 0.000199864
11.9206 10.7548 0.000195351
12.0194 10.9079 0.000181494
12.1181 11.0696 0.000304161
12.2169 11.2399 0.000395284
12.3156 11.4199 0.000456156
12.4144 11.6094 0.000441463
12.5131 11.8106 0.000475461
12.6119 12.0275 0.000645759
12.7106 12.2564 0.000757996
12.8094 12.5024 0.00085139
12.9081 12.7684 0.00094823
13.0069 13.0606 0.00131346
13.1056 13.3714 0.00146127
13.2044 13.7172 0.00161715
13.3031 14.0996 0.00171236
13.4019 14.5284 0.00218888
13.5006 15.006 0.00260116
13.5994 15.5535 0.00287548
13.6981 16.1739 0.00349051
13.7969 16.9016 0.00375188
13.8956 17.7654 0.00419201
13.9944 18.7917 0.00506566
14.0931 20.0343 0.00537106
14.1919 21.6156 0.00734511
14.2906 23.6592 0.00806494
14.3894 26.4915 0.00914961
14.4881 30.5919 0.0108855
14.5869 36.6229 0.0129481
14.6856 44.9422 0.015374
14.7844 55.5221 0.0186477
14.8831 67.5501 0.0196227
14.9819 80.2236 0.0192766
15.0806 92.7815 0.0236542
15.1794 104.786 0.0271087
15.2781 115.958 0.0318217
15.3769 126.313 0.0427379
15.4756 135.906 0.0627149
15.5744 144.749 0.0950754
15.6731 152.877 0.157315
15.7719 159.723 0.310808
15.8706 167.715 0.560338
15.9694 174.177 1.41046
16.0681 174.21 6.15419
16.1669 62.7461 7.50227
16.2656 9.75748 4.44014
16.3644 0 0
16.4631 0 0
16.5619 0 0
16.6606 0 0
16.7594 0 0
16.8581 0 0
16.9569 0 0
17.0556 0 0
17.1544 0 0
17.2531 0 0
17.3519 0 0
17.4506 0 0
