-2.20063 5.21389 3.57041e-06
-2.10188 5.21391 3.58142e-06
-2.00313 5.21394 3.59445e-06
-1.90438 5.24551 3.90825e-06
-1.80563 5.2479 3.78911e-06
-1.70688 5.24797 3.82829e-06
-1.60813 5.27889 4.41342e-06
-1.50938 5.28192 3.95002e-06
-1.41063 5.28228 4.0545e-06
-1.31188 5.31373 4.38938e-06
-1.21313 5.31595 3.94314e-06
-1.11438 5.31784 4.42204e-06
-1.01563 5.34905 4.34699e-06
-0.916875 5.35 4.05408e-06
-0.818125 5.35571 4.92909e-06
-0.719375 5.38382 4.28267e-06
-0.620625 5.38411 4.21042e-06
-0.521875 5.39616 5.56844e-06
-0.423125 5.41818 4.86988e-06
-0.324375 5.41832 4.91208e-06
-0.225625 5.44871 6.05746e-06
-0.126875 5.45732 6.06191e-06
-0.028125 5.47313 6.21208e-06
0.070625 5.50019 6.12646e-06
0.169375 5.50121 6.3541e-06
0.268125 5.54078 1.26683e-05
0.366875 5.54956 6.57774e-06
0.465625 5.55199 6.86641e-06
0.564375 5.59271 6.88779e-06
0.663125 5.59279 6.9807e-06
0.761875 5.61329 7.60419e-06
0.860625 5.63625 7.09812e-06
0.959375 5.63685 7.36227e-06
1.05812 5.67645 7.99931e-06
1.15687 5.68012 7.29585e-06
1.25562 5.6992 8.39285e-06
1.35437 5.72411 7.50166e-06
1.45312 5.72637 8.20054e-06
1.55187 5.76529 8.45106e-06
1.65062 5.76863 7.7236e-06
1.74937 5.7936 9.4428e-06
1.84812 5.81307 7.97744e-06
1.94687 5.82256 9.79676e-06
2.04562 5.85699 8.57295e-06
2.14437 5.85976 8.9336e-06
2.24312 5.89474 9.74483e-06
2.34187 5.90327 8.26747e-06
2.44062 5.92831 1.05387e-05
2.53937 5.94814 8.29969e-06
2.63812 5.96321 1.06228e-05
2.73687 5.99263 8.62471e-06
2.83562 6.00176 1.04044e-05
2.93437 6.03534 9.60176e-06
3.03312 6.04373 9.95211e-06
3.13187 6.07661 1.06096e-05
3.23062 6.08773 9.66176e-06
3.32937 6.11783 1.12449e-05
3.42812 6.13275 9.64495e-06
3.52687 6.15999 1.18432e-05
3.62562 6.17826 9.83094e-06
3.72437 6.20352 1.23525e-05
3.82312 6.22409 1.02694e-05
3.92187 6.24846 1.26448e-05
4.02062 6.27031 1.05797e-05
4.11937 6.29471 1.26381e-05
4.21812 6.31707 1.09076e-05
4.31687 6.34216 1.26797e-05
4.41562 6.36455 1.12296e-05
4.51437 6.39064 1.27565e-05
4.61313 6.41293 1.19621e-05
4.71187 6.44001 1.32251e-05
4.81062 6.46242 1.26637e-05
4.90937 6.49014 1.31767e-05
5.00812 6.51318 1.32042e-05
5.10687 6.54095 1.30153e-05
5.20562 6.56525 1.39198e-05
5.30437 6.59255 1.34247e-05
5.40312 6.6185 1.43326e-05
5.50188 6.64522 1.38152e-05
5.60062 6.67264 1.44351e-05
5.69937 6.6993 1.43809e-05
5.79812 6.72748 1.43464e-05
5.89687 6.75486 1.51162e-05
5.99562 6.7832 1.47726e-05
6.09437 6.81164 1.54014e-05
6.19312 6.84019 1.56298e-05
6.29187 6.86941 1.54261e-05
6.39062 6.8986 1.58273e-05
6.48937 6.92826 1.60758e-05
6.58812 6.95826 1.62321e-05
6.68687 6.98848 1.68458e-05
6.78562 7.01912 1.69482e-05
6.88437 7.05007 1.69122e-05
6.98312 7.08137 1.74597e-05
7.08187 7.11314 1.77945e-05
7.18062 7.14543 1.7946e-05
7.27937 7.17853 1.86882e-05
7.37812 7.21277 1.94085e-05
7.47687 7.24845 2.05265e-05
7.57562 7.28611 2.13994e-05
7.67437 7.32551 2.23581e-05
7.77312 7.36678 2.30174e-05
7.87187 7.4093 2.41027e-05
7.97062 7.45296 2.48575e-05
8.06937 7.49732 2.54311e-05
8.16812 7.54247 2.58436e-05
8.26687 7.58827 2.66073e-05
8.36562 7.63484 2.69227e-05
8.46437 7.68221 2.85421e-05
8.56312 7.73051 3.01662e-05
8.66187 7.77985 3.12313e-05
8.76062 7.83042 3.25405e-05
8.85937 7.88236 3.3521e-05
8.95812 7.9358 3.48619e-05
9.05687 7.99074 3.63204e-05
9.15562 8.04714 3.76285e-05
9.25437 8.10497 3.88129e-05
9.35312 8.16419 3.91679e-05
9.45187 8.22479 4.07998e-05
9.55062 8.28683 4.27311e-05
9.64937 8.35039 4.42084e-05
9.74812 8.41558 4.5228e-05
9.84687 8.48255 4.71194e-05
9.94562 8.55153 4.88485e-05
10.0444 8.62274 8.24653e-05
10.1431 8.69612 5.19885e-05
10.2419 8.77198 5.47882e-05
10.3406 8.85026 5.71468e-05
10.4394 8.93094 5.94261e-05
10.5381 9.01405 6.2271e-05
10.6369 9.09972 9.10679e-05
10.7356 9.18792 6.38253e-05
10.8344 9.27912 6.79735e-05
10.9331 9.37368 9.74869e-05
11.0319 9.47191 0.000131904
11.1306 9.5741 7.80783e-05
11.2294 9.68093 8.43203e-05
11.3281 9.79246 0.000117878
11.4269 9.90868 0.000119731
11.5256 10.0299 0.000165319
11.6244 10.1558 0.00017657
11.7231 10.287 0.000165157
11.8219 10.4241 0.000201146
11.9206 10.5676 0.000186302
12.0194 10.7182 0.000177469
12.1181 10.8777 0.000297127
12.2169 11.046 0.000381821
12.3156 11.224 0.00042687
12.4144 11.4112 0.000446855
12.5131 11.6092 0.000465288
12.6119 11.8217 0.000614649
12.7106 12.0459 0.000726357
12.8094 12.2868 0.000834418
12.9081 12.5478 0.000931601
13.0069 12.8352 0.00127292
13.1056 13.1416 0.00142239
13.2044 13.4817 0.00157783
13.3031 13.8565 0.001694
13.4019 14.2766 0.00214917
13.5006 14.7429 0.00251852
13.5994 15.279 0.00282107
13.6981 15.886 0.00331207
13.7969 16.599 0.00375773
13.8956 17.4406 0.00409325
13.9944 18.4349 0.00500319
14.0931 19.6336 0.0052913
14.1919 21.1584 0.00706992
14.2906 23.1282 0.00780511
14.3894 25.8527 0.00898923
14.4881 29.799 0.0106239
14.5869 35.5949 0.0123452
14.6856 43.563 0.014993
14.7844 53.6749 0.0183489
14.8831 65.1555 0.019201
14.9819 77.2187 0.0188334
15.0806 89.1695 0.0224936
15.1794 100.586 0.0254777
15.2781 111.178 0.0305254
15.3769 121.024 0.0413764
15.4756 130.155 0.060834
15.5744 138.511 0.0931534
15.6731 146.21 0.149054
15.7719 152.842 0.296115
15.8706 160.215 0.52724
15.9694 166.825 1.33848
16.0681 165.77 6.19756
16.1669 58.7452 7.11308
16.2656 9.43537 4.33572
16.3644 0 0
16.4631 0 0
16.5619 0 0
16.6606 0 0
16.7594 0 0
16.8581 0 0
16.9569 0 0
17.0556 0 0
17.1544 0 0
17.2531 0 0
17.3519 0 0
17.4506 0 0
