-2.20063 3.80443 0.000687699
-2.10188 3.84684 0.000886775
-2.00313 3.87401 0.000940632
-1.90438 3.92223 0.000940514
-1.80563 3.94081 0.00094205
-1.70688 3.95664 0.00106692
-1.60813 3.99869 0.00104808
-1.50938 4.01384 0.00102171
-1.41063 4.02537 0.00102705
-1.31188 4.06432 0.00112173
-1.21313 4.07643 0.00115755
-1.11438 4.08758 0.00108955
-1.01563 4.12708 0.0010683
-0.916875 4.1338 0.00109675
-0.818125 4.14818 0.00107619
-0.719375 4.18107 0.00111543
-0.620625 4.19006 0.00114831
-0.521875 4.20753 0.00113633
-0.423125 4.23409 0.00124132
-0.324375 4.24197 0.00122715
-0.225625 4.27083 0.00114626
-0.126875 4.28553 0.00115815
-0.028125 4.30707 0.00120287
0.070625 4.33235 0.00120655
0.169375 4.34008 0.00117547
0.268125 4.37448 0.00117633
0.366875 4.38693 0.00120909
0.465625 4.39281 0.00122609
0.564375 4.42896 0.00123845
0.663125 4.4322 0.00131591
0.761875 4.45189 0.00130377
0.860625 4.47349 0.00125487
0.959375 4.48022 0.00126016
1.05812 4.51375 0.00122564
1.15687 4.52264 0.00121231
1.25562 4.53932 0.00130962
1.35437 4.56206 0.00116935
1.45312 4.56652 0.00120142
1.55187 4.60105 0.00118397
1.65062 4.60839 0.00120094
1.74937 4.63173 0.00127926
1.84812 4.64743 0.00113618
1.94687 4.6593 0.00122753
2.04562 4.68884 0.00133381
2.14437 4.69459 0.00120659
2.24312 4.72683 0.00130985
2.34187 4.73757 0.00122598
2.44062 4.75951 0.00136521
2.53937 4.77732 0.00125851
2.63812 4.79219 0.00140453
2.73687 4.81904 0.00138045
2.83562 4.82799 0.00142353
2.93437 4.85858 0.00130183
3.03312 4.86812 0.00153102
3.13187 4.89684 0.00139153
3.23062 4.90893 0.00139979
3.32937 4.9324 0.00133114
3.42812 4.95151 0.00132546
3.52687 4.97337 0.00134499
3.62562 4.99138 0.00130543
3.72437 5.01389 0.00138689
3.82312 5.03463 0.00132368
3.92187 5.05647 0.00134759
4.02062 5.07677 0.00146749
4.11937 5.09743 0.00140528
4.21812 5.11942 0.00134422
4.31687 5.14206 0.00129915
4.41562 5.16499 0.00137234
4.51437 5.18807 0.00137264
4.61313 5.20713 0.00139527
4.71187 5.2338 0.00129089
4.81062 5.25499 0.00124568
4.90937 5.28167 0.00141313
5.00812 5.30425 0.00139835
5.10687 5.32969 0.00134965
5.20562 5.35063 0.00137911
5.30437 5.37731 0.00132787
5.40312 5.40355 0.00127515
5.50188 5.42981 0.00146716
5.60062 5.45681 0.00162697
5.69937 5.48238 0.00142479
5.79812 5.50658 0.00139669
5.89687 5.53546 0.00139175
5.99562 5.56168 0.00151274
6.09437 5.5877 0.00136851
6.19312 5.61739 0.00146042
6.29187 5.64692 0.00145204
6.39062 5.67307 0.00141777
6.48937 5.70234 0.00147742
6.58812 5.73623 0.0014672
6.68687 5.76615 0.00135055
6.78562 5.79707 0.00127444
6.88437 5.82617 0.0014749
6.98312 5.85909 0.00138728
7.08187 5.88991 0.00144402
7.18062 5.92444 0.00155155
7.27937 5.95836 0.00142709
7.37812 5.9908 0.00145615
7.47687 6.02607 0.00153222
7.57562 6.06078 0.00147173
7.67437 6.09906 0.00155186
7.77312 6.1375 0.00146121
7.87187 6.1741 0.00150905
7.97062 6.2112 0.00154933
8.06937 6.25366 0.00143482
8.16812 6.29373 0.00140153
8.26687 6.33484 0.00154802
8.36562 6.3777 0.00159244
8.46437 6.42054 0.00145064
8.56312 6.46495 0.00145649
8.66187 6.51118 0.00151573
8.76062 6.5587 0.00142052
8.85937 6.60481 0.00158878
8.95812 6.65453 0.00138565
9.05687 6.70288 0.00147038
9.15562 6.7542 0.00149852
9.25437 6.80377 0.00148788
9.35312 6.85852 0.00154349
9.45187 6.91242 0.00142382
9.55062 6.96614 0.00157111
9.64937 7.02641 0.00164771
9.74812 7.08686 0.00140963
9.84687 7.14611 0.00150365
9.94562 7.20998 0.00153488
10.0444 7.27444 0.00144865
10.1431 7.34189 0.001449
10.2419 7.4061 0.00156008
10.3406 7.4797 0.00161246
10.4394 7.55213 0.00157757
10.5381 7.62654 0.00161909
10.6369 7.70253 0.00152512
10.7356 7.78541 0.00157165
10.8344 7.86993 0.00145397
10.9331 7.95549 0.00160438
11.0319 8.04602 0.00161035
11.1306 8.13947 0.00157484
11.2294 8.23372 0.00144304
11.3281 8.33677 0.0017501
11.4269 8.43989 0.00155901
11.5256 8.54598 0.00164085
11.6244 8.66003 0.00163407
11.7231 8.78123 0.00159165
11.8219 8.90255 0.00166018
11.9206 9.03598 0.00169113
12.0194 9.17428 0.00178459
12.1181 9.31691 0.0017196
12.2169 9.46963 0.00165138
12.3156 9.6334 0.00165947
12.4144 9.80132 0.00166875
12.5131 9.98327 0.00169363
12.6119 10.173 0.00165089
12.7106 10.3775 0.00172239
12.8094 10.5972 0.00179245
12.9081 10.8313 0.00159236
13.0069 11.087 0.00173621
13.1056 11.3638 0.00181654
13.2044 11.6636 0.00188243
13.3031 11.9893 0.0016908
13.4019 12.3517 0.00169209
13.5006 12.7521 0.00178477
13.5994 13.1963 0.00169811
13.6981 13.7005 0.00171625
13.7969 14.27 0.00182313
13.8956 14.9278 0.00184069
13.9944 15.696 0.00192938
14.0931 16.5981 0.00196214
14.1919 17.7065 0.00237664
14.2906 19.0759 0.00261083
14.3894 20.8573 0.00305103
14.4881 23.2567 0.00361611
14.5869 26.5862 0.00440259
14.6856 31.1694 0.00578178
14.7844 37.2893 0.00780249
14.8831 44.946 0.00932465
14.9819 54.0115 0.0111823
15.0806 64.1364 0.0155171
15.1794 74.9161 0.0207416
15.2781 85.9278 0.027083
15.3769 96.9147 0.0416827
15.4756 107.458 0.0651957
15.5744 116.306 0.112686
15.6731 119.717 0.188721
15.7719 107.487 0.359903
15.8706 74.1288 0.451362
15.9694 44.9727 0.41291
16.0681 33.7893 0.33702
16.1669 31.9177 0.341038
16.2656 31.7623 0.323863
16.3644 31.669 0.317628
16.4631 31.2184 0.358624
16.5619 31.6151 0.37481
16.6606 31.6891 0.328708
16.7594 31.8074 0.333493
16.8581 31.987 0.33159
16.9569 31.1634 0.361602
17.0556 30.6695 0.338179
17.1544 30.8436 0.323165
17.2531 30.6472 0.332212
17.3519 31.4222 0.353777
17.4506 31.2425 0.331569
