-2.20063 5.28059 0.000510861
-2.10188 5.31602 0.000679689
-2.00313 5.33941 0.000724685
-1.90438 5.38929 0.000728812
-1.80563 5.40669 0.000727738
-1.70688 5.42086 0.000810546
-1.60813 5.46509 0.00081198
-1.50938 5.47968 0.00080447
-1.41063 5.49045 0.000788711
-1.31188 5.53189 0.000854942
-1.21313 5.54322 0.000895514
-1.11438 5.55432 0.000832763
-1.01563 5.59546 0.000799521
-0.916875 5.60273 0.000846983
-0.818125 5.61651 0.000831128
-0.719375 5.65158 0.000856896
-0.620625 5.65989 0.000881671
-0.521875 5.67864 0.000871356
-0.423125 5.70703 0.000940645
-0.324375 5.71437 0.000946189
-0.225625 5.74937 0.00088253
-0.126875 5.76587 0.000896703
-0.028125 5.79005 0.000919591
0.070625 5.8225 0.000936165
0.169375 5.82986 0.000904462
0.268125 5.87381 0.000901115
0.366875 5.88753 0.000924932
0.465625 5.89397 0.000931176
0.564375 5.9394 0.000936836
0.663125 5.94306 0.00100421
0.761875 5.96732 0.00100682
0.860625 5.99447 0.000969997
0.959375 6.00028 0.000971409
1.05812 6.04315 0.000939009
1.15687 6.05208 0.000928929
1.25562 6.07351 0.00101123
1.35437 6.10174 0.000903073
1.45312 6.10679 0.000924015
1.55187 6.14942 0.000906322
1.65062 6.15731 0.00090139
1.74937 6.18543 0.000991533
1.84812 6.20625 0.000874683
1.94687 6.21946 0.000930936
2.04562 6.25644 0.000977031
2.14437 6.26255 0.0009123
2.24312 6.30165 0.000988933
2.34187 6.31369 0.000945374
2.44062 6.34107 0.00104632
2.53937 6.3626 0.000960066
2.63812 6.38071 0.00107779
2.73687 6.41274 0.00105353
2.83562 6.42394 0.00107252
2.93437 6.46057 0.000980757
3.03312 6.47179 0.00114159
3.13187 6.50641 0.00105857
3.23062 6.52022 0.00107173
3.32937 6.54999 0.00100686
3.42812 6.57069 0.00101028
3.52687 6.59773 0.00101484
3.62562 6.61887 0.00098829
3.72437 6.6459 0.00105077
3.82312 6.66919 0.000988315
3.92187 6.69506 0.00101158
4.02062 6.71927 0.00110147
4.11937 6.74396 0.00103816
4.21812 6.76881 0.00102159
4.31687 6.79546 0.000972776
4.41562 6.82105 0.00104471
4.51437 6.8479 0.00102802
4.61313 6.87095 0.00104279
4.71187 6.90037 0.000961275
4.81062 6.92472 0.000945058
4.90937 6.95466 0.00106727
5.00812 6.97974 0.00104847
5.10687 7.00853 0.000999712
5.20562 7.03291 0.00104321
5.30437 7.06221 0.00099003
5.40312 7.09087 0.000961942
5.50188 7.11961 0.00108053
5.60062 7.14846 0.00119606
5.69937 7.17654 0.00104406
5.79812 7.20407 0.0010251
5.89687 7.23419 0.00103561
5.99562 7.263 0.00113557
6.09437 7.29133 0.0010291
6.19312 7.32224 0.00108138
6.29187 7.3527 0.00107258
6.39062 7.38116 0.001062
6.48937 7.41194 0.00108906
6.58812 7.44598 0.00108461
6.68687 7.47696 0.00101338
6.78562 7.50829 0.000961243
6.88437 7.53829 0.0010998
6.98312 7.57128 0.00106316
7.08187 7.60323 0.00107267
7.18062 7.63737 0.00112289
7.27937 7.67092 0.00105836
7.37812 7.70473 0.00108256
7.47687 7.74107 0.00114241
7.57562 7.77899 0.00108996
7.67437 7.82017 0.00113305
7.77312 7.86276 0.0010941
7.87187 7.90457 0.0011218
7.97062 7.94816 0.00115171
8.06937 7.99487 0.00106169
8.16812 8.04014 0.00104426
8.26687 8.08661 0.00115611
8.36562 8.13395 0.00117533
8.46437 8.18181 0.00103955
8.56312 8.23063 0.0010773
8.66187 8.28116 0.00111788
8.76062 8.33326 0.00105823
8.85937 8.38478 0.00114794
8.95812 8.43893 0.000992621
9.05687 8.49325 0.00107118
9.15562 8.54981 0.00109547
9.25437 8.6065 0.0010985
9.35312 8.66615 0.00112625
9.45187 8.72598 0.00104713
9.55062 8.78702 0.00115381
9.64937 8.85212 0.00119703
9.74812 8.91799 0.00103291
9.84687 8.98346 0.00107
9.94562 9.05281 0.00108928
10.0444 9.12326 0.00104315
10.1431 9.19674 0.00105318
10.2419 9.26932 0.00113579
10.3406 9.3486 0.00115661
10.4394 9.42818 0.00114058
10.5381 9.51017 0.00117437
10.6369 9.5932 0.00109033
10.7356 9.68212 0.00114827
10.8344 9.77292 0.00103348
10.9331 9.86561 0.00115784
11.0319 9.96261 0.0011598
11.1306 10.0638 0.00112345
11.2294 10.167 0.00104501
11.3281 10.2777 0.00123834
11.4269 10.3906 0.00112634
11.5256 10.5072 0.00117398
11.6244 10.6306 0.00116408
11.7231 10.7601 0.00112895
11.8219 10.892 0.00117371
11.9206 11.0335 0.0012083
12.0194 11.1808 0.00127109
12.1181 11.3343 0.00122985
12.2169 11.4978 0.00116418
12.3156 11.671 0.00115495
12.4144 11.8509 0.00117477
12.5131 12.0422 0.00116188
12.6119 12.2427 0.00114801
12.7106 12.4565 0.00121143
12.8094 12.6846 0.00124486
12.9081 12.929 0.00111466
13.0069 13.1933 0.00118993
13.1056 13.4794 0.00128309
13.2044 13.7875 0.00130194
13.3031 14.1207 0.00117098
13.4019 14.4872 0.00115197
13.5006 14.8884 0.0012006
13.5994 15.3322 0.00114905
13.6981 15.8305 0.00116726
13.7969 16.3893 0.00119829
13.8956 17.0246 0.00122697
13.9944 17.7521 0.00132597
14.0931 18.5921 0.00131333
14.1919 19.5963 0.00161095
14.2906 20.8119 0.00178145
14.3894 22.3424 0.00202342
14.4881 24.3198 0.00234525
14.5869 26.9134 0.00284778
14.6856 30.2707 0.00359969
14.7844 34.4693 0.00454761
14.8831 39.4136 0.00536148
14.9819 44.9454 0.00616979
15.0806 50.8133 0.00824488
15.1794 56.7759 0.0106229
15.2781 62.6185 0.0135723
15.3769 68.2204 0.0203867
15.4756 73.3673 0.0309305
15.5744 77.357 0.0540914
15.6731 78.1373 0.0912138
15.7719 70.2663 0.182939
15.8706 50.8992 0.250604
15.9694 34.604 0.243013
16.0681 28.5628 0.209672
16.1669 27.5408 0.210398
16.2656 27.4764 0.202073
16.3644 27.3813 0.200897
16.4631 27.1524 0.224496
16.5619 27.3714 0.231549
16.6606 27.3795 0.208466
16.7594 27.4538 0.207059
16.8581 27.4637 0.215057
16.9569 26.959 0.227256
17.0556 26.6427 0.207817
17.1544 26.8385 0.206809
17.2531 26.8023 0.211496
17.3519 27.2236 0.216809
17.4506 27.043 0.207167
