-2.20063 6.2251 0.0238182
-2.10188 7.11698 0.0268778
-2.00313 7.63167 0.0284054
-1.90438 7.99793 0.0278214
-1.80563 8.25182 0.0278437
-1.70688 8.50941 0.0318563
-1.60813 8.71824 0.0313679
-1.50938 8.881 0.0288745
-1.41063 9.02606 0.0307202
-1.31188 9.19159 0.032465
-1.21313 9.37537 0.0324896
-1.11438 9.44733 0.0329486
-1.01563 9.63798 0.0332818
-0.916875 9.65009 0.031536
-0.818125 9.82276 0.0318705
-0.719375 9.88801 0.0316967
-0.620625 10.0336 0.0331076
-0.521875 10.0832 0.0340981
-0.423125 10.1826 0.0351736
-0.324375 10.2815 0.0338224
-0.225625 10.2911 0.0314964
-0.126875 10.3467 0.0316383
-0.028125 10.5086 0.0333574
0.070625 10.5008 0.0325345
0.169375 10.606 0.0323764
0.268125 10.695 0.0336728
0.366875 10.8136 0.0344929
0.465625 10.8303 0.0362405
0.564375 10.9175 0.0345604
0.663125 10.8981 0.0370504
0.761875 10.955 0.0340004
0.860625 10.9687 0.0335754
0.959375 11.0991 0.0349826
1.05812 11.107 0.0326255
1.15687 11.211 0.0348835
1.25562 11.1672 0.0330278
1.35437 11.2279 0.0324922
1.45312 11.2393 0.0314829
1.55187 11.3162 0.03207
1.65062 11.3556 0.0338554
1.74937 11.4545 0.0335636
1.84812 11.386 0.0315719
1.94687 11.4648 0.0332648
2.04562 11.4971 0.0378351
2.14437 11.517 0.0327748
2.24312 11.5989 0.0363739
2.34187 11.6664 0.0318731
2.44062 11.6403 0.0346747
2.53937 11.7063 0.0337291
2.63812 11.6874 0.0343092
2.73687 11.7897 0.0341046
2.83562 11.7636 0.0369716
2.93437 11.831 0.0349181
3.03312 11.8389 0.0384717
3.13187 11.8917 0.0334307
3.23062 11.9496 0.0336111
3.32937 11.8814 0.0335801
3.42812 11.9892 0.0326555
3.52687 11.9914 0.0350723
3.62562 12.0315 0.0340759
3.72437 12.0143 0.034067
3.82312 12.1229 0.0347782
3.92187 12.1364 0.0344022
4.02062 12.1282 0.0366143
4.11937 12.1281 0.0352812
4.21812 12.1981 0.0317857
4.31687 12.1952 0.0339013
4.41562 12.2706 0.0322511
4.51437 12.292 0.0342758
4.61313 12.2506 0.0339647
4.71187 12.3489 0.0341541
4.81062 12.3354 0.0327758
4.90937 12.3721 0.0339699
5.00812 12.4294 0.0348488
5.10687 12.4548 0.0345451
5.20562 12.4071 0.0322402
5.30437 12.452 0.0329149
5.40312 12.5052 0.0306226
5.50188 12.5433 0.0362969
5.60062 12.6235 0.0374878
5.69937 12.6253 0.0359851
5.79812 12.5857 0.0355528
5.89687 12.6832 0.0335855
5.99562 12.6414 0.0341738
6.09437 12.637 0.0329678
6.19312 12.6949 0.0343888
6.29187 12.7823 0.03427
6.39062 12.7351 0.0348545
6.48937 12.7405 0.0339448
6.58812 12.8297 0.0332196
6.68687 12.8395 0.0319543
6.78562 12.8953 0.031343
6.88437 12.8839 0.0339683
6.98312 12.9355 0.0294846
7.08187 12.8785 0.0335994
7.18062 12.9386 0.0363245
7.27937 12.9968 0.0337065
7.37812 12.9633 0.0320451
7.47687 13.0196 0.0327936
7.57562 13.0044 0.0331257
7.67437 13.0894 0.0346568
7.77312 13.1456 0.0311473
7.87187 13.1654 0.0314243
7.97062 13.1181 0.0332205
8.06937 13.2267 0.0316697
8.16812 13.264 0.0313539
8.26687 13.2691 0.0326654
8.36562 13.3384 0.0324093
8.46437 13.349 0.0332172
8.56312 13.3946 0.0309532
8.66187 13.4586 0.0312585
8.76062 13.5034 0.0293256
8.85937 13.5096 0.0335535
8.95812 13.6075 0.0313812
9.05687 13.6532 0.0310774
9.15562 13.7009 0.0309099
9.25437 13.6672 0.030713
9.35312 13.7773 0.031195
9.45187 13.8115 0.0297865
9.55062 13.7408 0.0318225
9.64937 13.8509 0.0323276
9.74812 13.9197 0.0278633
9.84687 13.9511 0.0313607
9.94562 14.0155 0.032822
10.0444 14.0814 0.0292538
10.1431 14.1456 0.0289311
10.2419 14.0981 0.0310209
10.3406 14.2246 0.0318787
10.4394 14.2766 0.0304358
10.5381 14.2931 0.0294366
10.6369 14.3325 0.0294569
10.7356 14.4299 0.0292448
10.8344 14.5079 0.0305454
10.9331 14.5524 0.0291839
11.0319 14.6368 0.0286424
11.1306 14.7096 0.0291323
11.2294 14.75 0.0276492
11.3281 14.8725 0.0314335
11.4269 14.9201 0.0271659
11.5256 14.9465 0.0278857
11.6244 15.0322 0.0275688
11.7231 15.1665 0.0268674
11.8219 15.1896 0.0273813
11.9206 15.3397 0.0283255
12.0194 15.4635 0.0282256
12.1181 15.5207 0.0274512
12.2169 15.6334 0.0261667
12.3156 15.7993 0.0276246
12.4144 15.8728 0.0262579
12.5131 16.0632 0.0268108
12.6119 16.1635 0.0264778
12.7106 16.3025 0.0254138
12.8094 16.4937 0.0257787
12.9081 16.6483 0.0235935
13.0069 16.8998 0.0259584
13.1056 17.1328 0.0238401
13.2044 17.4008 0.0238667
13.3031 17.6812 0.0223834
13.4019 18.0223 0.0225669
13.5006 18.4665 0.0233327
13.5994 18.9197 0.0213771
13.6981 19.5395 0.0218344
13.7969 20.2424 0.0234727
13.8956 21.1295 0.021954
13.9944 22.287 0.0205492
14.0931 23.6519 0.0216665
14.1919 25.6914 0.0234352
14.2906 28.3667 0.0240728
14.3894 32.4966 0.0267404
14.4881 39.0516 0.0297399
14.5869 49.7187 0.0323123
14.6856 65.5876 0.0388761
14.7844 87.2772 0.0476292
14.8831 113.339 0.0476269
14.9819 142.02 0.0520276
15.0806 171.515 0.0607192
15.1794 200.443 0.0703233
15.2781 227.729 0.0837567
15.3769 253.429 0.118011
15.4756 277.432 0.176797
15.5744 299.069 0.26844
15.6731 316.164 0.420351
15.7719 317.896 0.83957
15.8706 284.684 1.31811
15.9694 208.737 1.92929
16.0681 149.786 1.89465
16.1669 137.762 2.14867
16.2656 136.049 2.0035
16.3644 137.776 2.04206
16.4631 133.755 2.21399
16.5619 136.095 2.2291
16.6606 137.496 2.07483
16.7594 138.376 2.17621
16.8581 142.38 2.06635
16.9569 137.868 2.24523
17.0556 134.804 2.30575
17.1544 134.904 2.00675
17.2531 130.225 2.06772
17.3519 135.678 2.29985
17.4506 135.34 2.00292
