-2.20063 123.632 0.980035
-2.10188 124.713 0.91151
-2.00313 125.804 0.930513
-1.90438 127.16 0.959066
-1.80563 125.992 0.989117
-1.70688 128.333 0.936444
-1.60813 126.726 0.977306
-1.50938 125.894 0.955147
-1.41063 126.977 0.950122
-1.31188 128.005 0.937743
-1.21313 128.067 1.01461
-1.11438 127.21 1.00976
-1.01563 128.053 0.875275
-0.916875 128.227 0.970749
-0.818125 128.512 0.948222
-0.719375 128.843 1.02437
-0.620625 131.03 0.925766
-0.521875 126.773 0.935774
-0.423125 129.387 0.979845
-0.324375 129.789 0.945399
-0.225625 131.737 0.88793
-0.126875 132.659 0.936334
-0.028125 133.98 0.943659
0.070625 133.558 0.986924
0.169375 133.782 0.887481
0.268125 131.737 1.01562
0.366875 128.953 0.911119
0.465625 128.881 0.904939
0.564375 128.616 0.950133
0.663125 128.809 0.916459
0.761875 129.339 0.864821
0.860625 127.866 1.00071
0.959375 127.442 0.877872
1.05812 129.35 0.970498
1.15687 128.933 0.882877
1.25562 128.282 0.991037
1.35437 129.002 0.899634
1.45312 127.412 0.958155
1.55187 128.638 0.932287
1.65062 128.58 0.932712
1.74937 130.345 0.872905
1.84812 129.435 0.892791
1.94687 127.707 0.930463
2.04562 126.692 0.871398
2.14437 128.527 0.899811
2.24312 129.86 0.857296
2.34187 128.282 0.996576
2.44062 128.26 0.955798
2.53937 129.893 0.948622
2.63812 129.027 1.00537
2.73687 129.619 0.932309
2.83562 129.061 0.959941
2.93437 129.299 0.862803
3.03312 129.339 1.04268
3.13187 128.809 1.00397
3.23062 129.678 0.922885
3.32937 128.19 0.880192
3.42812 131.084 0.875567
3.52687 129.053 0.926965
3.62562 129.455 0.939506
3.72437 128.518 0.941109
3.82312 128.847 0.913021
3.92187 129.798 0.890531
4.02062 129.626 0.872595
4.11937 126.937 0.884336
4.21812 129.407 0.863469
4.31687 129.115 0.938196
4.41562 128.207 0.964059
4.51437 128.948 0.902054
4.61313 128.78 0.920088
4.71187 126.848 0.867601
4.81062 128.003 0.841217
4.90937 127.636 0.904352
5.00812 129.241 0.931706
5.10687 128.35 0.938976
5.20562 127.807 0.878213
5.30437 128.844 0.843795
5.40312 127.597 0.952371
5.50188 129.763 0.902406
5.60062 128.636 0.864883
5.69937 127.524 0.849216
5.79812 128.259 0.827713
5.89687 129.01 0.852427
5.99562 126.027 0.854932
6.09437 126.634 0.923294
6.19312 127.863 0.905417
6.29187 127.971 0.839865
6.39062 127.652 0.853267
6.48937 127.102 0.792125
6.58812 128.75 0.821594
6.68687 128.324 0.933106
6.78562 128.495 0.86343
6.88437 127.066 0.947754
6.98312 127.81 0.774849
7.08187 127.188 0.879191
7.18062 126.357 0.84493
7.27937 124.946 0.890587
7.37812 127.041 0.892815
7.47687 126.69 0.835893
7.57562 126.259 0.834359
7.67437 127.282 0.879462
7.77312 127.692 0.832816
7.87187 127.408 0.855246
7.97062 125.906 0.870168
8.06937 127.611 0.853537
8.16812 126.739 0.803785
8.26687 127.318 0.97098
8.36562 126.47 0.81778
8.46437 127.139 0.807975
8.56312 126.434 0.910454
8.66187 127.699 0.837134
8.76062 127.943 0.844649
8.85937 126.027 0.809383
8.95812 125.868 0.823258
9.05687 126.696 0.71686
9.15562 127.1 0.794122
9.25437 127.428 0.838171
9.35312 127.519 0.859893
9.45187 127.21 0.833974
9.55062 127.362 0.806076
9.64937 128.409 0.815449
9.74812 128.657 0.776986
9.84687 126.241 0.78374
9.94562 128.425 0.810662
10.0444 127.501 0.802001
10.1431 126.819 0.693196
10.2419 128.579 0.747926
10.3406 127.821 0.79202
10.4394 128.257 0.773749
10.5381 127.624 0.766485
10.6369 127.014 0.753789
10.7356 129.355 0.783716
10.8344 127.442 0.775384
10.9331 128.774 0.700679
11.0319 128.972 0.815357
11.1306 129.613 0.742943
11.2294 127.796 0.77769
11.3281 127.948 0.786267
11.4269 127.679 0.736528
11.5256 127.576 0.716118
11.6244 128.872 0.759164
11.7231 128.845 0.758726
11.8219 126.917 0.684038
11.9206 128.06 0.721142
12.0194 127.3 0.721776
12.1181 129.344 0.703429
12.2169 127.066 0.729369
12.3156 128.098 0.733742
12.4144 128.167 0.704209
12.5131 127.342 0.689424
12.6119 128.011 0.652346
12.7106 127.929 0.726661
12.8094 127.351 0.655885
12.9081 129.198 0.715074
13.0069 128.96 0.655368
13.1056 128.952 0.727277
13.2044 128.985 0.6461
13.3031 127.67 0.632398
13.4019 128.645 0.640583
13.5006 127.823 0.675654
13.5994 126.073 0.635199
13.6981 127.679 0.524951
13.7969 126.034 0.579895
13.8956 126.035 0.601329
13.9944 124.826 0.634358
14.0931 122.735 0.576646
14.1919 121.719 0.544282
14.2906 120.399 0.516479
14.3894 119.029 0.434867
14.4881 118.663 0.418672
14.5869 120.693 0.403364
14.6856 127.383 0.342772
14.7844 138.939 0.321566
14.8831 157.305 0.2623
14.9819 180.016 0.259623
15.0806 205.998 0.274991
15.1794 232.257 0.286996
15.2781 256.624 0.338843
15.3769 280.504 0.426954
15.4756 309.385 0.70974
15.5744 356.46 1.45339
15.6731 463.016 3.52934
15.7719 753.595 12.0316
15.8706 1458.46 31.7155
15.9694 2430.25 51.3037
16.0681 2933.54 67.7278
16.1669 3038.2 66.6384
16.2656 2925.55 70.9057
16.3644 2992.49 68.2884
16.4631 3046.78 77.4367
16.5619 2995.18 73.788
16.6606 2984.73 62.0439
16.7594 2954.21 64.5424
16.8581 2971.84 71.1814
16.9569 3070.03 70.2592
17.0556 3075.15 76.7542
17.1544 3058.2 71.5924
17.2531 3022.36 71.3647
17.3519 3013.58 74.4243
17.4506 3001.95 67.5603
