-2.20063 5.34926 0.00202097
-2.10188 5.38589 0.00267038
-2.00313 5.41026 0.00230885
-1.90438 5.45952 0.00301732
-1.80563 5.48379 0.00249669
-1.70688 5.49658 0.00264986
-1.60813 5.53751 0.00289146
-1.50938 5.55232 0.00297922
-1.41063 5.56628 0.0029737
-1.31188 5.60788 0.00266814
-1.21313 5.61607 0.00277037
-1.11438 5.63425 0.00273216
-1.01563 5.67034 0.00277027
-0.916875 5.68029 0.00321064
-0.818125 5.6951 0.00286655
-0.719375 5.72893 0.0026922
-0.620625 5.73917 0.00316016
-0.521875 5.75441 0.00303035
-0.423125 5.78599 0.00301156
-0.324375 5.7922 0.00325794
-0.225625 5.82877 0.00283191
-0.126875 5.84146 0.00278359
-0.028125 5.86746 0.00274937
0.070625 5.90222 0.00295524
0.169375 5.90887 0.00321274
0.268125 5.95355 0.00326418
0.366875 5.96669 0.00327494
0.465625 5.9751 0.00316593
0.564375 6.02275 0.00297276
0.663125 6.0234 0.00293185
0.761875 6.04624 0.00341091
0.860625 6.07061 0.00346764
0.959375 6.08144 0.0032311
1.05812 6.12717 0.00296069
1.15687 6.1381 0.00328377
1.25562 6.15384 0.00324105
1.35437 6.18436 0.0029101
1.45312 6.18615 0.00308743
1.55187 6.23121 0.00303435
1.65062 6.24287 0.00287526
1.74937 6.27156 0.00320809
1.84812 6.28873 0.00285459
1.94687 6.30001 0.00265788
2.04562 6.3365 0.00322897
2.14437 6.34583 0.00292068
2.24312 6.3876 0.00308759
2.34187 6.3992 0.00326787
2.44062 6.42489 0.00278399
2.53937 6.44544 0.00289336
2.63812 6.46884 0.00318209
2.73687 6.49617 0.00290685
2.83562 6.50877 0.00307785
2.93437 6.55095 0.0030758
3.03312 6.55936 0.00343239
3.13187 6.59235 0.00297136
3.23062 6.60703 0.0031706
3.32937 6.63183 0.00298611
3.42812 6.6564 0.00292356
3.52687 6.68718 0.00340211
3.62562 6.70557 0.00340923
3.72437 6.72814 0.00326119
3.82312 6.75522 0.00309483
3.92187 6.78254 0.00319983
4.02062 6.8145 0.00335545
4.11937 6.83154 0.00310546
4.21812 6.86255 0.00326775
4.31687 6.88566 0.00363752
4.41562 6.91442 0.00374407
4.51437 6.93891 0.00324928
4.61313 6.95916 0.00283985
4.71187 6.98864 0.00326017
4.81062 7.01621 0.00314954
4.90937 7.04374 0.0034747
5.00812 7.07137 0.00320222
5.10687 7.10064 0.00365543
5.20562 7.12286 0.00336798
5.30437 7.15099 0.0028812
5.40312 7.17723 0.00314021
5.50188 7.20712 0.0031757
5.60062 7.23365 0.00343745
5.69937 7.26634 0.00289294
5.79812 7.2945 0.00320026
5.89687 7.32051 0.00321946
5.99562 7.35337 0.00355452
6.09437 7.37747 0.00328858
6.19312 7.40888 0.00319656
6.29187 7.43722 0.00331113
6.39062 7.46663 0.00354691
6.48937 7.49522 0.00319427
6.58812 7.5349 0.00352068
6.68687 7.56296 0.00312157
6.78562 7.59643 0.00286131
6.88437 7.62007 0.00297202
6.98312 7.66019 0.00385462
7.08187 7.69375 0.00344131
7.18062 7.72594 0.00337208
7.27937 7.76087 0.00335273
7.37812 7.79063 0.00380953
7.47687 7.834 0.00366269
7.57562 7.87029 0.0039466
7.67437 7.91396 0.0037998
7.77312 7.95761 0.00342942
7.87187 7.99531 0.00343177
7.97062 8.03715 0.00337921
8.06937 8.08776 0.003729
8.16812 8.13432 0.0035071
8.26687 8.17718 0.0040794
8.36562 8.2293 0.00426706
8.46437 8.28056 0.00361133
8.56312 8.32349 0.00354839
8.66187 8.37337 0.00377849
8.76062 8.42774 0.00325342
8.85937 8.4854 0.00319593
8.95812 8.53916 0.00335155
9.05687 8.59183 0.00343411
9.15562 8.64732 0.00356518
9.25437 8.70071 0.00347481
9.35312 8.76191 0.00345675
9.45187 8.82398 0.00358147
9.55062 8.88027 0.00353537
9.64937 8.95362 0.00409279
9.74812 9.01736 0.00343529
9.84687 9.08408 0.00325109
9.94562 9.15417 0.00349748
10.0444 9.22819 0.00341428
10.1431 9.30608 0.00314744
10.2419 9.37484 0.00323032
10.3406 9.45201 0.0036625
10.4394 9.53535 0.00434842
10.5381 9.61201 0.00327729
10.6369 9.69818 0.00314294
10.7356 9.78809 0.00353402
10.8344 9.88267 0.00327148
10.9331 9.97125 0.00382391
11.0319 10.0724 0.00343014
11.1306 10.1736 0.00335889
11.2294 10.2775 0.00351079
11.3281 10.3875 0.00381892
11.4269 10.5027 0.00405489
11.5256 10.6179 0.00353695
11.6244 10.7432 0.00369614
11.7231 10.8716 0.00402994
11.8219 11.0001 0.0040509
11.9206 11.146 0.0040571
12.0194 11.2921 0.00395569
12.1181 11.451 0.0040914
12.2169 11.6105 0.00368097
12.3156 11.7923 0.0037561
12.4144 11.9669 0.00386993
12.5131 12.1568 0.00357948
12.6119 12.3612 0.00388215
12.7106 12.5739 0.00377773
12.8094 12.8046 0.0037096
12.9081 13.0515 0.00392412
13.0069 13.3186 0.00416007
13.1056 13.6052 0.00409686
13.2044 13.9125 0.00442189
13.3031 14.2531 0.0038873
13.4019 14.6202 0.00396147
13.5006 15.0332 0.00364988
13.5994 15.4738 0.00429146
13.6981 15.9757 0.00393048
13.7969 16.5397 0.00440273
13.8956 17.1763 0.00411033
13.9944 17.9149 0.00429652
14.0931 18.7472 0.0038964
14.1919 19.7521 0.00461081
14.2906 20.9773 0.0050993
14.3894 22.4978 0.00534843
14.4881 24.4789 0.00613614
14.5869 27.0742 0.00684143
14.6856 30.4165 0.00910042
14.7844 34.6151 0.0094054
14.8831 39.5527 0.0130067
14.9819 45.0589 0.0161307
15.0806 50.9499 0.0206808
15.1794 56.9263 0.0263571
15.2781 62.7221 0.0305636
15.3769 68.4278 0.0512608
15.4756 73.671 0.0648446
15.5744 77.7348 0.131771
15.6731 79.0307 0.222303
15.7719 72.9014 0.403172
15.8706 56.5745 0.676668
15.9694 42.4268 0.844175
16.0681 38.5382 0.98503
16.1669 37.4745 0.93829
16.2656 36.8124 0.909003
16.3644 36.1484 0.966487
16.4631 35.1089 0.911846
16.5619 35.5904 0.810648
16.6606 35.6335 0.835493
16.7594 36.1618 0.739874
16.8581 36.2955 0.880243
16.9569 36.0975 0.800876
17.0556 35.8254 0.942062
17.1544 37.1945 1.1257
17.2531 36.0904 0.909713
17.3519 37.3662 1.12064
17.4506 35.8062 0.935102
