-2.20063 6.58327 0.0240272
-2.10188 7.05198 0.0307892
-2.00313 7.36765 0.0323369
-1.90438 7.53752 0.0327373
-1.80563 7.72837 0.0323728
-1.70688 7.87984 0.0342799
-1.60813 7.94532 0.0342594
-1.50938 8.06163 0.0342123
-1.41063 8.25435 0.0370112
-1.31188 8.35528 0.036249
-1.21313 8.38196 0.0338832
-1.11438 8.52067 0.038906
-1.01563 8.55313 0.0330994
-0.916875 8.61366 0.0394957
-0.818125 8.69123 0.0398386
-0.719375 8.79337 0.0353047
-0.620625 8.80463 0.0382036
-0.521875 8.89968 0.0401871
-0.423125 8.98841 0.0424753
-0.324375 9.00901 0.0363499
-0.225625 10.0442 0.0404897
-0.126875 10.4041 0.0385306
-0.028125 10.4398 0.0432527
0.070625 10.5698 0.0407213
0.169375 10.5884 0.0406666
0.268125 9.8107 0.0401339
0.366875 9.411 0.0416377
0.465625 9.43065 0.0367729
0.564375 9.53227 0.0385082
0.663125 9.44053 0.0387171
0.761875 9.5258 0.0407263
0.860625 9.5354 0.0352379
0.959375 9.59271 0.0385968
1.05812 9.67093 0.037205
1.15687 9.7614 0.0351373
1.25562 9.68898 0.0409162
1.35437 9.74705 0.0331625
1.45312 9.75654 0.0365171
1.55187 9.80302 0.0365171
1.65062 9.87187 0.0367056
1.74937 9.97247 0.0388142
1.84812 9.92597 0.0365616
1.94687 9.90868 0.0370246
2.04562 9.97421 0.0394506
2.14437 9.98514 0.0347252
2.24312 10.0859 0.0358392
2.34187 10.0791 0.0369524
2.44062 10.0943 0.0354458
2.53937 10.0876 0.0347998
2.63812 10.1714 0.0405748
2.73687 10.212 0.0364876
2.83562 10.2559 0.0411225
2.93437 10.2786 0.0395634
3.03312 10.3149 0.0440594
3.13187 10.3303 0.0371823
3.23062 10.3673 0.0343782
3.32937 10.3211 0.0355844
3.42812 10.3917 0.0395449
3.52687 10.4309 0.0382181
3.62562 10.4863 0.0380939
3.72437 10.4612 0.0352585
3.82312 10.512 0.0345253
3.92187 10.5522 0.0406271
4.02062 10.6149 0.041964
4.11937 10.582 0.0391899
4.21812 10.6988 0.0364537
4.31687 10.6419 0.0412537
4.41562 10.7722 0.0441467
4.51437 10.6916 0.0402628
4.61313 10.6992 0.0408054
4.71187 10.7438 0.0357792
4.81062 10.818 0.0359851
4.90937 10.7864 0.0386308
5.00812 10.863 0.0360551
5.10687 10.9113 0.0402354
5.20562 10.8852 0.0385889
5.30437 10.9001 0.0370447
5.40312 10.9447 0.0350651
5.50188 10.9981 0.0357279
5.60062 10.9997 0.0386005
5.69937 11.0465 0.0318379
5.79812 11.0524 0.0363256
5.89687 11.0935 0.0344513
5.99562 11.1198 0.0384676
6.09437 11.1074 0.0372656
6.19312 11.1521 0.0363653
6.29187 11.2429 0.0385459
6.39062 11.2264 0.0373396
6.48937 11.2236 0.0356789
6.58812 11.2968 0.038769
6.68687 11.2817 0.0321712
6.78562 11.3483 0.0332117
6.88437 11.3426 0.0322688
6.98312 11.4065 0.0393824
7.08187 11.4305 0.0315348
7.18062 11.4806 0.0410027
7.27937 11.553 0.0394005
7.37812 11.5193 0.0350445
7.47687 11.6116 0.0355403
7.57562 11.6321 0.038617
7.67437 11.6711 0.0380057
7.77312 11.7499 0.0338977
7.87187 11.7429 0.0361714
7.97062 11.7311 0.0320757
8.06937 11.7822 0.0362703
8.16812 11.9077 0.0350691
8.26687 11.8413 0.0364131
8.36562 11.9394 0.0406558
8.46437 12.0196 0.0378987
8.56312 12.0113 0.0323537
8.66187 12.0688 0.0355415
8.76062 12.1648 0.036769
8.85937 12.2409 0.0313759
8.95812 12.2966 0.0329095
9.05687 12.3049 0.0311687
9.15562 12.3577 0.0330016
9.25437 12.3709 0.0329312
9.35312 12.4531 0.030697
9.45187 12.4955 0.0363852
9.55062 12.4191 0.033061
9.64937 12.5945 0.0325911
9.74812 12.6425 0.032556
9.84687 12.7117 0.0315035
9.94562 12.7539 0.0349591
10.0444 12.8664 0.0325015
10.1431 12.9222 0.0323666
10.2419 12.9674 0.0298467
10.3406 13.0352 0.0345225
10.4394 13.1101 0.0375769
10.5381 13.1519 0.0337141
10.6369 13.2292 0.0279175
10.7356 13.3107 0.02897
10.8344 13.406 0.0309433
10.9331 13.4448 0.0316689
11.0319 13.5663 0.0283077
11.1306 13.6795 0.0296569
11.2294 13.7332 0.028697
11.3281 13.8612 0.033789
11.4269 13.9246 0.0307334
11.5256 14.0247 0.0280171
11.6244 14.1519 0.0293673
11.7231 14.2391 0.0298998
11.8219 14.2815 0.0291406
11.9206 14.448 0.0288499
12.0194 14.5615 0.0309074
12.1181 14.698 0.0312581
12.2169 14.8048 0.0268121
12.3156 15.0131 0.0263928
12.4144 15.1451 0.0279061
12.5131 15.3293 0.0297009
12.6119 15.4645 0.0266601
12.7106 15.6716 0.0271434
12.8094 15.8676 0.0267665
12.9081 16.0698 0.0281556
13.0069 16.3317 0.0277846
13.1056 16.5528 0.0246695
13.2044 16.8718 0.0270742
13.3031 17.2222 0.0246765
13.4019 17.5421 0.024636
13.5006 18.0144 0.0223853
13.5994 18.4725 0.0230205
13.6981 19.0005 0.0237987
13.7969 19.6699 0.0229769
13.8956 20.4256 0.0228554
13.9944 21.3711 0.0215187
14.0931 22.4679 0.0210697
14.1919 23.9234 0.023929
14.2906 25.852 0.0250867
14.3894 28.4907 0.0262702
14.4881 32.394 0.029409
14.5869 38.3005 0.0298671
14.6856 46.3645 0.035496
14.7844 56.8629 0.0396152
14.8831 68.7624 0.0431988
14.9819 81.3689 0.0488529
15.0806 93.9128 0.0560932
15.1794 105.88 0.0625658
15.2781 116.693 0.0696762
15.3769 126.942 0.101217
15.4756 136.21 0.141575
15.5744 144.056 0.226729
15.6731 150.075 0.314359
15.7719 149.759 0.691965
15.8706 134.094 1.14285
15.9694 104.351 1.89081
16.0681 78.157 2.03451
16.1669 71.7439 1.70437
16.2656 74.2106 1.92689
16.3644 75.7191 2.3235
16.4631 69.7606 2.1192
16.5619 72.2303 2.15053
16.6606 72.2795 1.90305
16.7594 72.1944 2.08997
16.8581 76.0879 1.94015
16.9569 73.5776 2.18053
17.0556 72.3403 2.19748
17.1544 71.2178 2.24516
17.2531 71.2883 2.13266
17.3519 73.6479 2.09049
17.4506 71.2657 2.04581
