-2.20063 6.41423 0.010556
-2.10188 6.87988 0.0124098
-2.00313 7.15346 0.0132129
-1.90438 7.36186 0.0128719
-1.80563 7.50135 0.0131197
-1.70688 7.63937 0.0151114
-1.60813 7.78401 0.014385
-1.50938 7.87955 0.0133795
-1.41063 7.96557 0.0142471
-1.31188 8.06935 0.0152922
-1.21313 8.15677 0.0154075
-1.11438 8.21353 0.0148993
-1.01563 8.3351 0.0150361
-0.916875 8.35196 0.0145271
-0.818125 8.43757 0.0144754
-0.719375 8.50127 0.0146756
-0.620625 8.56749 0.0155754
-0.521875 8.6172 0.0152999
-0.423125 8.68063 0.0165214
-0.324375 8.73715 0.0159774
-0.225625 8.76116 0.0146355
-0.126875 8.80166 0.0145349
-0.028125 8.89701 0.0155809
0.070625 8.92355 0.0150998
0.169375 8.97612 0.0147669
0.268125 9.04443 0.0152858
0.366875 9.11187 0.0158252
0.465625 9.13239 0.0163683
0.564375 9.19321 0.015893
0.663125 9.19634 0.0168051
0.761875 9.23609 0.0159179
0.860625 9.26409 0.0156936
0.959375 9.324 0.0157159
1.05812 9.35824 0.015257
1.15687 9.41215 0.0154311
1.25562 9.41983 0.0158204
1.35437 9.45764 0.014793
1.45312 9.4692 0.0149209
1.55187 9.53191 0.0146981
1.65062 9.55911 0.0152535
1.74937 9.61196 0.0152266
1.84812 9.60345 0.0140972
1.94687 9.64814 0.0151037
2.04562 9.6823 0.0170532
2.14437 9.70548 0.0152118
2.24312 9.76299 0.0162321
2.34187 9.80012 0.0146117
2.44062 9.81615 0.0160302
2.53937 9.85008 0.0153038
2.63812 9.86334 0.0162417
2.73687 9.91839 0.0161551
2.83562 9.91809 0.0170489
2.93437 9.97146 0.0157862
3.03312 9.98399 0.018156
3.13187 10.0255 0.0159749
3.23062 10.0563 0.0160049
3.32937 10.0502 0.0155227
3.42812 10.1214 0.0150594
3.52687 10.126 0.0158313
3.62562 10.1558 0.0155223
3.72437 10.1721 0.015985
3.82312 10.2292 0.015671
3.92187 10.2499 0.0157667
4.02062 10.266 0.0168415
4.11937 10.278 0.0164484
4.21812 10.3241 0.0151274
4.31687 10.34 0.0152437
4.41562 10.3904 0.015105
4.51437 10.4107 0.0156168
4.61313 10.4047 0.0157686
4.71187 10.4608 0.0151546
4.81062 10.4788 0.0142937
4.90937 10.5155 0.015553
5.00812 10.5498 0.0157628
5.10687 10.5742 0.0155346
5.20562 10.5727 0.0150352
5.30437 10.6112 0.0147526
5.40312 10.6473 0.0141406
5.50188 10.6819 0.0166717
5.60062 10.7278 0.0175767
5.69937 10.7508 0.0160836
5.79812 10.7422 0.0158209
5.89687 10.7988 0.0153158
5.99562 10.8073 0.0157852
6.09437 10.8179 0.0146274
6.19312 10.8621 0.0155396
6.29187 10.9084 0.0156676
6.39062 10.9044 0.0150956
6.48937 10.9231 0.015682
6.58812 10.9851 0.015422
6.68687 11.0064 0.014064
6.78562 11.04 0.0134394
6.88437 11.0499 0.0151102
6.98312 11.0842 0.0135229
7.08187 11.0826 0.0150286
7.18062 11.126 0.0164189
7.27937 11.1694 0.0147955
7.37812 11.1749 0.0146956
7.47687 11.2146 0.0150268
7.57562 11.2286 0.0148522
7.67437 11.2851 0.0157077
7.77312 11.3344 0.0141754
7.87187 11.3659 0.0145729
7.97062 11.3742 0.0148175
8.06937 11.4451 0.0141118
8.16812 11.4842 0.0136551
8.26687 11.5163 0.0147914
8.36562 11.5675 0.014892
8.46437 11.6007 0.0146351
8.56312 11.6483 0.0137673
8.66187 11.7025 0.0141675
8.76062 11.7547 0.0131949
8.85937 11.7863 0.01505
8.95812 11.8566 0.013777
9.05687 11.8936 0.0139706
9.15562 11.9542 0.0140081
9.25437 11.9712 0.013658
9.35312 12.0475 0.0141628
9.45187 12.0949 0.0131496
9.55062 12.1092 0.0141275
9.64937 12.1881 0.0145075
9.74812 12.2513 0.0126883
9.84687 12.2941 0.0137311
9.94562 12.3633 0.0141103
10.0444 12.4264 0.0130979
10.1431 12.4985 0.0126223
10.2419 12.5188 0.0135094
10.3406 12.6149 0.0140007
10.4394 12.6773 0.0132546
10.5381 12.7305 0.0132997
10.6369 12.7923 0.0130274
10.7356 12.8825 0.0127797
10.8344 12.9666 0.012795
10.9331 13.0351 0.0130186
11.0319 13.1291 0.0128291
11.1306 13.2119 0.0127478
11.2294 13.2832 0.0115131
11.3281 13.4008 0.0138381
11.4269 13.4848 0.01197
11.5256 13.5586 0.0125825
11.6244 13.6615 0.0122163
11.7231 13.7889 0.0121371
11.8219 13.87 0.012354
11.9206 14.0111 0.0127632
12.0194 14.1435 0.0126837
12.1181 14.256 0.0118771
12.2169 14.393 0.0117337
12.3156 14.5658 0.0117851
12.4144 14.6962 0.0114705
12.5131 14.8778 0.0118772
12.6119 15.0311 0.0112693
12.7106 15.2111 0.0111623
12.8094 15.4194 0.0114259
12.9081 15.6191 0.0102182
13.0069 15.8698 0.0110261
13.1056 16.1351 0.0107122
13.2044 16.4267 0.0109972
13.3031 16.7324 0.00978488
13.4019 17.0927 0.00974252
13.5006 17.5066 0.0101466
13.5994 17.9552 0.00946126
13.6981 18.5038 0.00919004
13.7969 19.121 0.00970713
13.8956 19.8681 0.00943336
13.9944 20.7766 0.00889131
14.0931 21.8409 0.00908213
14.1919 23.272 0.00991788
14.2906 25.0927 0.0100416
14.3894 27.6821 0.0111131
14.4881 31.4645 0.0122067
14.5869 37.0806 0.013279
14.6856 44.8739 0.015161
14.7844 54.8602 0.0182375
14.8831 66.2542 0.0179025
14.9819 78.2987 0.0185775
15.0806 90.2188 0.0223693
15.1794 101.541 0.0256645
15.2781 111.962 0.0296252
15.3769 121.516 0.0405135
15.4756 130.21 0.0599167
15.5744 137.853 0.0897249
15.6731 143.543 0.143937
15.7719 143.169 0.285993
15.8706 129.193 0.454652
15.9694 98.8683 0.702237
16.0681 76.1412 0.717474
16.1669 71.3947 0.830184
16.2656 70.8404 0.788053
16.3644 71.1042 0.773576
16.4631 69.4117 0.860097
16.5619 70.3826 0.863818
16.6606 71.1506 0.789285
16.7594 71.4699 0.815516
16.8581 72.7057 0.751763
16.9569 70.7633 0.874327
17.0556 69.9386 0.862213
17.1544 69.6831 0.777624
17.2531 68.4342 0.784784
17.3519 70.4114 0.860924
17.4506 70.7574 0.806702
