-2.20063 5.35052 0.000528608
-2.10188 5.38702 0.000699544
-2.00313 5.4111 0.000748357
-1.90438 5.4638 0.000752407
-1.80563 5.48178 0.000750802
-1.70688 5.49632 0.000837552
-1.60813 5.54347 0.000838443
-1.50938 5.55859 0.000829555
-1.41063 5.56966 0.000813784
-1.31188 5.61424 0.000883157
-1.21313 5.62601 0.000925284
-1.11438 5.63752 0.000860355
-1.01563 5.68208 0.000825817
-0.916875 5.68956 0.000875034
-0.818125 5.70418 0.000858693
-0.719375 5.7425 0.000884824
-0.620625 5.75103 0.000910686
-0.521875 5.77068 0.000899408
-0.423125 5.80117 0.000971586
-0.324375 5.80868 0.000977011
-0.225625 6.47966 0.00100364
-0.126875 6.71276 0.00105145
-0.028125 6.74098 0.00107834
0.070625 6.77879 0.00109768
0.169375 6.78741 0.00106032
0.268125 6.23689 0.000969549
0.366875 5.97352 0.000955693
0.465625 5.97986 0.000961972
0.564375 6.02225 0.000967988
0.663125 6.02597 0.00103743
0.761875 6.04878 0.00104002
0.860625 6.07429 0.00100195
0.959375 6.08021 0.00100333
1.05812 6.12026 0.000970265
1.15687 6.12907 0.000959759
1.25562 6.14922 0.00104568
1.35437 6.17577 0.000933373
1.45312 6.18075 0.000954743
1.55187 6.22088 0.000937053
1.65062 6.22866 0.000932755
1.74937 6.25532 0.00102563
1.84812 6.27489 0.000904342
1.94687 6.28767 0.000962976
2.04562 6.32264 0.0010123
2.14437 6.3287 0.000944476
2.24312 6.36599 0.00102322
2.34187 6.37764 0.000977548
2.44062 6.40384 0.00108266
2.53937 6.42437 0.000992953
2.63812 6.4419 0.00111488
2.73687 6.47262 0.00108962
2.83562 6.48353 0.00110996
2.93437 6.51885 0.00101455
3.03312 6.52984 0.00118207
3.13187 6.56335 0.00109561
3.23062 6.57685 0.00110885
3.32937 6.60571 0.00104246
3.42812 6.62614 0.00104555
3.52687 6.65255 0.00105061
3.62562 6.67331 0.00102257
3.72437 6.69998 0.00108723
3.82312 6.72297 0.00102357
3.92187 6.74865 0.00104762
4.02062 6.77264 0.00114013
4.11937 6.79725 0.00107503
4.21812 6.82208 0.00105806
4.31687 6.84886 0.00100829
4.41562 6.87462 0.00108187
4.51437 6.90177 0.00106465
4.61313 6.92506 0.00108021
4.71187 6.95507 0.000996239
4.81062 6.97992 0.000977699
4.90937 7.01064 0.00110553
5.00812 7.03646 0.00108621
5.10687 7.06623 0.00103586
5.20562 7.09157 0.00108029
5.30437 7.12209 0.00102596
5.40312 7.15212 0.000996165
5.50188 7.18234 0.0011205
5.60062 7.21289 0.00123958
5.69937 7.24271 0.00108237
5.79812 7.27217 0.00106176
5.89687 7.30446 0.00107244
5.99562 7.33555 0.00117586
6.09437 7.36638 0.00106473
6.19312 7.40002 0.00112021
6.29187 7.43346 0.00111146
6.39062 7.46498 0.0010988
6.48937 7.49913 0.00112776
6.58812 7.5369 0.00112391
6.68687 7.57172 0.00104833
6.78562 7.60719 0.000994056
6.88437 7.64152 0.00113746
6.98312 7.67918 0.00109888
7.08187 7.71594 0.00110986
7.18062 7.75514 0.00116276
7.27937 7.79361 0.00109449
7.37812 7.83191 0.00111947
7.47687 7.87215 0.00118161
7.57562 7.91279 0.00112702
7.67437 7.95589 0.00117221
7.77312 7.99935 0.00113095
7.87187 8.04159 0.00116005
7.97062 8.08533 0.00119121
8.06937 8.13254 0.00109802
8.16812 8.17835 0.0010796
8.26687 8.22568 0.00119525
8.36562 8.27414 0.00121599
8.46437 8.32333 0.00107612
8.56312 8.37366 0.00111438
8.66187 8.42582 0.00115657
8.76062 8.47952 0.00109422
8.85937 8.53244 0.00118862
8.95812 8.58784 0.0010278
9.05687 8.64317 0.00110879
9.15562 8.70072 0.00113327
9.25437 8.75832 0.00113612
9.35312 8.81911 0.00116563
9.45187 8.88016 0.00108314
9.55062 8.94259 0.00119376
9.64937 9.00938 0.00123945
9.74812 9.0771 0.00106806
9.84687 9.1444 0.00110841
9.94562 9.21568 0.00112838
10.0444 9.28788 0.00107979
10.1431 9.36303 0.00108961
10.2419 9.43699 0.00117537
10.3406 9.51785 0.00119766
10.4394 9.59903 0.00118051
10.5381 9.68282 0.00121593
10.6369 9.76794 0.00112908
10.7356 9.85935 0.00118813
10.8344 9.95283 0.00107034
10.9331 10.0482 0.00119889
11.0319 10.1479 0.00120069
11.1306 10.2513 0.0011636
11.2294 10.3562 0.00108119
11.3281 10.4685 0.00128339
11.4269 10.5826 0.00116603
11.5256 10.7005 0.00121611
11.6244 10.8256 0.00120592
11.7231 10.9572 0.00116991
11.8219 11.0914 0.00121671
11.9206 11.2356 0.00125145
12.0194 11.3855 0.00131721
12.1181 11.5413 0.00127451
12.2169 11.7067 0.00120692
12.3156 11.882 0.00119795
12.4144 12.0641 0.0012178
12.5131 12.2584 0.00120605
12.6119 12.4627 0.00119087
12.7106 12.6812 0.00125595
12.8094 12.9142 0.00129224
12.9081 13.1632 0.00115606
13.0069 13.4319 0.00123499
13.1056 13.7221 0.00133038
13.2044 14.0348 0.00135178
13.3031 14.3738 0.00121583
13.4019 14.7476 0.00119682
13.5006 15.157 0.0012482
13.5994 15.6095 0.00119452
13.6981 16.1168 0.00121243
13.7969 16.6855 0.00124651
13.8956 17.3341 0.00127586
13.9944 18.0808 0.0013788
14.0931 18.9478 0.00136609
14.1919 19.9875 0.00167588
14.2906 21.246 0.00185199
14.3894 22.8276 0.00210412
14.4881 24.8672 0.00243993
14.5869 27.5425 0.0029626
14.6856 31.0124 0.00375606
14.7844 35.3667 0.00476201
14.8831 40.5134 0.00562969
14.9819 46.2932 0.00648743
15.0806 52.4442 0.00869636
15.1794 58.7118 0.011217
15.2781 64.867 0.014351
15.3769 70.7801 0.0215657
15.4756 76.2236 0.0327397
15.5744 80.4582 0.0572009
15.6731 81.3288 0.0963304
15.7719 73.1194 0.192691
15.8706 52.8318 0.262807
15.9694 35.7403 0.2541
16.0681 29.3954 0.218816
16.1669 28.3217 0.219695
16.2656 28.2541 0.210832
16.3644 28.1575 0.209437
16.4631 27.9137 0.234288
16.5619 28.144 0.24157
16.6606 28.1546 0.217335
16.7594 28.2329 0.215902
16.8581 28.2474 0.223975
16.9569 27.7227 0.237079
17.0556 27.3909 0.216761
17.1544 27.5919 0.215446
17.2531 27.5486 0.220338
17.3519 27.9929 0.226178
17.4506 27.807 0.216164
