-2.20063 3.96608 0.00965372
-2.10188 3.96818 0.00974431
-2.00313 3.98786 0.0095184
-1.90438 3.99937 0.0100348
-1.80563 4.03199 0.00959
-1.70688 4.01696 0.00889333
-1.60813 4.03437 0.00789022
-1.50938 4.02337 0.00922267
-1.41063 4.03304 0.00998945
-1.31188 4.06212 0.00956158
-1.21313 4.06317 0.0096135
-1.11438 4.06383 0.00888811
-1.01563 4.09025 0.00982633
-0.916875 4.12349 0.00993807
-0.818125 4.08984 0.00773347
-0.719375 4.14741 0.00886579
-0.620625 4.15683 0.00883568
-0.521875 4.14534 0.0103228
-0.423125 4.15761 0.00881353
-0.324375 4.18379 0.00936893
-0.225625 4.21725 0.0103547
-0.126875 4.23114 0.00951947
-0.028125 4.25454 0.00918955
0.070625 4.25518 0.00946905
0.169375 4.26619 0.0102662
0.268125 4.29189 0.00912538
0.366875 4.28677 0.00952808
0.465625 4.27971 0.0107558
0.564375 4.3067 0.0108341
0.663125 4.32322 0.00978986
0.761875 4.33709 0.009432
0.860625 4.36152 0.00969372
0.959375 4.34925 0.00993867
1.05812 4.38461 0.0101074
1.15687 4.38952 0.0099422
1.25562 4.38655 0.00916708
1.35437 4.43768 0.00942602
1.45312 4.43527 0.00962821
1.55187 4.47038 0.0103764
1.65062 4.48286 0.0108348
1.74937 4.49604 0.0101003
1.84812 4.51533 0.0101589
1.94687 4.52281 0.00933181
2.04562 4.53897 0.0090177
2.14437 4.56492 0.0104311
2.24312 4.57973 0.0114709
2.34187 4.56433 0.00954931
2.44062 4.62589 0.00960661
2.53937 4.60233 0.00920052
2.63812 4.64691 0.0101431
2.73687 4.66259 0.00953991
2.83562 4.69128 0.0121085
2.93437 4.69653 0.0104919
3.03312 4.68602 0.00955875
3.13187 4.74311 0.0109839
3.23062 4.74834 0.0108202
3.32937 4.76063 0.00920362
3.42812 4.80455 0.00971117
3.52687 4.80958 0.00991223
3.62562 4.83895 0.0129852
3.72437 4.85925 0.0116474
3.82312 4.8687 0.00999131
3.92187 4.90589 0.0103085
4.02062 4.92209 0.0111258
4.11937 4.93443 0.0112113
4.21812 4.94723 0.00937311
4.31687 4.98138 0.0103888
4.41562 5.00365 0.01212
4.51437 5.04318 0.00984067
4.61313 5.06625 0.0121956
4.71187 5.08392 0.0106194
4.81062 5.07976 0.0109752
4.90937 5.12983 0.00984619
5.00812 5.14065 0.00996067
5.10687 5.15864 0.010033
5.20562 5.21162 0.0098272
5.30437 5.22203 0.0122583
5.40312 5.27227 0.0105865
5.50188 5.285 0.0129393
5.60062 5.30427 0.0135553
5.69937 5.35238 0.0119848
5.79812 5.37137 0.0132053
5.89687 5.38433 0.0112974
5.99562 5.41643 0.0105874
6.09437 5.4556 0.0106731
6.19312 5.46411 0.0111013
6.29187 5.48399 0.0120222
6.39062 5.53213 0.0121263
6.48937 5.56685 0.0107876
6.58812 5.60126 0.0121233
6.68687 5.66557 0.0120358
6.78562 5.66372 0.0110382
6.88437 5.71878 0.0118548
6.98312 5.71997 0.0102496
7.08187 5.78502 0.0112965
7.18062 5.80964 0.0107277
7.27937 5.85866 0.0124571
7.37812 5.88589 0.0126602
7.47687 5.9288 0.0132286
7.57562 5.96899 0.0121801
7.67437 5.98636 0.0111206
7.77312 6.03088 0.0107835
7.87187 6.0807 0.0130478
7.97062 6.10508 0.0102166
8.06937 6.13663 0.0121615
8.16812 6.21486 0.0121508
8.26687 6.24412 0.0100717
8.36562 6.28713 0.0134754
8.46437 6.3304 0.0116395
8.56312 6.38126 0.0109532
8.66187 6.4112 0.0102906
8.76062 6.44385 0.0127648
8.85937 6.52034 0.0120438
8.95812 6.58044 0.0130236
9.05687 6.61637 0.0127582
9.15562 6.66317 0.0107155
9.25437 6.76035 0.0106111
9.35312 6.82626 0.0122136
9.45187 6.85324 0.0127394
9.55062 6.90224 0.0103447
9.64937 6.96734 0.0120297
9.74812 7.04068 0.0128341
9.84687 7.10197 0.0140525
9.94562 7.1743 0.0122676
10.0444 7.23157 0.0145731
10.1431 7.30544 0.0128103
10.2419 7.39254 0.013078
10.3406 7.48174 0.012768
10.4394 7.53874 0.0126439
10.5381 7.60208 0.0126284
10.6369 7.71732 0.0117704
10.7356 7.78285 0.0116739
10.8344 7.88424 0.0110843
10.9331 7.98365 0.0106279
11.0319 8.07027 0.0107331
11.1306 8.16746 0.013285
11.2294 8.25685 0.01205
11.3281 8.37827 0.0114872
11.4269 8.4996 0.013186
11.5256 8.61044 0.0127885
11.6244 8.73942 0.0133449
11.7231 8.83139 0.0122783
11.8219 8.96601 0.0124158
11.9206 9.09551 0.0108501
12.0194 9.23363 0.0119511
12.1181 9.39658 0.0114607
12.2169 9.53964 0.0120229
12.3156 9.72528 0.0115977
12.4144 9.89626 0.0118866
12.5131 10.0863 0.0116278
12.6119 10.3302 0.0121617
12.7106 10.5234 0.0112686
12.8094 10.747 0.0127765
12.9081 11.0355 0.0120069
13.0069 11.3049 0.0126553
13.1056 11.6038 0.0123311
13.2044 11.9697 0.0143949
13.3031 12.3276 0.0143153
13.4019 12.7939 0.0152625
13.5006 13.3169 0.0168866
13.5994 13.8891 0.0178279
13.6981 14.6092 0.0198195
13.7969 15.441 0.0226582
13.8956 16.5355 0.0246944
13.9944 17.797 0.0251781
14.0931 19.4219 0.0304639
14.1919 21.5397 0.0392528
14.2906 24.4511 0.0438206
14.3894 28.7769 0.0475945
14.4881 35.5603 0.058373
14.5869 46.616 0.0588051
14.6856 62.6261 0.077901
14.7844 84.568 0.0970915
14.8831 110.56 0.104475
14.9819 139.086 0.121895
15.0806 168.539 0.142503
15.1794 197.704 0.16123
15.2781 225.193 0.191542
15.3769 252.012 0.271665
15.4756 277.333 0.398736
15.5744 300.291 0.647216
15.6731 322.779 0.942695
15.7719 341.218 2.0446
15.8706 363.198 4.33021
15.9694 394.894 14.6512
16.0681 267.484 43.2049
16.1669 63.6146 18.3257
16.2656 0 0
16.3644 0 0
16.4631 0 0
16.5619 0 0
16.6606 0 0
16.7594 0 0
16.8581 0 0
16.9569 0 0
17.0556 0 0
17.1544 0 0
17.2531 0 0
17.3519 0 0
17.4506 0 0
