-2.20063 4.05803 0.00211837
-2.10188 4.10926 0.0023831
-2.00313 4.13708 0.00226028
-1.90438 4.19059 0.0022978
-1.80563 4.20712 0.00224381
-1.70688 4.22781 0.00225103
-1.60813 4.2695 0.00242632
-1.50938 4.28378 0.00251586
-1.41063 4.29619 0.00259603
-1.31188 4.3396 0.00239532
-1.21313 4.35223 0.00261998
-1.11438 4.3642 0.00244106
-1.01563 4.40464 0.00229575
-0.916875 4.41273 0.00253179
-0.818125 4.42891 0.00239064
-0.719375 4.4619 0.00274542
-0.620625 4.47666 0.00247995
-0.521875 4.48644 0.00247371
-0.423125 4.52055 0.00258762
-0.324375 4.52777 0.00258918
-0.225625 4.58073 0.00243349
-0.126875 4.60352 0.00259979
-0.028125 4.63039 0.00254633
0.070625 4.65454 0.00278052
0.169375 4.66451 0.00268822
0.268125 4.67836 0.00278479
0.366875 4.67753 0.00241037
0.465625 4.68318 0.00261454
0.564375 4.72156 0.00266904
0.663125 4.72457 0.00266774
0.761875 4.74424 0.00251921
0.860625 4.7634 0.00267506
0.959375 4.77235 0.00261176
1.05812 4.80996 0.00266158
1.15687 4.81908 0.00267453
1.25562 4.83523 0.00265225
1.35437 4.86066 0.00243383
1.45312 4.86146 0.00244394
1.55187 4.89822 0.00269969
1.65062 4.90991 0.0025884
1.74937 4.93601 0.00274911
1.84812 4.95141 0.00231989
1.94687 4.95974 0.00248995
2.04562 4.98835 0.00276413
2.14437 4.99581 0.00269831
2.24312 5.03492 0.00264054
2.34187 5.04508 0.00298134
2.44062 5.06568 0.00293851
2.53937 5.0857 0.00253016
2.63812 5.10058 0.0027341
2.73687 5.12938 0.00277306
2.83562 5.13671 0.0027798
2.93437 5.17124 0.00256282
3.03312 5.18157 0.0030661
3.13187 5.20907 0.00279403
3.23062 5.22591 0.00286838
3.32937 5.24543 0.00271135
3.42812 5.27217 0.00267106
3.52687 5.29067 0.00276824
3.62562 5.30981 0.00269353
3.72437 5.32959 0.00287711
3.82312 5.35517 0.00278624
3.92187 5.37811 0.00280114
4.02062 5.39941 0.00274327
4.11937 5.41533 0.00270503
4.21812 5.44154 0.00262984
4.31687 5.46748 0.00283965
4.41562 5.48896 0.00302266
4.51437 5.51511 0.00299815
4.61313 5.53479 0.00290838
4.71187 5.55759 0.00277893
4.81062 5.58268 0.00273013
4.90937 5.6078 0.00292146
5.00812 5.63684 0.00269328
5.10687 5.66098 0.00291312
5.20562 5.68342 0.00286939
5.30437 5.71066 0.00275763
5.40312 5.73796 0.00285064
5.50188 5.76988 0.00276709
5.60062 5.79686 0.00304464
5.69937 5.81966 0.00281115
5.79812 5.84645 0.00277329
5.89687 5.87619 0.00288633
5.99562 5.89961 0.00291387
6.09437 5.92769 0.00305832
6.19312 5.95706 0.00309277
6.29187 5.98921 0.00295855
6.39062 6.01632 0.00276485
6.48937 6.04692 0.00272891
6.58812 6.08716 0.00287347
6.68687 6.11641 0.00300776
6.78562 6.14859 0.00263328
6.88437 6.17605 0.00312897
6.98312 6.21424 0.00285611
7.08187 6.24428 0.00303772
7.18062 6.27784 0.00302404
7.27937 6.30795 0.00295575
7.37812 6.3464 0.00311758
7.47687 6.38303 0.00286461
7.57562 6.41784 0.00306451
7.67437 6.46143 0.00332627
7.77312 6.50221 0.00310948
7.87187 6.54054 0.0030018
7.97062 6.5755 0.00326126
8.06937 6.62554 0.00304171
8.16812 6.66582 0.00300866
8.26687 6.70936 0.00342927
8.36562 6.75393 0.00323059
8.46437 6.79813 0.00309376
8.56312 6.8432 0.00319439
8.66187 6.89552 0.00327508
8.76062 6.94272 0.00320764
8.85937 6.98883 0.00331374
8.95812 7.03743 0.0030547
9.05687 7.09379 0.00286348
9.15562 7.14703 0.00311338
9.25437 7.19667 0.00331107
9.35312 7.25542 0.00323485
9.45187 7.31106 0.00310053
9.55062 7.37027 0.00319525
9.64937 7.43307 0.00328528
9.74812 7.49941 0.00326366
9.84687 7.55534 0.00323068
9.94562 7.62532 0.00323523
10.0444 7.68926 0.00304617
10.1431 7.76002 0.00313722
10.2419 7.8307 0.00303801
10.3406 7.90561 0.00330576
10.4394 7.98262 0.00354972
10.5381 8.05949 0.00319036
10.6369 8.13519 0.0031718
10.7356 8.22995 0.00331546
10.8344 8.31296 0.00322223
10.9331 8.40486 0.00323892
11.0319 8.50283 0.00355597
11.1306 8.59926 0.0033119
11.2294 8.69239 0.00337436
11.3281 8.79966 0.00356457
11.4269 8.9091 0.00342565
11.5256 9.01505 0.00317347
11.6244 9.13904 0.003338
11.7231 9.26436 0.00358812
11.8219 9.38716 0.00333719
11.9206 9.52982 0.00341096
12.0194 9.66776 0.0032766
12.1181 9.82484 0.00388104
12.2169 9.97549 0.00382837
12.3156 10.1487 0.00380059
12.4144 10.322 0.00375908
12.5131 10.5102 0.00352469
12.6119 10.7098 0.00362202
12.7106 10.9203 0.00402983
12.8094 11.1451 0.00354317
12.9081 11.4021 0.00384974
13.0069 11.6637 0.00357065
13.1056 11.9511 0.00390386
13.2044 12.2619 0.00387696
13.3031 12.5931 0.00373583
13.4019 12.9768 0.00378627
13.5006 13.3885 0.00439702
13.5994 13.8403 0.0038703
13.6981 14.3689 0.00371554
13.7969 14.9448 0.00434681
13.8956 15.6234 0.00419283
13.9944 16.4044 0.00447009
14.0931 17.3161 0.00480182
14.1919 18.439 0.00485972
14.2906 19.8153 0.00465939
14.3894 21.6007 0.00474455
14.4881 24.0044 0.00543375
14.5869 27.3259 0.00616926
14.6856 31.8941 0.00728032
14.7844 37.9859 0.0087905
14.8831 45.6297 0.0105624
14.9819 54.6936 0.0119371
15.0806 64.8389 0.016225
15.1794 75.6414 0.0207086
15.2781 86.6438 0.0285434
15.3769 97.6439 0.0439902
15.4756 108.425 0.0700062
15.5744 118.022 0.121111
15.6731 124.109 0.210685
15.7719 119.846 0.509631
15.8706 100.274 0.846508
15.9694 81.2504 1.01425
16.0681 73.7021 1.0275
16.1669 73.0706 1.12781
16.2656 71.0567 1.16577
16.3644 71.4774 1.03043
16.4631 71.2584 1.1763
16.5619 71.3208 1.09532
16.6606 71.7009 1.11371
16.7594 72.332 1.12724
16.8581 72.3489 1.14847
16.9569 72.8472 1.18646
17.0556 71.4484 1.16159
17.1544 71.2211 1.10772
17.2531 70.4733 1.18688
17.3519 71.6237 1.16151
17.4506 71.1049 1.08335
