-2.20063 0.0528995 1.64581e-05
-2.10188 0.0533177 1.7091e-05
-2.00313 0.0535547 1.68744e-05
-1.90438 0.0540827 1.63725e-05
-1.80563 0.0542282 1.6568e-05
-1.70688 0.0543616 1.7462e-05
-1.60813 0.0547903 1.82825e-05
-1.50938 0.0549016 1.89234e-05
-1.41063 0.054971 1.89583e-05
-1.31188 0.0553785 1.82264e-05
-1.21313 0.0554544 1.89209e-05
-1.11438 0.0555277 1.86174e-05
-1.01563 0.0559094 1.67451e-05
-0.916875 0.0559356 1.7495e-05
-0.818125 0.0560352 1.76025e-05
-0.719375 0.0563559 1.91695e-05
-0.620625 0.0564011 1.83047e-05
-0.521875 0.0565049 1.88077e-05
-0.423125 0.0567667 1.76025e-05
-0.324375 0.0567701 1.82223e-05
-0.225625 0.0568059 1.64411e-05
-0.126875 0.0567668 1.7079e-05
-0.028125 0.0569531 1.77074e-05
0.070625 0.0571889 1.85711e-05
0.169375 0.0571892 2.01921e-05
0.268125 0.0577351 1.88515e-05
0.366875 0.057888 1.77785e-05
0.465625 0.057863 1.87484e-05
0.564375 0.0582041 1.90649e-05
0.663125 0.0581616 1.9197e-05
0.761875 0.058297 1.95905e-05
0.860625 0.0584503 1.83669e-05
0.959375 0.0584403 1.84208e-05
1.05812 0.058752 1.83947e-05
1.15687 0.0587571 1.91521e-05
1.25562 0.0588632 1.87598e-05
1.35437 0.0590324 1.8462e-05
1.45312 0.0589839 1.90453e-05
1.55187 0.0592818 1.97298e-05
1.65062 0.0592918 1.84124e-05
1.74937 0.0594487 1.932e-05
1.84812 0.0595443 1.82536e-05
1.94687 0.0595626 1.73937e-05
2.04562 0.0597964 2.00569e-05
2.14437 0.0597644 1.95289e-05
2.24312 0.0600433 1.94435e-05
2.34187 0.0600625 2.00909e-05
2.44062 0.060203 2.03473e-05
2.53937 0.0603009 1.88185e-05
2.63812 0.0603688 2.00039e-05
2.73687 0.0605607 2.0102e-05
2.83562 0.060555 1.91724e-05
2.93437 0.0607864 1.87466e-05
3.03312 0.0607918 2.03639e-05
3.13187 0.0609949 1.91628e-05
3.23062 0.0610259 1.96152e-05
3.32937 0.0611744 1.91993e-05
3.42812 0.0612792 1.86978e-05
3.52687 0.0614084 1.90926e-05
3.62562 0.0614921 1.98399e-05
3.72437 0.0616182 1.98731e-05
3.82312 0.0617331 1.96298e-05
3.92187 0.0618546 1.93432e-05
4.02062 0.0619765 1.79511e-05
4.11937 0.0620669 1.84482e-05
4.21812 0.0621785 1.86211e-05
4.31687 0.0623245 1.93346e-05
4.41562 0.062441 1.97184e-05
4.51437 0.0625758 1.98378e-05
4.61313 0.0626707 2.07558e-05
4.71187 0.0628105 2.00173e-05
4.81062 0.0629295 1.87717e-05
4.90937 0.0630759 1.95936e-05
5.00812 0.0632063 1.99174e-05
5.10687 0.063339 1.98122e-05
5.20562 0.0634439 2.00596e-05
5.30437 0.0635885 1.92645e-05
5.40312 0.0637328 2.0471e-05
5.50188 0.0638983 2.07882e-05
5.60062 0.0640399 2.18447e-05
5.69937 0.0641656 1.94005e-05
5.79812 0.064297 1.99942e-05
5.89687 0.0644469 2.12992e-05
5.99562 0.0645822 2.0772e-05
6.09437 0.064728 1.95991e-05
6.19312 0.0648788 2.06363e-05
6.29187 0.0650481 2.0493e-05
6.39062 0.0651862 1.92943e-05
6.48937 0.0653485 1.95519e-05
6.58812 0.0655658 1.95548e-05
6.68687 0.0657269 2.00605e-05
6.78562 0.0658912 2.05525e-05
6.88437 0.0660416 2.02864e-05
6.98312 0.0662394 2.00652e-05
7.08187 0.0664106 2.07088e-05
7.18062 0.0665967 2.00838e-05
7.27937 0.0667589 2.00279e-05
7.37812 0.0669504 2.03578e-05
7.47687 0.0671532 2.10784e-05
7.57562 0.0673464 2.14735e-05
7.67437 0.067586 2.16151e-05
7.77312 0.0678033 2.141e-05
7.87187 0.0680086 2.06161e-05
7.97062 0.0682219 2.09636e-05
8.06937 0.0684873 2.06728e-05
8.16812 0.0687124 1.98867e-05
8.26687 0.0689441 2.1671e-05
8.36562 0.0692003 2.28825e-05
8.46437 0.0694469 2.00182e-05
8.56312 0.0697035 2.0557e-05
8.66187 0.069986 2.11715e-05
8.76062 0.0702576 2.0315e-05
8.85937 0.0705359 2.07583e-05
8.95812 0.070812 2.11256e-05
9.05687 0.0711216 2.15855e-05
9.15562 0.0714119 2.18182e-05
9.25437 0.0717071 2.2434e-05
9.35312 0.0720271 2.14014e-05
9.45187 0.0723461 2.15234e-05
9.55062 0.0726938 2.32525e-05
9.64937 0.0730575 2.32559e-05
9.74812 0.0734352 2.23196e-05
9.84687 0.0737867 2.29002e-05
9.94562 0.0741703 2.24286e-05
10.0444 0.0745546 2.25159e-05
10.1431 0.0749768 2.38899e-05
10.2419 0.0753666 2.38299e-05
10.3406 0.0758183 2.43835e-05
10.4394 0.0762751 2.52644e-05
10.5381 0.0767459 2.30906e-05
10.6369 0.0772023 2.32584e-05
10.7356 0.0777475 2.26966e-05
10.8344 0.0782659 2.27784e-05
10.9331 0.0788018 2.34223e-05
11.0319 0.0793811 2.5603e-05
11.1306 0.079969 2.41959e-05
11.2294 0.08055 2.38526e-05
11.3281 0.0811931 2.46338e-05
11.4269 0.0818641 2.43353e-05
11.5256 0.0825334 2.44137e-05
11.6244 0.0832673 2.47035e-05
11.7231 0.0840494 2.49362e-05
11.8219 0.0848201 2.41069e-05
11.9206 0.0856935 2.56159e-05
12.0194 0.0865712 2.60444e-05
12.1181 0.0875104 2.64274e-05
12.2169 0.0884911 2.54791e-05
12.3156 0.0895452 2.57664e-05
12.4144 0.0906408 2.73889e-05
12.5131 0.0918147 2.68577e-05
12.6119 0.0930528 2.71131e-05
12.7106 0.0943728 2.93466e-05
12.8094 0.095793 2.92824e-05
12.9081 0.097371 2.89897e-05
13.0069 0.0990231 2.82538e-05
13.1056 0.100827 2.98162e-05
13.2044 0.10277 3.08795e-05
13.3031 0.104869 2.9916e-05
13.4019 0.107236 3.03665e-05
13.5006 0.109812 3.22043e-05
13.5994 0.112654 3.33639e-05
13.6981 0.115893 3.55938e-05
13.7969 0.119463 3.5397e-05
13.8956 0.123558 3.72824e-05
13.9944 0.128247 3.89604e-05
14.0931 0.133626 4.16586e-05
14.1919 0.140046 4.44343e-05
14.2906 0.147683 4.40273e-05
14.3894 0.157056 4.56466e-05
14.4881 0.16865 4.96529e-05
14.5869 0.182587 5.6077e-05
14.6856 0.197809 6.15669e-05
14.7844 0.210996 6.58556e-05
14.8831 0.216019 6.97685e-05
14.9819 0.206605 7.30013e-05
15.0806 0.179592 6.84791e-05
15.1794 0.138576 6.34179e-05
15.2781 0.0932512 4.85762e-05
15.3769 0.0541123 3.72661e-05
15.4756 0.0268686 2.48292e-05
15.5744 0.01135 1.52221e-05
15.6731 0.00415367 9.89565e-06
15.7719 0.00141874 6.41067e-06
15.8706 0.000551723 4.07738e-06
15.9694 0.000320111 3.23758e-06
16.0681 0.000266184 2.84727e-06
16.1669 0.0002554 2.9722e-06
16.2656 0.000250357 2.72489e-06
16.3644 0.000247411 2.88397e-06
16.4631 0.000242224 2.56516e-06
16.5619 0.000242937 2.57468e-06
16.6606 0.000237004 2.71946e-06
16.7594 0.000238062 2.71404e-06
16.8581 0.000233843 2.70235e-06
16.9569 0.000228132 2.87826e-06
17.0556 0.000223313 2.57634e-06
17.1544 0.000226758 2.62497e-06
17.2531 0.000220625 2.57056e-06
17.3519 0.000220615 2.54221e-06
17.4506 0.00021563 2.57912e-06
