-2.20063 nan nan
-2.10188 nan nan
-2.00313 nan nan
-1.90438 nan nan
-1.80563 nan nan
-1.70688 nan nan
-1.60813 nan nan
-1.50938 nan nan
-1.41063 nan nan
-1.31188 nan nan
-1.21313 nan nan
-1.11438 nan nan
-1.01563 nan nan
-0.916875 nan nan
-0.818125 nan nan
-0.719375 nan nan
-0.620625 nan nan
-0.521875 nan nan
-0.423125 nan nan
-0.324375 nan nan
-0.225625 nan nan
-0.126875 0.0579556 1.7825e-05
-0.028125 0.0581448 1.85554e-05
0.070625 0.0583843 1.90353e-05
0.169375 0.0583858 2.06898e-05
0.268125 nan nan
0.366875 nan nan
0.465625 nan nan
0.564375 nan nan
0.663125 nan nan
0.761875 nan nan
0.860625 nan nan
0.959375 nan nan
1.05812 nan nan
1.15687 nan nan
1.25562 nan nan
1.35437 nan nan
1.45312 nan nan
1.55187 nan nan
1.65062 nan nan
1.74937 nan nan
1.84812 nan nan
1.94687 nan nan
2.04562 nan nan
2.14437 nan nan
2.24312 nan nan
2.34187 nan nan
2.44062 nan nan
2.53937 nan nan
2.63812 nan nan
2.73687 nan nan
2.83562 nan nan
2.93437 nan nan
3.03312 nan nan
3.13187 nan nan
3.23062 nan nan
3.32937 nan nan
3.42812 nan nan
3.52687 nan nan
3.62562 nan nan
3.72437 nan nan
3.82312 nan nan
3.92187 nan nan
4.02062 nan nan
4.11937 nan nan
4.21812 nan nan
4.31687 nan nan
4.41562 nan nan
4.51437 nan nan
4.61313 nan nan
4.71187 nan nan
4.81062 nan nan
4.90937 nan nan
5.00812 nan nan
5.10687 nan nan
5.20562 nan nan
5.30437 nan nan
5.40312 nan nan
5.50188 nan nan
5.60062 nan nan
5.69937 nan nan
5.79812 nan nan
5.89687 nan nan
5.99562 nan nan
6.09437 nan nan
6.19312 nan nan
6.29187 nan nan
6.39062 nan nan
6.48937 nan nan
6.58812 nan nan
6.68687 nan nan
6.78562 nan nan
6.88437 nan nan
6.98312 nan nan
7.08187 nan nan
7.18062 nan nan
7.27937 nan nan
7.37812 nan nan
7.47687 nan nan
7.57562 nan nan
7.67437 nan nan
7.77312 nan nan
7.87187 nan nan
7.97062 nan nan
8.06937 nan nan
8.16812 nan nan
8.26687 nan nan
8.36562 nan nan
8.46437 nan nan
8.56312 nan nan
8.66187 nan nan
8.76062 nan nan
8.85937 nan nan
8.95812 nan nan
9.05687 nan nan
9.15562 nan nan
9.25437 nan nan
9.35312 nan nan
9.45187 nan nan
9.55062 nan nan
9.64937 nan nan
9.74812 nan nan
9.84687 nan nan
9.94562 nan nan
10.0444 nan nan
10.1431 nan nan
10.2419 nan nan
10.3406 nan nan
10.4394 nan nan
10.5381 nan nan
10.6369 nan nan
10.7356 nan nan
10.8344 nan nan
10.9331 nan nan
11.0319 nan nan
11.1306 nan nan
11.2294 nan nan
11.3281 nan nan
11.4269 nan nan
11.5256 nan nan
11.6244 nan nan
11.7231 nan nan
11.8219 nan nan
11.9206 nan nan
12.0194 nan nan
12.1181 nan nan
12.2169 nan nan
12.3156 nan nan
12.4144 nan nan
12.5131 nan nan
12.6119 nan nan
12.7106 nan nan
12.8094 nan nan
12.9081 nan nan
13.0069 nan nan
13.1056 nan nan
13.2044 nan nan
13.3031 nan nan
13.4019 nan nan
13.5006 nan nan
13.5994 nan nan
13.6981 nan nan
13.7969 nan nan
13.8956 nan nan
13.9944 nan nan
14.0931 nan nan
14.1919 nan nan
14.2906 nan nan
14.3894 nan nan
14.4881 nan nan
14.5869 nan nan
14.6856 nan nan
14.7844 nan nan
14.8831 nan nan
14.9819 nan nan
15.0806 nan nan
15.1794 nan nan
15.2781 0.0928189 5.00715e-05
15.3769 0.0537379 3.85566e-05
15.4756 0.0266157 2.54078e-05
15.5744 0.0111899 1.55941e-05
15.6731 0.00405223 9.80347e-06
15.7719 0.0013462 6.34662e-06
15.8706 0.000488004 4.02138e-06
15.9694 0.000261372 3.03192e-06
16.0681 0.000209289 2.44812e-06
16.1669 0.000201816 2.54769e-06
16.2656 0.000195634 2.42171e-06
16.3644 0.000192009 2.5126e-06
16.4631 0.000190636 2.50558e-06
16.5619 0.00019094 2.32669e-06
16.6606 0.000188215 2.65855e-06
16.7594 0.000187781 2.61953e-06
16.8581 0.000185075 2.45784e-06
16.9569 0.000181408 2.57735e-06
17.0556 0.000177363 2.45378e-06
17.1544 0.000178484 2.32213e-06
17.2531 0.000175022 2.3131e-06
17.3519 0.000176714 2.3558e-06
17.4506 0.000171292 2.49258e-06
