#   DETECTOR OUTPUT MSH/DMSH
#   X BIN:    20 Y BIN:     1 Z BIN:     1
#                DETECTOR TYPE: DLET      
#   X START:-0.130D+02 Y START:-0.500D+00 Z START:-0.100D+00
#   X END  :-0.110D+02 Y END  : 0.500D+00 Z END  : 0.100D+00
#   PRIMARIES: 0.109D+07
-0.1295000E+02  0.0000000E+00  0.0000000E+00  0.4806404006405540E+01  0.4238426302620878E+01
-0.1285000E+02  0.0000000E+00  0.0000000E+00  0.1794332556393116E+01  0.1501432489409779E+01
-0.1275000E+02  0.0000000E+00  0.0000000E+00  0.1888375496881515E+01  0.1011614505858519E+01
-0.1265000E+02  0.0000000E+00  0.0000000E+00  0.1444576595004507E+02  0.8068408263105239E+01
-0.1255000E+02  0.0000000E+00  0.0000000E+00  0.4260610900577197E+01  0.1857665367271059E+01
-0.1245000E+02  0.0000000E+00  0.0000000E+00  0.3629920649093715E+01  0.2136917198590246E+01
-0.1235000E+02  0.0000000E+00  0.0000000E+00  0.2225509587362714E+01  0.1031895941870463E+01
-0.1225000E+02  0.0000000E+00  0.0000000E+00  0.8470048247410938E+01  0.3979459354827632E+01
-0.1215000E+02  0.0000000E+00  0.0000000E+00  0.1894922102621538E+01  0.9161246677968252E+00
-0.1205000E+02  0.0000000E+00  0.0000000E+00  0.7116844326835967E+01  0.3012933064137553E+01
-0.1195000E+02  0.0000000E+00  0.0000000E+00  0.8902323228717133E+01  0.3675959607417583E+01
-0.1185000E+02  0.0000000E+00  0.0000000E+00  0.9995836110148591E+01  0.6285980107278094E+01
-0.1175000E+02  0.0000000E+00  0.0000000E+00  0.9024210476892446E+01  0.3712022693100535E+01
-0.1165000E+02  0.0000000E+00  0.0000000E+00  0.6236307750302172E+01  0.3227297377789436E+01
-0.1155000E+02  0.0000000E+00  0.0000000E+00  0.2213962262007958E+01  0.7636398544353122E+00
-0.1145000E+02  0.0000000E+00  0.0000000E+00  0.8394281741485347E+01  0.3951248118334985E+01
-0.1135000E+02  0.0000000E+00  0.0000000E+00  0.1541357470163544E+02  0.5876941265661824E+01
-0.1125000E+02  0.0000000E+00  0.0000000E+00  0.7375320961845288E+01  0.3649161498919794E+01
-0.1115000E+02  0.0000000E+00  0.0000000E+00  0.6909658496352520E+01  0.2613902782848043E+01
-0.1105000E+02  0.0000000E+00  0.0000000E+00  0.3620504392686535E+01  0.1824632240967630E+01
