#   DETECTOR OUTPUT MSH/DMSH
#   X BIN:    20 Y BIN:     1 Z BIN:     1
#                DETECTOR TYPE: TLET      
#   X START:-0.130D+02 Y START:-0.500D+00 Z START:-0.100D+00
#   X END  :-0.110D+02 Y END  : 0.500D+00 Z END  : 0.100D+00
#   PRIMARIES: 0.109D+07
-0.1295000E+02  0.0000000E+00  0.0000000E+00  0.2988971501397143E+02  0.2517112482821202E+02
-0.1285000E+02  0.0000000E+00  0.0000000E+00  0.4968749108854439E+02  0.3409448668930820E+02
-0.1275000E+02  0.0000000E+00  0.0000000E+00  0.1284023065377690E+03  0.7571527450169384E+02
-0.1265000E+02  0.0000000E+00  0.0000000E+00  0.9262980784254546E+02  0.5424920537369619E+02
-0.1255000E+02  0.0000000E+00  0.0000000E+00  0.7637217223066466E+02  0.5166519171309627E+02
-0.1245000E+02  0.0000000E+00  0.0000000E+00  0.7271025498454297E+02  0.3989427063177894E+02
-0.1235000E+02  0.0000000E+00  0.0000000E+00  0.2247429019723707E+01  0.1022749351979657E+01
-0.1225000E+02  0.0000000E+00  0.0000000E+00  0.4018609206338721E+02  0.3355008783089399E+02
-0.1215000E+02  0.0000000E+00  0.0000000E+00  0.3239684484943116E+02  0.3054351788026170E+02
-0.1205000E+02  0.0000000E+00  0.0000000E+00  0.3681674791755112E+02  0.3115482072981633E+02
-0.1195000E+02  0.0000000E+00  0.0000000E+00  0.5406984447445046E+02  0.3291020278118521E+02
-0.1185000E+02  0.0000000E+00  0.0000000E+00  0.6068624501543643E+02  0.3052314326478303E+02
-0.1175000E+02  0.0000000E+00  0.0000000E+00  0.2250303784234387E+02  0.1560622035935793E+02
-0.1165000E+02  0.0000000E+00  0.0000000E+00  0.9502189411606042E+02  0.6967983652813886E+02
-0.1155000E+02  0.0000000E+00  0.0000000E+00  0.2213481872758471E+01  0.7649129957290349E+00
-0.1145000E+02  0.0000000E+00  0.0000000E+00  0.4204556807157024E+02  0.2815471835290588E+02
-0.1135000E+02  0.0000000E+00  0.0000000E+00  0.6102495345162482E+02  0.4884720873950350E+02
-0.1125000E+02  0.0000000E+00  0.0000000E+00  0.4873557339084918E+02  0.2590729598795272E+02
-0.1115000E+02  0.0000000E+00  0.0000000E+00  0.2714559622455819E+02  0.1820116839745145E+02
-0.1105000E+02  0.0000000E+00  0.0000000E+00  0.3658800958133099E+02  0.2356465422958864E+02
