#   DETECTOR OUTPUT MSH/DMSH
#   X BIN:    20 Y BIN:     1 Z BIN:     1
#                DETECTOR TYPE: TQ-EFF    
#   X START:-0.130D+02 Y START:-0.500D+00 Z START:-0.100D+00
#   X END  :-0.110D+02 Y END  : 0.500D+00 Z END  : 0.100D+00
#   PRIMARIES: 0.110D+07
-0.1295000E+02  0.0000000E+00  0.0000000E+00  0.4346941358879008E+03  0.4188094897856763E+03
-0.1285000E+02  0.0000000E+00  0.0000000E+00  0.5781021944661564E+03  0.4494099818814623E+03
-0.1275000E+02  0.0000000E+00  0.0000000E+00  0.1255064828621328E+04  0.7206532447616728E+03
-0.1265000E+02  0.0000000E+00  0.0000000E+00  0.1119611392009291E+04  0.6735109336785752E+03
-0.1255000E+02  0.0000000E+00  0.0000000E+00  0.7889134599669466E+03  0.5459823401546096E+03
-0.1245000E+02  0.0000000E+00  0.0000000E+00  0.1274239510078441E+04  0.7247086208794071E+03
-0.1235000E+02  0.0000000E+00  0.0000000E+00  0.3001223676749951E+01  0.1376258451835164E+01
-0.1225000E+02  0.0000000E+00  0.0000000E+00  0.4080731251694193E+03  0.3945202527749112E+03
-0.1215000E+02  0.0000000E+00  0.0000000E+00  0.5333825204241761E+03  0.5314768403211214E+03
-0.1205000E+02  0.0000000E+00  0.0000000E+00  0.5386455020682218E+03  0.5286103792230567E+03
-0.1195000E+02  0.0000000E+00  0.0000000E+00  0.8623146480040247E+03  0.5954284893204428E+03
-0.1185000E+02  0.0000000E+00  0.0000000E+00  0.9512163039362188E+03  0.6146056429173733E+03
-0.1175000E+02  0.0000000E+00  0.0000000E+00  0.9735342256115139E+02  0.8637882413042743E+02
-0.1165000E+02  0.0000000E+00  0.0000000E+00  0.5216648408953048E+03  0.4486494835803792E+03
-0.1155000E+02  0.0000000E+00  0.0000000E+00  0.2452463498772509E+01  0.9537101985732173E+00
-0.1145000E+02  0.0000000E+00  0.0000000E+00  0.4463124070510810E+03  0.4128840229809418E+03
-0.1135000E+02  0.0000000E+00  0.0000000E+00  0.5158412982022033E+03  0.4910971312104113E+03
-0.1125000E+02  0.0000000E+00  0.0000000E+00  0.9114678196660324E+03  0.6190655666758460E+03
-0.1115000E+02  0.0000000E+00  0.0000000E+00  0.4544131475672910E+03  0.4399697213244040E+03
-0.1105000E+02  0.0000000E+00  0.0000000E+00  0.5064770418681727E+03  0.4424632381928907E+03
