#   DETECTOR OUTPUT MSH/DMSH
#   X BIN:    20 Y BIN:     1 Z BIN:     1
#                DETECTOR TYPE: TLET      
#   X START:-0.130D+02 Y START:-0.500D+00 Z START:-0.100D+00
#   X END  :-0.110D+02 Y END  : 0.500D+00 Z END  : 0.100D+00
#   PRIMARIES: 0.109D+07
-0.1295000E+02  0.0000000E+00  0.0000000E+00  0.4136577796193689E+01  0.3571292904890083E+01
-0.1285000E+02  0.0000000E+00  0.0000000E+00  0.1279694128063598E+01  0.9949463681332766E+00
-0.1275000E+02  0.0000000E+00  0.0000000E+00  0.1747606554488649E+01  0.8987636089239563E+00
-0.1265000E+02  0.0000000E+00  0.0000000E+00  0.1229623121065604E+02  0.7014484754567671E+01
-0.1255000E+02  0.0000000E+00  0.0000000E+00  0.3647186678180079E+01  0.1462592391773424E+01
-0.1245000E+02  0.0000000E+00  0.0000000E+00  0.2777108644097968E+01  0.1367761333265669E+01
-0.1235000E+02  0.0000000E+00  0.0000000E+00  0.2197928050157703E+01  0.1014658310659700E+01
-0.1225000E+02  0.0000000E+00  0.0000000E+00  0.6556722975242535E+01  0.2929830969301057E+01
-0.1215000E+02  0.0000000E+00  0.0000000E+00  0.1847541091974749E+01  0.8869884769293236E+00
-0.1205000E+02  0.0000000E+00  0.0000000E+00  0.5463132657309929E+01  0.2125635940553583E+01
-0.1195000E+02  0.0000000E+00  0.0000000E+00  0.7060416291005304E+01  0.2700735436712556E+01
-0.1185000E+02  0.0000000E+00  0.0000000E+00  0.9004611364756808E+01  0.5707693148170224E+01
-0.1175000E+02  0.0000000E+00  0.0000000E+00  0.7072379235585249E+01  0.2766507729694671E+01
-0.1165000E+02  0.0000000E+00  0.0000000E+00  0.5036521101659631E+01  0.2442611976859397E+01
-0.1155000E+02  0.0000000E+00  0.0000000E+00  0.2195600990614057E+01  0.7576439421537560E+00
-0.1145000E+02  0.0000000E+00  0.0000000E+00  0.6639923015062250E+01  0.2997425010491580E+01
-0.1135000E+02  0.0000000E+00  0.0000000E+00  0.1227278220696721E+02  0.4622009288301610E+01
-0.1125000E+02  0.0000000E+00  0.0000000E+00  0.6031731762300575E+01  0.2847262711255338E+01
-0.1115000E+02  0.0000000E+00  0.0000000E+00  0.5076741996231570E+01  0.1840691343307350E+01
-0.1105000E+02  0.0000000E+00  0.0000000E+00  0.2884108070447097E+01  0.1220718366749860E+01
