#   DETECTOR OUTPUT MSH/DMSH
#   X BIN:    20 Y BIN:     1 Z BIN:     1
#                DETECTOR TYPE: DLET      
#   X START:-0.130D+02 Y START:-0.500D+00 Z START:-0.100D+00
#   X END  :-0.110D+02 Y END  : 0.500D+00 Z END  : 0.100D+00
#   PRIMARIES: 0.109D+07
-0.1295000E+02  0.0000000E+00  0.0000000E+00  0.6424780491565537E+02  0.4140804199399287E+02
-0.1285000E+02  0.0000000E+00  0.0000000E+00  0.7652560416520632E+02  0.5306998466928310E+02
-0.1275000E+02  0.0000000E+00  0.0000000E+00  0.1725993554079337E+03  0.1034468840053220E+03
-0.1265000E+02  0.0000000E+00  0.0000000E+00  0.1290707135823523E+03  0.7467449816679779E+02
-0.1255000E+02  0.0000000E+00  0.0000000E+00  0.1226659551607050E+03  0.7585958241874999E+02
-0.1245000E+02  0.0000000E+00  0.0000000E+00  0.9912857787570132E+02  0.5055332454568067E+02
-0.1235000E+02  0.0000000E+00  0.0000000E+00  0.1009583675787555E+02  0.8077042521389115E+01
-0.1225000E+02  0.0000000E+00  0.0000000E+00  0.6485491926931707E+02  0.4762447285646222E+02
-0.1215000E+02  0.0000000E+00  0.0000000E+00  0.4521801464960481E+02  0.4331363722784823E+02
-0.1205000E+02  0.0000000E+00  0.0000000E+00  0.7257903062036648E+02  0.4282735527126103E+02
-0.1195000E+02  0.0000000E+00  0.0000000E+00  0.8227143214780475E+02  0.4462125084967852E+02
-0.1185000E+02  0.0000000E+00  0.0000000E+00  0.1598350293256834E+03  0.7868306369868192E+02
-0.1175000E+02  0.0000000E+00  0.0000000E+00  0.2712528012097849E+02  0.1838825380288998E+02
-0.1165000E+02  0.0000000E+00  0.0000000E+00  0.1260909292897556E+03  0.9490231599384961E+02
-0.1155000E+02  0.0000000E+00  0.0000000E+00  0.3215497048037672E+01  0.1484811136781484E+01
-0.1145000E+02  0.0000000E+00  0.0000000E+00  0.6341009488392495E+02  0.4037107245731276E+02
-0.1135000E+02  0.0000000E+00  0.0000000E+00  0.8307197747225757E+02  0.6775787827886309E+02
-0.1125000E+02  0.0000000E+00  0.0000000E+00  0.8394398368033774E+02  0.4432734298959025E+02
-0.1115000E+02  0.0000000E+00  0.0000000E+00  0.3657298737585673E+02  0.2359302721984868E+02
-0.1105000E+02  0.0000000E+00  0.0000000E+00  0.5894104505274893E+02  0.3247348391479017E+02
