#   DETECTOR OUTPUT MSH/DMSH
#   X BIN:    20 Y BIN:     1 Z BIN:     1
#                DETECTOR TYPE: DQ-EFF    
#   X START:-0.130D+02 Y START:-0.500D+00 Z START:-0.100D+00
#   X END  :-0.110D+02 Y END  : 0.500D+00 Z END  : 0.100D+00
#   PRIMARIES: 0.110D+07
-0.1295000E+02  0.0000000E+00  0.0000000E+00  0.5103986722666332E+03  0.3960094330078110E+03
-0.1285000E+02  0.0000000E+00  0.0000000E+00  0.5895876504004245E+03  0.4366237351407163E+03
-0.1275000E+02  0.0000000E+00  0.0000000E+00  0.1143968368624077E+04  0.6579242782467611E+03
-0.1265000E+02  0.0000000E+00  0.0000000E+00  0.1137390787009049E+04  0.6638674519661628E+03
-0.1255000E+02  0.0000000E+00  0.0000000E+00  0.8524377864824760E+03  0.4985286358454586E+03
-0.1245000E+02  0.0000000E+00  0.0000000E+00  0.1304839070151114E+04  0.6956946187741521E+03
-0.1235000E+02  0.0000000E+00  0.0000000E+00  0.8173556275362598E+02  0.7949870268675528E+02
-0.1225000E+02  0.0000000E+00  0.0000000E+00  0.5011835113827016E+03  0.3767566401717945E+03
-0.1215000E+02  0.0000000E+00  0.0000000E+00  0.5009057509481217E+03  0.4989342666155806E+03
-0.1205000E+02  0.0000000E+00  0.0000000E+00  0.7131418238368997E+03  0.5259359447122901E+03
-0.1195000E+02  0.0000000E+00  0.0000000E+00  0.9374111053286975E+03  0.5746582180045630E+03
-0.1185000E+02  0.0000000E+00  0.0000000E+00  0.1188915119767301E+04  0.6214449547264642E+03
-0.1175000E+02  0.0000000E+00  0.0000000E+00  0.8567773836024591E+02  0.6838926363453250E+02
-0.1165000E+02  0.0000000E+00  0.0000000E+00  0.4761114408069643E+03  0.3921388575832098E+03
-0.1155000E+02  0.0000000E+00  0.0000000E+00  0.1902966382252459E+02  0.1726037955931114E+02
-0.1145000E+02  0.0000000E+00  0.0000000E+00  0.4980725896776650E+03  0.3805127645576890E+03
-0.1135000E+02  0.0000000E+00  0.0000000E+00  0.4863117093426217E+03  0.4499249753614089E+03
-0.1125000E+02  0.0000000E+00  0.0000000E+00  0.9468765030534895E+03  0.5999977518385195E+03
-0.1115000E+02  0.0000000E+00  0.0000000E+00  0.4510334095075649E+03  0.4238021361866737E+03
-0.1105000E+02  0.0000000E+00  0.0000000E+00  0.5339777313378949E+03  0.4251864164495795E+03
