#   DETECTOR OUTPUT MSH/DMSH
#   X BIN:    20 Y BIN:     1 Z BIN:     1
#                DETECTOR TYPE: DOSE      
#   X START:-0.130D+02 Y START:-0.500D+00 Z START:-0.100D+00
#   X END  :-0.110D+02 Y END  : 0.500D+00 Z END  : 0.100D+00
#   PRIMARIES: 0.109D+07
-0.1295000E+02  0.0000000E+00  0.0000000E+00  0.5848432537659433E-05  0.3248476576041731E-05
-0.1285000E+02  0.0000000E+00  0.0000000E+00  0.6192960547121004E-05  0.3627277293975170E-05
-0.1275000E+02  0.0000000E+00  0.0000000E+00  0.9689011290405793E-05  0.4144094221840124E-05
-0.1265000E+02  0.0000000E+00  0.0000000E+00  0.1229806574963152E-04  0.4356584275327609E-05
-0.1255000E+02  0.0000000E+00  0.0000000E+00  0.1526475619311855E-04  0.5934265517093657E-05
-0.1245000E+02  0.0000000E+00  0.0000000E+00  0.9909424836423202E-05  0.4025945899214873E-05
-0.1235000E+02  0.0000000E+00  0.0000000E+00  0.7851874070644817E-05  0.3428385613742119E-05
-0.1225000E+02  0.0000000E+00  0.0000000E+00  0.8715946898486868E-05  0.3159255067316327E-05
-0.1215000E+02  0.0000000E+00  0.0000000E+00  0.7272846165166049E-05  0.2846337469681692E-05
-0.1205000E+02  0.0000000E+00  0.0000000E+00  0.1919865374954104E-04  0.6819723967975511E-05
-0.1195000E+02  0.0000000E+00  0.0000000E+00  0.1567624009962471E-04  0.5137875010741225E-05
-0.1185000E+02  0.0000000E+00  0.0000000E+00  0.1675080528754359E-04  0.6687245537919255E-05
-0.1175000E+02  0.0000000E+00  0.0000000E+00  0.1902079946572909E-04  0.6766090210568365E-05
-0.1165000E+02  0.0000000E+00  0.0000000E+00  0.2849921214196173E-04  0.1014256157160394E-04
-0.1155000E+02  0.0000000E+00  0.0000000E+00  0.1239993588313294E-04  0.5133149039478192E-05
-0.1145000E+02  0.0000000E+00  0.0000000E+00  0.2629793868065942E-04  0.1073825123858061E-04
-0.1135000E+02  0.0000000E+00  0.0000000E+00  0.1803476878118215E-04  0.5853146487894892E-05
-0.1125000E+02  0.0000000E+00  0.0000000E+00  0.1606299170514853E-04  0.5935988885096831E-05
-0.1115000E+02  0.0000000E+00  0.0000000E+00  0.4032947246004871E-04  0.2185974608116317E-04
-0.1105000E+02  0.0000000E+00  0.0000000E+00  0.1413186948216128E-04  0.5550182242731454E-05
