#   DETECTOR OUTPUT MSH/DMSH
#   X BIN:    20 Y BIN:     1 Z BIN:     1
#                DETECTOR TYPE: DLET      
#   X START:-0.130D+02 Y START:-0.500D+00 Z START:-0.100D+00
#   X END  :-0.110D+02 Y END  : 0.500D+00 Z END  : 0.100D+00
#   PRIMARIES: 0.110D+07
-0.1295000E+02  0.0000000E+00  0.0000000E+00  0.8096022478651454E+02  0.5329991509697943E+02
-0.1285000E+02  0.0000000E+00  0.0000000E+00  0.9820478747252882E+02  0.6792340651545230E+02
-0.1275000E+02  0.0000000E+00  0.0000000E+00  0.2157264780943817E+03  0.1280655810096606E+03
-0.1265000E+02  0.0000000E+00  0.0000000E+00  0.1630635319992482E+03  0.9422646573656999E+02
-0.1255000E+02  0.0000000E+00  0.0000000E+00  0.1579058040423792E+03  0.9728253869336815E+02
-0.1245000E+02  0.0000000E+00  0.0000000E+00  0.1318221729682831E+03  0.6780163451917484E+02
-0.1235000E+02  0.0000000E+00  0.0000000E+00  0.1306888880806050E+02  0.1070064317204412E+02
-0.1225000E+02  0.0000000E+00  0.0000000E+00  0.8332964394081017E+02  0.6218086790396475E+02
-0.1215000E+02  0.0000000E+00  0.0000000E+00  0.5509500503166668E+02  0.5286914929359897E+02
-0.1205000E+02  0.0000000E+00  0.0000000E+00  0.8401842505745660E+02  0.5109505085308277E+02
-0.1195000E+02  0.0000000E+00  0.0000000E+00  0.1050461690994173E+03  0.5875632303135213E+02
-0.1185000E+02  0.0000000E+00  0.0000000E+00  0.1913468789437578E+03  0.9214544928357080E+02
-0.1175000E+02  0.0000000E+00  0.0000000E+00  0.3290707140119154E+02  0.2246756903653911E+02
-0.1165000E+02  0.0000000E+00  0.0000000E+00  0.1517348693397882E+03  0.1143832187845976E+03
-0.1155000E+02  0.0000000E+00  0.0000000E+00  0.3937928755389065E+01  0.1899237559803284E+01
-0.1145000E+02  0.0000000E+00  0.0000000E+00  0.8135760945100536E+02  0.5313483315514267E+02
-0.1135000E+02  0.0000000E+00  0.0000000E+00  0.1004377474493256E+03  0.8194625102349924E+02
-0.1125000E+02  0.0000000E+00  0.0000000E+00  0.1054184532079080E+03  0.5535175432332517E+02
-0.1115000E+02  0.0000000E+00  0.0000000E+00  0.4705826810977743E+02  0.3149362579852572E+02
-0.1105000E+02  0.0000000E+00  0.0000000E+00  0.7353507868908784E+02  0.4136321708150437E+02
