#   DETECTOR OUTPUT MSH/DMSH
#   X BIN:    20 Y BIN:     1 Z BIN:     1
#                DETECTOR TYPE: TQ-EFF    
#   X START:-0.130D+02 Y START:-0.500D+00 Z START:-0.100D+00
#   X END  :-0.110D+02 Y END  : 0.500D+00 Z END  : 0.100D+00
#   PRIMARIES: 0.110D+07
-0.1295000E+02  0.0000000E+00  0.0000000E+00  0.1162471594849961E+02  0.1111379698167569E+02
-0.1285000E+02  0.0000000E+00  0.0000000E+00  0.1775215330374781E+01  0.1524938267552601E+01
-0.1275000E+02  0.0000000E+00  0.0000000E+00  0.1851668432907334E+01  0.1036119807572909E+01
-0.1265000E+02  0.0000000E+00  0.0000000E+00  0.5663380137623418E+02  0.4398715428864888E+02
-0.1255000E+02  0.0000000E+00  0.0000000E+00  0.4338325912342003E+01  0.1898930655271690E+01
-0.1245000E+02  0.0000000E+00  0.0000000E+00  0.3721072305477627E+01  0.2272650628684501E+01
-0.1235000E+02  0.0000000E+00  0.0000000E+00  0.2321761382434432E+01  0.1128674126697159E+01
-0.1225000E+02  0.0000000E+00  0.0000000E+00  0.1123935329759606E+02  0.5691144411448970E+01
-0.1215000E+02  0.0000000E+00  0.0000000E+00  0.1887580810898986E+01  0.1014115802212234E+01
-0.1205000E+02  0.0000000E+00  0.0000000E+00  0.7738188329880815E+01  0.3658896285140732E+01
-0.1195000E+02  0.0000000E+00  0.0000000E+00  0.1085654283555403E+02  0.4857567813678949E+01
-0.1185000E+02  0.0000000E+00  0.0000000E+00  0.3267537187590372E+02  0.2879117169891810E+02
-0.1175000E+02  0.0000000E+00  0.0000000E+00  0.1103562624523654E+02  0.5457394493902278E+01
-0.1165000E+02  0.0000000E+00  0.0000000E+00  0.8149360911564536E+01  0.5069950351950308E+01
-0.1155000E+02  0.0000000E+00  0.0000000E+00  0.2065086563185619E+01  0.7295494666967091E+00
-0.1145000E+02  0.0000000E+00  0.0000000E+00  0.1150234705984092E+02  0.6508898206979493E+01
-0.1135000E+02  0.0000000E+00  0.0000000E+00  0.2462431896551051E+02  0.1125312743544685E+02
-0.1125000E+02  0.0000000E+00  0.0000000E+00  0.1034372663689569E+02  0.6247594079806694E+01
-0.1115000E+02  0.0000000E+00  0.0000000E+00  0.6527281135897396E+01  0.2545068368933471E+01
-0.1105000E+02  0.0000000E+00  0.0000000E+00  0.3441974361611512E+01  0.1713559286389047E+01
