#   DETECTOR OUTPUT MSH/DMSH
#   X BIN:    20 Y BIN:     1 Z BIN:     1
#                DETECTOR TYPE: TLET      
#   X START:-0.130D+02 Y START:-0.500D+00 Z START:-0.100D+00
#   X END  :-0.110D+02 Y END  : 0.500D+00 Z END  : 0.100D+00
#   PRIMARIES: 0.110D+07
-0.1295000E+02  0.0000000E+00  0.0000000E+00  0.3938462310415742E+02  0.3371629178694980E+02
-0.1285000E+02  0.0000000E+00  0.0000000E+00  0.6402695363466732E+02  0.4398457050385039E+02
-0.1275000E+02  0.0000000E+00  0.0000000E+00  0.1619507271542523E+03  0.9468688212839915E+02
-0.1265000E+02  0.0000000E+00  0.0000000E+00  0.1172250701442385E+03  0.6880272943703201E+02
-0.1255000E+02  0.0000000E+00  0.0000000E+00  0.9880918594596065E+02  0.6693424346889500E+02
-0.1245000E+02  0.0000000E+00  0.0000000E+00  0.9742468507918296E+02  0.5372300694173983E+02
-0.1235000E+02  0.0000000E+00  0.0000000E+00  0.2634244514569438E+01  0.1197317113092043E+01
-0.1225000E+02  0.0000000E+00  0.0000000E+00  0.5215193902047346E+02  0.4429269874326727E+02
-0.1215000E+02  0.0000000E+00  0.0000000E+00  0.3952296905295901E+02  0.3735673296929600E+02
-0.1205000E+02  0.0000000E+00  0.0000000E+00  0.4480652723226974E+02  0.3817914032602319E+02
-0.1195000E+02  0.0000000E+00  0.0000000E+00  0.7144503665355219E+02  0.4425966775673226E+02
-0.1185000E+02  0.0000000E+00  0.0000000E+00  0.7763163305734454E+02  0.3978542126698164E+02
-0.1175000E+02  0.0000000E+00  0.0000000E+00  0.2727908143342405E+02  0.1914585496358254E+02
-0.1165000E+02  0.0000000E+00  0.0000000E+00  0.1142982987089979E+03  0.8411778017871227E+02
-0.1155000E+02  0.0000000E+00  0.0000000E+00  0.2585560275259247E+01  0.8939799941243756E+00
-0.1145000E+02  0.0000000E+00  0.0000000E+00  0.5377900193043607E+02  0.3715997720510337E+02
-0.1135000E+02  0.0000000E+00  0.0000000E+00  0.7372999514954361E+02  0.5927683972257481E+02
-0.1125000E+02  0.0000000E+00  0.0000000E+00  0.6317057439162824E+02  0.3455263766710897E+02
-0.1115000E+02  0.0000000E+00  0.0000000E+00  0.3498137476165157E+02  0.2438835587251348E+02
-0.1105000E+02  0.0000000E+00  0.0000000E+00  0.4671385992835259E+02  0.3057301813205592E+02
