#   DETECTOR OUTPUT MSH/DMSH
#   X BIN:    20 Y BIN:     1 Z BIN:     1
#                DETECTOR TYPE: TLET      
#   X START:-0.130D+02 Y START:-0.500D+00 Z START:-0.100D+00
#   X END  :-0.110D+02 Y END  : 0.500D+00 Z END  : 0.100D+00
#   PRIMARIES: 0.110D+07
-0.1295000E+02  0.0000000E+00  0.0000000E+00  0.4978089259659294E+01  0.4318161993026840E+01
-0.1285000E+02  0.0000000E+00  0.0000000E+00  0.1502518019751316E+01  0.1170480888221385E+01
-0.1275000E+02  0.0000000E+00  0.0000000E+00  0.2041623298902467E+01  0.1051060296307121E+01
-0.1265000E+02  0.0000000E+00  0.0000000E+00  0.1549714716109616E+02  0.9117593821620529E+01
-0.1255000E+02  0.0000000E+00  0.0000000E+00  0.4269567542484587E+01  0.1714419417864359E+01
-0.1245000E+02  0.0000000E+00  0.0000000E+00  0.3261824405744408E+01  0.1614098887024770E+01
-0.1235000E+02  0.0000000E+00  0.0000000E+00  0.2567975412919456E+01  0.1186293185509488E+01
-0.1225000E+02  0.0000000E+00  0.0000000E+00  0.7741325016856081E+01  0.3470649490271797E+01
-0.1215000E+02  0.0000000E+00  0.0000000E+00  0.2158837730015291E+01  0.1037663782314287E+01
-0.1205000E+02  0.0000000E+00  0.0000000E+00  0.6418490466017096E+01  0.2507323789628074E+01
-0.1195000E+02  0.0000000E+00  0.0000000E+00  0.8310410402517928E+01  0.3190068604170515E+01
-0.1185000E+02  0.0000000E+00  0.0000000E+00  0.1116023564841407E+02  0.7286742447997698E+01
-0.1175000E+02  0.0000000E+00  0.0000000E+00  0.8331611444902780E+01  0.3278154051202933E+01
-0.1165000E+02  0.0000000E+00  0.0000000E+00  0.5935658269037162E+01  0.2896833077183367E+01
-0.1155000E+02  0.0000000E+00  0.0000000E+00  0.2561361974931527E+01  0.8841031674750383E+00
-0.1145000E+02  0.0000000E+00  0.0000000E+00  0.7842402172026684E+01  0.3562689848240030E+01
-0.1135000E+02  0.0000000E+00  0.0000000E+00  0.1456336578455859E+02  0.5519155387103938E+01
-0.1125000E+02  0.0000000E+00  0.0000000E+00  0.7118476461555292E+01  0.3382054724420188E+01
-0.1115000E+02  0.0000000E+00  0.0000000E+00  0.5951773270837706E+01  0.2160433276031040E+01
-0.1105000E+02  0.0000000E+00  0.0000000E+00  0.3377585898986450E+01  0.1433215404568820E+01
