#   DETECTOR OUTPUT MSH/DMSH
#   X BIN:    20 Y BIN:     1 Z BIN:     1
#                DETECTOR TYPE: DLET      
#   X START:-0.130D+02 Y START:-0.500D+00 Z START:-0.100D+00
#   X END  :-0.110D+02 Y END  : 0.500D+00 Z END  : 0.100D+00
#   PRIMARIES: 0.110D+07
-0.1295000E+02  0.0000000E+00  0.0000000E+00  0.5910008947791563E+01  0.5246697783634636E+01
-0.1285000E+02  0.0000000E+00  0.0000000E+00  0.2142874592320802E+01  0.1801085295511740E+01
-0.1275000E+02  0.0000000E+00  0.0000000E+00  0.2206879768369211E+01  0.1183651960688304E+01
-0.1265000E+02  0.0000000E+00  0.0000000E+00  0.1830744836695106E+02  0.1048326718334257E+02
-0.1255000E+02  0.0000000E+00  0.0000000E+00  0.5023637287440812E+01  0.2204926886681563E+01
-0.1245000E+02  0.0000000E+00  0.0000000E+00  0.4336920215781551E+01  0.2588830021993089E+01
-0.1235000E+02  0.0000000E+00  0.0000000E+00  0.2600352767936559E+01  0.1206549398678689E+01
-0.1225000E+02  0.0000000E+00  0.0000000E+00  0.1018057681959491E+02  0.4813391632622177E+01
-0.1215000E+02  0.0000000E+00  0.0000000E+00  0.2214350408026131E+01  0.1071865385652086E+01
-0.1205000E+02  0.0000000E+00  0.0000000E+00  0.8488032365937240E+01  0.3624899599365189E+01
-0.1195000E+02  0.0000000E+00  0.0000000E+00  0.1064216886223238E+02  0.4430873464270958E+01
-0.1185000E+02  0.0000000E+00  0.0000000E+00  0.1247927584823112E+02  0.8090386038954897E+01
-0.1175000E+02  0.0000000E+00  0.0000000E+00  0.1078187776545925E+02  0.4481816574504061E+01
-0.1165000E+02  0.0000000E+00  0.0000000E+00  0.7464610436723192E+01  0.3908042624696908E+01
-0.1155000E+02  0.0000000E+00  0.0000000E+00  0.2582831044362459E+01  0.8911199229292734E+00
-0.1145000E+02  0.0000000E+00  0.0000000E+00  0.1008373187046637E+02  0.4794520520026649E+01
-0.1135000E+02  0.0000000E+00  0.0000000E+00  0.1861696012131312E+02  0.7163772237762563E+01
-0.1125000E+02  0.0000000E+00  0.0000000E+00  0.8831967029340680E+01  0.4422755400214447E+01
-0.1115000E+02  0.0000000E+00  0.0000000E+00  0.8209317733999050E+01  0.3121362735064161E+01
-0.1105000E+02  0.0000000E+00  0.0000000E+00  0.4285482765008880E+01  0.2182758869428843E+01
