#   DETECTOR OUTPUT MSH/DMSH
#   X BIN:    20 Y BIN:     1 Z BIN:     1
#                DETECTOR TYPE: FLUENCE   
#   X START:-0.130D+02 Y START:-0.500D+00 Z START:-0.100D+00
#   X END  :-0.110D+02 Y END  : 0.500D+00 Z END  : 0.100D+00
#   PRIMARIES: 0.110D+07
-0.1295000E+02  0.0000000E+00  0.0000000E+00  0.9832601515249782E-04  0.2664444122787593E-05
-0.1285000E+02  0.0000000E+00  0.0000000E+00  0.1009731327021552E-03  0.2867444952841330E-05
-0.1275000E+02  0.0000000E+00  0.0000000E+00  0.1037396316956415E-03  0.2961392934974495E-05
-0.1265000E+02  0.0000000E+00  0.0000000E+00  0.1089183981396911E-03  0.2854899634715061E-05
-0.1255000E+02  0.0000000E+00  0.0000000E+00  0.1119999804592430E-03  0.2536358941650640E-05
-0.1245000E+02  0.0000000E+00  0.0000000E+00  0.1062168163654642E-03  0.2680325530830134E-05
-0.1235000E+02  0.0000000E+00  0.0000000E+00  0.1119253755519111E-03  0.2987933240639671E-05
-0.1225000E+02  0.0000000E+00  0.0000000E+00  0.1158444742684416E-03  0.2936681056208743E-05
-0.1215000E+02  0.0000000E+00  0.0000000E+00  0.1213446391286877E-03  0.3405735672653112E-05
-0.1205000E+02  0.0000000E+00  0.0000000E+00  0.1255549218065362E-03  0.3187711302175039E-05
-0.1195000E+02  0.0000000E+00  0.0000000E+00  0.1257375587999262E-03  0.3040452497645493E-05
-0.1185000E+02  0.0000000E+00  0.0000000E+00  0.1266975226332215E-03  0.2788365160908586E-05
-0.1175000E+02  0.0000000E+00  0.0000000E+00  0.1278982294930084E-03  0.2890029024642923E-05
-0.1165000E+02  0.0000000E+00  0.0000000E+00  0.1323072273893439E-03  0.3114871446257445E-05
-0.1155000E+02  0.0000000E+00  0.0000000E+00  0.1389021946140425E-03  0.3293752738128990E-05
-0.1145000E+02  0.0000000E+00  0.0000000E+00  0.1343869656618092E-03  0.3065130789138326E-05
-0.1135000E+02  0.0000000E+00  0.0000000E+00  0.1367606094091081E-03  0.3531370683614887E-05
-0.1125000E+02  0.0000000E+00  0.0000000E+00  0.1421975841790895E-03  0.3121775483089599E-05
-0.1115000E+02  0.0000000E+00  0.0000000E+00  0.1464898748274387E-03  0.3185520062342474E-05
-0.1105000E+02  0.0000000E+00  0.0000000E+00  0.1492992954134465E-03  0.3371584458637989E-05
