#   DETECTOR OUTPUT MSH/DMSH
#   X BIN:    20 Y BIN:     1 Z BIN:     1
#                DETECTOR TYPE: DOSE      
#   X START:-0.130D+02 Y START:-0.500D+00 Z START:-0.100D+00
#   X END  :-0.110D+02 Y END  : 0.500D+00 Z END  : 0.100D+00
#   PRIMARIES: 0.110D+07
-0.1295000E+02  0.0000000E+00  0.0000000E+00  0.1034880216900344E-04  0.4009373509207939E-05
-0.1285000E+02  0.0000000E+00  0.0000000E+00  0.9540502612046321E-05  0.3812453068642618E-05
-0.1275000E+02  0.0000000E+00  0.0000000E+00  0.2168265739127076E-04  0.6890426185371471E-05
-0.1265000E+02  0.0000000E+00  0.0000000E+00  0.2705058582740351E-04  0.6979515225199676E-05
-0.1255000E+02  0.0000000E+00  0.0000000E+00  0.1813721262192862E-04  0.6106358402792376E-05
-0.1245000E+02  0.0000000E+00  0.0000000E+00  0.2024839815612866E-04  0.6125156387697189E-05
-0.1235000E+02  0.0000000E+00  0.0000000E+00  0.1555010176506508E-04  0.4448190684562147E-05
-0.1225000E+02  0.0000000E+00  0.0000000E+00  0.1351309327451873E-04  0.3436940239458861E-05
-0.1215000E+02  0.0000000E+00  0.0000000E+00  0.1612083206171512E-04  0.4531052209917267E-05
-0.1205000E+02  0.0000000E+00  0.0000000E+00  0.2244296032086762E-04  0.7092828369692062E-05
-0.1195000E+02  0.0000000E+00  0.0000000E+00  0.1953103634134838E-04  0.5374282890805451E-05
-0.1185000E+02  0.0000000E+00  0.0000000E+00  0.2905279107250661E-04  0.8447530904039237E-05
-0.1175000E+02  0.0000000E+00  0.0000000E+00  0.2886147414465419E-04  0.7497787343793313E-05
-0.1165000E+02  0.0000000E+00  0.0000000E+00  0.3268738720055315E-04  0.1027303295343521E-04
-0.1155000E+02  0.0000000E+00  0.0000000E+00  0.1799207136525361E-04  0.5932488462336803E-05
-0.1145000E+02  0.0000000E+00  0.0000000E+00  0.4110897278389617E-04  0.1217293730412479E-04
-0.1135000E+02  0.0000000E+00  0.0000000E+00  0.4075524654964186E-04  0.1085827161741215E-04
-0.1125000E+02  0.0000000E+00  0.0000000E+00  0.2912465786388213E-04  0.8042581315970801E-05
-0.1115000E+02  0.0000000E+00  0.0000000E+00  0.5514721492979661E-04  0.2667755368198123E-04
-0.1105000E+02  0.0000000E+00  0.0000000E+00  0.2706789521564027E-04  0.6971628360639586E-05
