#   DETECTOR OUTPUT MSH/DMSH
#   X BIN:    20 Y BIN:     1 Z BIN:     1
#                DETECTOR TYPE: DQ-EFF    
#   X START:-0.130D+02 Y START:-0.500D+00 Z START:-0.100D+00
#   X END  :-0.110D+02 Y END  : 0.500D+00 Z END  : 0.100D+00
#   PRIMARIES: 0.110D+07
-0.1295000E+02  0.0000000E+00  0.0000000E+00  0.1409067840661580E+02  0.1357879206160245E+02
-0.1285000E+02  0.0000000E+00  0.0000000E+00  0.3462216666295191E+01  0.3206067957501877E+01
-0.1275000E+02  0.0000000E+00  0.0000000E+00  0.2087118815593324E+01  0.1237156090164998E+01
-0.1265000E+02  0.0000000E+00  0.0000000E+00  0.5231167360786014E+02  0.3568050167168582E+02
-0.1255000E+02  0.0000000E+00  0.0000000E+00  0.6142867011931538E+01  0.3318269962879907E+01
-0.1245000E+02  0.0000000E+00  0.0000000E+00  0.6798933140165963E+01  0.5274474778533856E+01
-0.1235000E+02  0.0000000E+00  0.0000000E+00  0.2361712452338465E+01  0.1155574303553897E+01
-0.1225000E+02  0.0000000E+00  0.0000000E+00  0.1849351832580182E+02  0.9798175957652063E+01
-0.1215000E+02  0.0000000E+00  0.0000000E+00  0.1952879824574070E+01  0.1058087037299331E+01
-0.1205000E+02  0.0000000E+00  0.0000000E+00  0.1330574027033370E+02  0.6835422910962521E+01
-0.1195000E+02  0.0000000E+00  0.0000000E+00  0.1756698877700041E+02  0.8625915691390627E+01
-0.1185000E+02  0.0000000E+00  0.0000000E+00  0.3101566486191756E+02  0.2580791555288583E+02
-0.1175000E+02  0.0000000E+00  0.0000000E+00  0.1770347736035658E+02  0.8994550852428819E+01
-0.1165000E+02  0.0000000E+00  0.0000000E+00  0.1250651976615879E+02  0.8123106775486573E+01
-0.1155000E+02  0.0000000E+00  0.0000000E+00  0.2085220653087966E+01  0.7363680237154790E+00
-0.1145000E+02  0.0000000E+00  0.0000000E+00  0.1799541238794180E+02  0.1021102659534309E+02
-0.1135000E+02  0.0000000E+00  0.0000000E+00  0.3630832194069840E+02  0.1610940468887338E+02
-0.1125000E+02  0.0000000E+00  0.0000000E+00  0.1505797911654520E+02  0.9358672965024235E+01
-0.1115000E+02  0.0000000E+00  0.0000000E+00  0.1203768029463583E+02  0.5230526614528470E+01
-0.1105000E+02  0.0000000E+00  0.0000000E+00  0.5643303894820513E+01  0.3769178080966017E+01
