-15.4 36.4487 0.26235
-15.3 37.5631 0.275483
-15.2 37.8333 0.279531
-15.1 37.3035 0.240008
-15 38.0976 0.273575
-14.9 37.8541 0.265565
-14.8 37.9605 0.281773
-14.7 38.5293 0.258417
-14.6 37.9377 0.279732
-14.5 37.8525 0.260237
-14.4 37.949 0.285107
-14.3 38.1128 0.272339
-14.2 38.2359 0.268372
-14.1 38.0851 0.253123
-14 38.7524 0.250856
-13.9 38.6557 0.259784
-13.8 38.2832 0.249864
-13.7 38.525 0.278505
-13.6 38.248 0.258209
-13.5 38.5888 0.250815
-13.4 38.6553 0.260891
-13.3 38.6808 0.264381
-13.2 38.8976 0.27263
-13.1 38.2155 0.245967
-13 39.0159 0.269967
-12.9 38.8767 0.255301
-12.8 38.5188 0.275156
-12.7 38.6203 0.252036
-12.6 38.643 0.251792
-12.5 38.916 0.27423
-12.4 38.6382 0.265126
-12.3 38.5386 0.253978
-12.2 38.4638 0.252425
-12.1 38.873 0.268129
-12 38.4299 0.226481
-11.9 38.9368 0.223993
-11.8 39.0094 0.269524
-11.7 39.2005 0.250952
-11.6 38.6434 0.247447
-11.5 38.7261 0.233608
-11.4 39.23 0.247835
-11.3 39.0181 0.250037
-11.2 38.7065 0.221584
-11.1 38.9398 0.240657
-11 39.3542 0.242811
-10.9 38.4922 0.246519
-10.8 39.2587 0.23675
-10.7 38.9012 0.256516
-10.6 39.2685 0.227761
-10.5 39.0959 0.243055
-10.4 39.0628 0.227031
-10.3 38.8632 0.271371
-10.2 38.6478 0.263007
-10.1 38.7347 0.255295
-10 38.7506 0.237652
-9.9 39.2294 0.235751
-9.8 39.409 0.223991
-9.7 39.3782 0.241532
-9.6 39.2383 0.246318
-9.5 38.7891 0.237237
-9.4 38.9643 0.225107
-9.3 39.0003 0.200834
-9.2 38.4644 0.221943
-9.1 38.7368 0.233661
-9 38.5656 0.240552
-8.9 38.7478 0.225975
-8.8 38.9841 0.247607
-8.7 38.9983 0.236304
-8.6 38.9749 0.206511
-8.5 38.7417 0.241578
-8.4 38.7006 0.219177
-8.3 39.1393 0.228437
-8.2 38.665 0.238277
-8.1 38.9145 0.229938
-8 38.8385 0.248914
-7.9 38.6922 0.242308
-7.8 38.7491 0.224415
-7.7 38.6718 0.228426
-7.6 38.5998 0.23413
-7.5 38.8018 0.217764
-7.4 38.7326 0.233594
-7.3 39.0573 0.224983
-7.2 38.6343 0.222282
-7.1 38.7582 0.216873
-7 38.5638 0.221588
-6.9 39.0727 0.21985
-6.8 38.6589 0.212092
-6.7 38.9023 0.212838
-6.6 38.4636 0.244835
-6.5 38.8323 0.219707
-6.4 39.0665 0.222608
-6.3 38.9969 0.230709
-6.2 38.9198 0.22352
-6.1 39.0476 0.237958
-6 39.2972 0.202582
-5.9 39.1013 0.230816
-5.8 38.9643 0.223783
-5.7 39.4396 0.234856
-5.6 39.0393 0.230386
-5.5 38.999 0.218563
-5.4 39.2507 0.210847
-5.3 39.2734 0.219053
-5.2 39.5828 0.218863
-5.1 39.5037 0.222258
-5 39.6646 0.251732
-4.9 39.2945 0.215553
-4.8 39.3657 0.201262
-4.7 39.2258 0.216566
-4.6 39.7002 0.213284
-4.5 39.7979 0.191412
-4.4 39.3412 0.219163
-4.3 39.678 0.219895
-4.2 39.7183 0.206177
-4.1 39.6385 0.223965
-4 39.81 0.22469
-3.9 39.2481 0.217818
-3.8 39.7628 0.190976
-3.7 39.8679 0.194998
-3.6 40.1116 0.196213
-3.5 39.9615 0.193337
-3.4 39.7992 0.188995
-3.3 39.8784 0.173941
-3.2 39.998 0.197504
-3.1 40.1559 0.197288
-3 40.1749 0.201922
-2.9 40.3439 0.18723
-2.8 40.4371 0.194999
-2.7 40.7503 0.192768
-2.6 40.8432 0.201538
-2.5 41.0189 0.203355
-2.4 41.2017 0.172423
-2.3 41.319 0.169645
-2.2 41.2642 0.182883
-2.1 41.8456 0.185622
-2 41.6301 0.17972
-1.9 41.5552 0.180724
-1.8 41.7228 0.173699
-1.7 42.091 0.178744
-1.6 42.2706 0.161107
-1.5 42.4641 0.154231
-1.4 42.9621 0.156311
-1.3 43.1377 0.153668
-1.2 43.8466 0.158352
-1.1 43.9673 0.157584
-1 44.605 0.142532
-0.9 44.9697 0.122301
-0.8 45.5957 0.13453
-0.7 46.8196 0.130335
-0.6 48.0562 0.115064
-0.5 51.2422 0.107891
-0.4 56.3206 0.0920792
-0.3 65.1052 0.0680416
-0.2 86.1995 0.0647898
-0.1 103.132 0.0577628
0 119.931 0.057841
0.1 136.363 0.0642977
0.2 152.45 0.092021
0.3 145.11 0.147333
0.4 161.256 0.33816
0.5 186.011 0.905371
0.6 261.316 3.01996
0.7 452.536 9.70686
0.8 647.829 16.7645
0.9 717.474 16.4455
1 760.03 18.1614
1.1 762.406 18.8425
1.2 744.942 19.4664
1.3 727.431 20.1892
1.4 753.496 18.7279
1.5 768.467 19.0948
1.6 776.605 23.0132
1.7 763.095 19.0083
1.8 686.248 17.509
1.9 732.828 18.6516
2 760.672 21.5528
2.1 716.241 17.613
2.2 714.699 20.492
2.3 708.969 17.0409
2.4 726.772 18.6548
2.5 722.521 17.7108
2.6 696.436 18.1925
2.7 712.032 18.5147
2.8 702.17 19.6593
2.9 725.118 20.5118
3 704.106 18.7046
3.1 727.36 19.8618
3.2 715.171 20.9989
3.3 752.045 22.1361
3.4 727.439 21.6869
3.5 740.433 22.8419
3.6 695.203 21.3599
3.7 705.409 20.5717
3.8 734.549 21.6277
3.9 729.999 19.5184
4 715.688 21.9605
4.1 687.13 18.793
4.2 702.291 21.7091
4.3 687.207 21.673
4.4 693.733 19.4938
4.5 731.31 20.1676
4.6 742.619 22.2736
4.7 724.842 23.5124
4.8 701.733 21.6765
4.9 735.158 22.7642
5 682.059 23.2288
5.1 691.336 22.1075
5.2 696.649 24.5821
5.3 724.061 22.9093
5.4 693.308 23.2707
5.5 700.27 22.4499
5.6 671.772 21.3368
5.7 732.524 22.5318
5.8 666.148 22.4755
5.9 642.527 22.3649
6 674.987 23.5885
6.1 718.833 23.6183
6.2 692.967 23.3766
6.3 677.526 25.2928
6.4 672.774 25.4459
6.5 703.489 23.4999
6.6 716.843 24.497
6.7 690.665 25.5112
6.8 685.385 24.1352
6.9 684.17 25.3805
7 638.372 21.436
7.1 665.41 22.8307
7.2 682.967 25.3324
7.3 817.704 30.0778
7.4 814.551 31.7155
7.5 776.788 24.4967
7.6 834.681 32.6366
7.7 819.393 29.6863
7.8 807.551 27.7007
7.9 799.697 26.292
8 804.733 28.8377
8.1 805.214 27.2553
8.2 806.324 26.2677
8.3 784.819 29.7412
8.4 862.505 32.6346
8.5 815.273 28.0577
8.6 806.076 29.5411
8.7 796.634 28.1901
8.8 835.335 30.3323
8.9 826.469 33.8355
9 857.84 29.3365
9.1 848.903 30.1725
9.2 825.278 30.7572
9.3 771.477 29.0211
9.4 839.525 31.9818
9.5 836.169 32.9822
9.6 806.875 31.292
9.7 846.695 32.2721
9.8 820.807 31.9123
9.9 761.866 29.7979
10 829.307 34.5088
10.1 809.5 31.9848
10.2 821.896 30.1609
10.3 788.282 35.1915
10.4 827.644 31.8063
10.5 744.853 31.7351
10.6 757.207 31.5761
10.7 741.736 31.1219
10.8 816.739 31.6926
10.9 803.257 34.9207
11 754.408 31.4336
11.1 765.167 37.4051
11.2 824.53 35.6762
11.3 805.607 29.8416
11.4 757.605 31.5799
11.5 778.955 34.1336
11.6 793.44 34.7126
11.7 738.481 30.645
11.8 731.457 28.2781
11.9 743.956 34.5939
12 762.931 30.9369
12.1 827.92 34.3776
12.2 792.607 31.886
