-15.4 0.066371 1.81613e-05
-15.3 0.066876 1.82474e-05
-15.2 0.0673024 1.89112e-05
-15.1 0.0678035 1.84008e-05
-15 0.0680133 1.96351e-05
-14.9 0.0684348 2.00074e-05
-14.8 0.0686996 1.91543e-05
-14.7 0.0688225 1.88436e-05
-14.6 0.0693158 2.12749e-05
-14.5 0.0693839 1.92236e-05
-14.4 0.0696431 2.07964e-05
-14.3 0.0699285 1.88628e-05
-14.2 0.0699814 1.73779e-05
-14.1 0.070418 1.88257e-05
-14 0.0704614 1.81971e-05
-13.9 0.0706959 2.03829e-05
-13.8 0.0709651 1.94183e-05
-13.7 0.0710047 2.05179e-05
-13.6 0.0713996 1.87031e-05
-13.5 0.0714088 1.87552e-05
-13.4 0.0716916 2.12097e-05
-13.3 0.0718338 2.01779e-05
-13.2 0.071991 2.04559e-05
-13.1 0.0722678 2.04255e-05
-13 0.0722946 2.00708e-05
-12.9 0.0726451 2.07375e-05
-12.8 0.0726583 2.12265e-05
-12.7 0.0729329 2.186e-05
-12.6 0.0730416 1.9191e-05
-12.5 0.0732078 2.05646e-05
-12.4 0.0734268 2.07689e-05
-12.3 0.0735021 2.03745e-05
-12.2 0.0737668 1.9977e-05
-12.1 0.0738207 1.98849e-05
-12 0.0741403 2.1953e-05
-11.9 0.0741707 2.11389e-05
-11.8 0.0744379 2.29592e-05
-11.7 0.0744864 2.15969e-05
-11.6 0.0747481 2.11683e-05
-11.5 0.0748211 2.05439e-05
-11.4 0.0750638 2.17916e-05
-11.3 0.0751687 2.15823e-05
-11.2 0.0754034 2.16512e-05
-11.1 0.0755355 2.24845e-05
-11 0.0757557 2.11003e-05
-10.9 0.075875 2.22404e-05
-10.8 0.0761184 2.10979e-05
-10.7 0.0762081 2.264e-05
-10.6 0.0764296 2.28064e-05
-10.5 0.0764948 2.20685e-05
-10.4 0.0768507 2.21236e-05
-10.3 0.0768153 2.27884e-05
-10.2 0.0771253 2.30606e-05
-10.1 0.0771934 2.2452e-05
-10 0.0774339 2.1683e-05
-9.9 0.0776098 2.15322e-05
-9.8 0.0777482 2.26382e-05
-9.7 0.0780363 2.18009e-05
-9.6 0.078099 2.25076e-05
-9.5 0.078408 2.25595e-05
-9.4 0.078488 2.27257e-05
-9.3 0.0787002 2.20834e-05
-9.2 0.0789437 2.12837e-05
-9.1 0.0790567 2.16412e-05
-9 0.0793505 1.98439e-05
-8.9 0.079497 2.35813e-05
-8.8 0.0796916 2.14941e-05
-8.7 0.0799674 2.3082e-05
-8.6 0.0801412 2.23534e-05
-8.5 0.0803623 2.33635e-05
-8.4 0.0805816 2.43242e-05
-8.3 0.0807792 2.43707e-05
-8.2 0.0810086 2.37517e-05
-8.1 0.0812699 2.27782e-05
-8 0.0814749 2.27428e-05
-7.9 0.0817135 2.35456e-05
-7.8 0.0819688 2.29703e-05
-7.7 0.0822154 2.36819e-05
-7.6 0.0824929 2.51032e-05
-7.5 0.0827336 2.23773e-05
-7.4 0.0830053 2.21771e-05
-7.3 0.0832729 2.24064e-05
-7.2 0.0835431 2.22361e-05
-7.1 0.0838265 2.18033e-05
-7 0.0841263 2.15986e-05
-6.9 0.0844254 2.34765e-05
-6.8 0.0847095 2.43638e-05
-6.7 0.0850391 2.38275e-05
-6.6 0.0853442 2.4767e-05
-6.5 0.0856875 2.25824e-05
-6.4 0.0860536 2.22887e-05
-6.3 0.0863785 2.29974e-05
-6.2 0.0867101 2.36038e-05
-6.1 0.0871092 2.33383e-05
-6 0.0874928 2.37599e-05
-5.9 0.0878722 2.5776e-05
-5.8 0.088272 2.43256e-05
-5.7 0.0886871 2.35819e-05
-5.6 0.0890917 2.43752e-05
-5.5 0.089529 2.39467e-05
-5.4 0.0899767 2.34754e-05
-5.3 0.0904302 2.39024e-05
-5.2 0.0909339 2.5118e-05
-5.1 0.0914284 2.55785e-05
-5 0.0919511 2.56524e-05
-4.9 0.0924451 2.37119e-05
-4.8 0.0929506 2.51875e-05
-4.7 0.093504 2.65068e-05
-4.6 0.0940735 2.56171e-05
-4.5 0.0946693 2.47788e-05
-4.4 0.0952671 2.57924e-05
-4.3 0.0959211 2.58757e-05
-4.2 0.0966 2.49592e-05
-4.1 0.0972697 2.64317e-05
-4 0.0979901 2.81585e-05
-3.9 0.0987262 2.79149e-05
-3.8 0.0995142 2.62268e-05
-3.7 0.100322 2.63045e-05
-3.6 0.101187 2.72103e-05
-3.5 0.102078 2.68674e-05
-3.4 0.102964 2.62969e-05
-3.3 0.103931 2.76042e-05
-3.2 0.104962 2.58317e-05
-3.1 0.106047 2.77731e-05
-3 0.107184 3.02782e-05
-2.9 0.108404 2.93567e-05
-2.8 0.109659 2.85629e-05
-2.7 0.110989 2.92618e-05
-2.6 0.112405 3.00967e-05
-2.5 0.113918 3.04247e-05
-2.4 0.11556 2.8839e-05
-2.3 0.117282 2.90167e-05
-2.2 0.119116 2.90933e-05
-2.1 0.121122 3.04071e-05
-2 0.123252 3.05273e-05
-1.9 0.125608 3.23622e-05
-1.8 0.12817 3.29251e-05
-1.7 0.130947 3.2671e-05
-1.6 0.134056 3.29334e-05
-1.5 0.13746 3.38345e-05
-1.4 0.14127 3.50665e-05
-1.3 0.145575 3.80023e-05
-1.2 0.15046 3.66895e-05
-1.1 0.155973 3.87279e-05
-1 0.162361 3.97458e-05
-0.9 0.169862 3.98317e-05
-0.8 0.178831 4.33477e-05
-0.7 0.189819 4.68163e-05
-0.6 0.203493 5.34916e-05
-0.5 0.220736 5.78309e-05
-0.4 0.241474 6.06857e-05
-0.3 0.264441 7.0484e-05
-0.2 0.270087 6.99374e-05
-0.1 0.261442 7.60367e-05
0 0.216783 6.95355e-05
0.1 0.148412 5.81799e-05
0.2 0.081599 4.40718e-05
0.3 0.0375361 2.90625e-05
0.4 0.014716 1.94202e-05
0.5 0.00488352 1.16923e-05
0.6 0.00147603 6.37983e-06
0.7 0.000539898 3.84731e-06
0.8 0.000325604 2.96744e-06
0.9 0.000285717 2.95734e-06
1 0.000279547 2.99247e-06
1.1 0.000273011 2.94619e-06
1.2 0.000267284 2.94185e-06
1.3 0.000264843 2.85919e-06
1.4 0.000264005 2.8184e-06
1.5 0.000257676 2.85122e-06
1.6 0.000254264 3.02753e-06
1.7 0.000254004 2.78101e-06
1.8 0.000248796 2.89859e-06
1.9 0.000247042 2.9963e-06
2 0.000249906 2.78522e-06
2.1 0.00024398 2.88728e-06
2.2 0.000235473 2.71253e-06
2.3 0.000236465 2.63002e-06
2.4 0.000235394 2.7059e-06
2.5 0.000233513 2.61451e-06
2.6 0.000228367 2.67904e-06
2.7 0.000226071 2.65726e-06
2.8 0.000219892 2.52265e-06
2.9 0.00021943 2.58516e-06
3 0.000218036 2.61511e-06
3.1 0.000214098 2.56009e-06
3.2 0.000213469 2.53674e-06
3.3 0.000211487 2.61405e-06
3.4 0.000205968 2.45732e-06
3.5 0.000208352 2.65767e-06
3.6 0.000202186 2.56903e-06
3.7 0.00020134 2.66031e-06
3.8 0.000196165 2.45474e-06
3.9 0.000196975 2.44373e-06
4 0.000194224 2.42398e-06
4.1 0.000188878 2.34734e-06
4.2 0.000187658 2.44625e-06
4.3 0.000184301 2.38369e-06
4.4 0.000184039 2.43593e-06
4.5 0.000186949 2.47598e-06
4.6 0.000182084 2.35661e-06
4.7 0.000177927 2.37294e-06
4.8 0.000177595 2.39739e-06
4.9 0.000176673 2.4682e-06
5 0.00017358 2.38253e-06
5.1 0.000172295 2.30994e-06
5.2 0.000170424 2.37665e-06
5.3 0.000168247 2.35645e-06
5.4 0.000162767 2.23201e-06
5.5 0.000159616 2.14959e-06
5.6 0.000162046 2.44872e-06
5.7 0.000160205 2.38565e-06
5.8 0.000159209 2.23443e-06
5.9 0.000157759 2.48058e-06
6 0.000151728 2.16276e-06
6.1 0.000153855 2.19613e-06
6.2 0.00014823 2.24116e-06
6.3 0.000146274 2.15331e-06
6.4 0.000143941 2.11367e-06
6.5 0.000146919 2.25137e-06
6.6 0.00014516 1.95873e-06
6.7 0.000140855 1.99439e-06
6.8 0.000141263 2.0285e-06
6.9 0.000137707 2.08872e-06
7 0.000137729 2.07943e-06
7.1 0.000138668 2.01105e-06
7.2 0.000135721 2.14721e-06
7.3 0.000132704 1.83239e-06
7.4 0.000132617 2.00016e-06
7.5 0.000130123 1.92584e-06
7.6 0.000131487 1.98185e-06
7.7 0.000128795 1.85051e-06
7.8 0.000125794 1.71695e-06
7.9 0.000125487 1.99966e-06
8 0.000124661 1.95896e-06
8.1 0.000122962 1.94343e-06
8.2 0.000122332 1.85174e-06
8.3 0.000117847 1.86822e-06
8.4 0.000119621 1.76558e-06
8.5 0.000117021 1.73188e-06
8.6 0.000114452 1.65086e-06
8.7 0.000115385 1.58905e-06
8.8 0.000115191 1.82717e-06
8.9 0.000112802 1.80034e-06
9 0.000110464 1.65661e-06
9.1 0.000108826 1.83249e-06
9.2 0.000108336 1.78625e-06
9.3 0.000106224 1.70871e-06
9.4 0.000104045 1.70181e-06
9.5 0.000105475 1.88862e-06
9.6 0.000104596 1.59198e-06
9.7 0.00010273 1.61735e-06
9.8 0.00010328 1.65823e-06
9.9 0.000101356 1.77567e-06
10 9.83597e-05 1.62147e-06
10.1 9.83499e-05 1.63898e-06
10.2 9.61726e-05 1.59714e-06
10.3 9.5932e-05 1.64877e-06
10.4 9.70843e-05 1.73161e-06
10.5 9.43498e-05 1.43154e-06
10.6 9.2986e-05 1.55652e-06
10.7 9.17874e-05 1.4867e-06
10.8 9.21008e-05 1.57776e-06
10.9 8.99544e-05 1.60841e-06
11 8.93791e-05 1.58304e-06
11.1 8.54922e-05 1.47884e-06
11.2 8.55783e-05 1.47117e-06
11.3 8.98645e-05 1.54882e-06
11.4 8.70262e-05 1.50228e-06
11.5 8.85637e-05 1.61313e-06
11.6 8.71234e-05 1.55293e-06
11.7 8.32329e-05 1.52126e-06
11.8 8.1207e-05 1.42685e-06
11.9 8.19813e-05 1.51447e-06
12 8.05597e-05 1.50291e-06
12.1 8.09969e-05 1.44738e-06
12.2 8.03158e-05 1.41948e-06
