-15.4 5.60367 0.00122647
-15.3 5.64185 0.00142365
-15.2 5.67929 0.00154697
-15.1 5.72233 0.0015774
-15 5.74095 0.00149164
-14.9 5.78184 0.00190994
-14.8 5.80864 0.00164215
-14.7 5.82316 0.00168511
-14.6 5.8703 0.00175447
-14.5 5.88207 0.00177651
-14.4 5.90926 0.00167525
-14.3 5.94049 0.00150572
-14.2 5.94597 0.00160286
-14.1 5.99079 0.00161311
-14 6.00194 0.00193015
-13.9 6.02784 0.00207907
-13.8 6.05615 0.00177482
-13.7 6.06451 0.0020287
-13.6 6.10761 0.00194622
-13.5 6.11424 0.00214389
-13.4 6.14743 0.00201891
-13.3 6.16684 0.00184306
-13.2 6.18581 0.00192162
-13.1 6.22291 0.00175313
-13 6.23121 0.00199078
-12.9 6.26669 0.00208128
-12.8 6.28072 0.00188736
-12.7 6.31057 0.00160541
-12.6 6.33007 0.00193217
-12.5 6.35323 0.00200874
-12.4 6.38337 0.0020159
-12.3 6.39831 0.00186052
-12.2 6.43218 0.0020108
-12.1 6.44773 0.00207177
-12 6.48565 0.00209586
-11.9 6.49756 0.00212163
-11.8 6.53121 0.00183015
-11.7 6.54707 0.00197194
-11.6 6.58049 0.00216519
-11.5 6.59663 0.00212106
-11.4 6.62883 0.00215204
-11.3 6.64464 0.00213374
-11.2 6.6811 0.00231809
-11.1 6.70048 0.00198509
-11 6.73299 0.00217756
-10.9 6.75484 0.00199242
-10.8 6.78832 0.00197972
-10.7 6.81118 0.00216189
-10.6 6.84125 0.00200812
-10.5 6.85888 0.00198291
-10.4 6.90557 0.00178929
-10.3 6.916 0.00188232
-10.2 6.95426 0.00206176
-10.1 6.97188 0.00207673
-10 7.00938 0.00199779
-9.9 7.03579 0.00207845
-9.8 7.0633 0.00210164
-9.7 7.10528 0.00214931
-9.6 7.12558 0.0021367
-9.5 7.1678 0.00208589
-9.4 7.18701 0.00231784
-9.3 7.22111 0.00235977
-9.2 7.25639 0.00216151
-9.1 7.27754 0.00201359
-9 7.32597 0.00206965
-8.9 7.35168 0.00224859
-8.8 7.38581 0.00213143
-8.7 7.42633 0.00205711
-8.6 7.45361 0.00202709
-8.5 7.49163 0.00193645
-8.4 7.53149 0.00208712
-8.3 7.56253 0.00230561
-8.2 7.60205 0.00222664
-8.1 7.64535 0.00229534
-8 7.68068 0.0023574
-7.9 7.71864 0.00220229
-7.8 7.75942 0.00218872
-7.7 7.79857 0.00227585
-7.6 7.83751 0.00190795
-7.5 7.88307 0.00218178
-7.4 7.92377 0.00187642
-7.3 7.96356 0.00225963
-7.2 8.0103 0.00219859
-7.1 8.05662 0.00249076
-7 8.10105 0.00233955
-6.9 8.14445 0.00273204
-6.8 8.1966 0.00258661
-6.7 8.2456 0.0020844
-6.6 8.29674 0.00238019
-6.5 8.34671 0.00202645
-6.4 8.3992 0.00211699
-6.3 8.45439 0.0021044
-6.2 8.50808 0.00217189
-6.1 8.56504 0.00202732
-6 8.62426 0.00222434
-5.9 8.68297 0.00244593
-5.8 8.74454 0.00226711
-5.7 8.80527 0.00215964
-5.6 8.86673 0.00225198
-5.5 8.93346 0.0021069
-5.4 9.00129 0.00213507
-5.3 9.06999 0.00237622
-5.2 9.14084 0.00264301
-5.1 9.20544 0.00238823
-5 9.28111 0.00241313
-4.9 9.35974 0.00255221
-4.8 9.43926 0.00236793
-4.7 9.52114 0.0021899
-4.6 9.60644 0.00231158
-4.5 9.69054 0.00272542
-4.4 9.77718 0.00253963
-4.3 9.87091 0.00239759
-4.2 9.96977 0.00209264
-4.1 10.0645 0.00248312
-4 10.1661 0.00233846
-3.9 10.2687 0.00259437
-3.8 10.3767 0.00210698
-3.7 10.495 0.00254695
-3.6 10.6122 0.00227347
-3.5 10.7367 0.00225228
-3.4 10.8671 0.00257317
-3.3 10.9982 0.00234274
-3.2 11.1397 0.0023211
-3.1 11.2889 0.00228627
-3 11.4442 0.0026481
-2.9 11.6072 0.0024831
-2.8 11.7764 0.0024428
-2.7 11.9531 0.00225648
-2.6 12.1463 0.00241864
-2.5 12.3449 0.00254695
-2.4 12.5628 0.00241087
-2.3 12.7911 0.00221524
-2.2 13.034 0.00238151
-2.1 13.2975 0.00275243
-2 13.5795 0.00221666
-1.9 13.8857 0.00271159
-1.8 14.2176 0.00238201
-1.7 14.5738 0.00232444
-1.6 14.9734 0.00241066
-1.5 15.4145 0.00254347
-1.4 15.902 0.00257087
-1.3 16.4501 0.00258355
-1.2 17.0709 0.00253246
-1.1 17.7842 0.00280542
-1 18.609 0.00235995
-0.9 19.5818 0.00282669
-0.8 20.76 0.00328599
-0.7 22.2279 0.00372174
-0.6 24.1158 0.00491012
-0.5 26.6244 0.00549677
-0.4 30.0161 0.00637716
-0.3 34.6428 0.00852586
-0.2 45.8151 0.0126745
-0.1 54.3914 0.0154565
0 63.4381 0.0194656
0.1 72.5063 0.0296459
0.2 81.4165 0.0435453
0.3 78.5241 0.0604898
0.4 83.5649 0.112822
0.5 85.1312 0.247991
0.6 75.0144 0.452417
0.7 50.3943 0.644268
0.8 34.0157 0.523616
0.9 29.7435 0.463789
1 29.7824 0.495502
1.1 28.5642 0.43806
1.2 28.7575 0.430137
1.3 28.6699 0.44408
1.4 28.393 0.458857
1.5 28.5765 0.48386
1.6 29.343 0.540763
1.7 29.231 0.500761
1.8 29.2564 0.476221
1.9 28.2777 0.456262
2 29.2718 0.495126
2.1 29.2472 0.478561
2.2 28.5428 0.537653
2.3 28.4926 0.481628
2.4 28.8375 0.502925
2.5 28.7832 0.453042
2.6 28.8971 0.522065
2.7 28.176 0.516751
2.8 28.2033 0.510704
2.9 28.6538 0.485267
3 29.1152 0.488108
3.1 28.5917 0.506326
3.2 28.7688 0.568567
3.3 27.9833 0.435669
3.4 28.2742 0.485749
3.5 29.1591 0.541794
3.6 29.5497 0.467723
3.7 29.309 0.601659
3.8 28.083 0.599722
3.9 28.0871 0.544401
4 28.9638 0.546535
4.1 28.5714 0.588542
4.2 28.7704 0.469449
4.3 28.3208 0.543729
4.4 28.8247 0.611734
4.5 28.7139 0.571401
4.6 28.2359 0.62169
4.7 28.3189 0.561744
4.8 27.773 0.625271
4.9 28.1585 0.581332
5 28.1011 0.652848
5.1 28.1351 0.606121
5.2 28.9511 0.597687
5.3 28.9678 0.611329
5.4 28.8606 0.64799
5.5 28.6238 0.63334
5.6 27.8445 0.651177
5.7 27.5353 0.71852
5.8 27.9648 0.677992
5.9 27.193 0.562738
6 27.7736 0.578985
6.1 27.0408 0.642066
6.2 27.6056 0.631388
6.3 27.3659 0.597473
6.4 27.1098 0.582663
6.5 26.9973 0.661151
6.6 27.5085 0.594478
6.7 26.6584 0.569834
6.8 27.4268 0.60683
6.9 27.7288 0.734857
7 27.3162 0.752847
7.1 27.9543 0.67253
7.2 27.4462 0.739445
7.3 32.0161 0.787541
7.4 30.4716 0.8309
7.5 30.9565 0.796319
7.6 30.9213 0.775803
7.7 31.7803 0.823176
7.8 30.6369 0.77207
7.9 30.3839 0.688723
8 30.3251 0.707093
8.1 31.2035 0.746055
8.2 30.8169 0.737335
8.3 30.1484 0.640517
8.4 30.2291 0.723717
8.5 30.1649 0.73641
8.6 29.2821 0.677405
8.7 29.9033 0.776458
8.8 30.3769 0.753047
8.9 30.6778 0.82436
9 29.4444 0.774558
9.1 28.9425 0.699514
9.2 31.5394 0.799145
9.3 30.2488 0.683507
9.4 30.0405 0.759406
9.5 29.9447 0.695473
9.6 29.9929 0.714509
9.7 30.0108 0.727194
9.8 29.74 0.761539
9.9 29.938 0.832129
10 29.3969 0.80538
10.1 30.0712 0.858919
10.2 29.4374 0.793362
10.3 30.3222 0.94645
10.4 30.2102 0.808601
10.5 31.2697 0.913919
10.6 31.5957 0.940408
10.7 31.0082 0.826937
10.8 30.413 0.871253
10.9 30.5089 0.842786
11 30.9576 0.813406
11.1 30.9853 0.901855
11.2 29.7583 0.864439
11.3 29.681 0.915525
11.4 30.6118 0.991727
11.5 29.1303 0.872483
11.6 30.0979 0.847166
11.7 28.7715 0.851148
11.8 29.2761 0.824502
11.9 28.6121 0.836073
12 29.6254 0.941069
12.1 29.8992 0.91112
12.2 28.5367 0.812615
