-15.4 0.0122374 5.78029e-06
-15.3 0.0122698 5.75056e-06
-15.2 0.0122937 5.73393e-06
-15.1 0.0123097 5.70254e-06
-15 0.0123264 5.9081e-06
-14.9 0.0123407 5.72699e-06
-14.8 0.0123541 5.79732e-06
-14.7 0.0123648 6.10173e-06
-14.6 0.0123758 5.8751e-06
-14.5 0.0123815 5.85247e-06
-14.4 0.0123867 5.89558e-06
-14.3 0.0123902 5.89533e-06
-14.2 0.0123938 5.89803e-06
-14.1 0.0123972 5.82093e-06
-14 0.0123993 5.80295e-06
-13.9 0.012401 5.94158e-06
-13.8 0.0124054 5.98716e-06
-13.7 0.012403 6.33747e-06
-13.6 0.012402 5.92955e-06
-13.5 0.0123986 6.25738e-06
-13.4 0.0123982 6.1414e-06
-13.3 0.0123998 6.19429e-06
-13.2 0.0123975 6.01312e-06
-13.1 0.0123932 5.79909e-06
-13 0.012389 5.72866e-06
-12.9 0.0123866 6.10031e-06
-12.8 0.0123799 6.07769e-06
-12.7 0.0123794 6.08666e-06
-12.6 0.0123719 5.95881e-06
-12.5 0.0123673 5.49071e-06
-12.4 0.0123595 5.79235e-06
-12.3 0.0123534 5.82235e-06
-12.2 0.0123479 5.89922e-06
-12.1 0.012343 5.62566e-06
-12 0.012334 5.72795e-06
-11.9 0.0123251 5.80661e-06
-11.8 0.0123155 5.7628e-06
-11.7 0.0123063 5.75446e-06
-11.6 0.0122959 5.68404e-06
-11.5 0.0122852 5.87751e-06
-11.4 0.012278 5.7724e-06
-11.3 0.0122707 6.03607e-06
-11.2 0.0122581 5.72762e-06
-11.1 0.0122455 5.91093e-06
-11 0.0122345 5.84758e-06
-10.9 0.012221 5.92012e-06
-10.8 0.0122101 5.73946e-06
-10.7 0.0121963 6.25743e-06
-10.6 0.012187 5.82764e-06
-10.5 0.0121747 5.91255e-06
-10.4 0.0121592 5.77892e-06
-10.3 0.0121453 5.97281e-06
-10.2 0.0121298 5.92698e-06
-10.1 0.0121132 5.79674e-06
-10 0.0121005 5.7984e-06
-9.9 0.0120885 5.74439e-06
-9.8 0.0120727 5.66178e-06
-9.7 0.0120587 5.5203e-06
-9.6 0.0120444 5.36932e-06
-9.5 0.0120304 5.55112e-06
-9.4 0.0120123 5.53281e-06
-9.3 0.0119941 5.76672e-06
-9.2 0.0119784 5.42567e-06
-9.1 0.011961 5.29874e-06
-9 0.0119456 5.6475e-06
-8.9 0.0119305 5.94169e-06
-8.8 0.011913 5.78217e-06
-8.7 0.0118966 5.82024e-06
-8.6 0.0118795 5.79041e-06
-8.5 0.0118602 5.8509e-06
-8.4 0.0118436 5.75535e-06
-8.3 0.0118258 5.61777e-06
-8.2 0.0118065 5.69907e-06
-8.1 0.0117896 5.75717e-06
-8 0.0117672 5.69166e-06
-7.9 0.01175 5.69693e-06
-7.8 0.0117322 5.46099e-06
-7.7 0.0117144 5.76093e-06
-7.6 0.011695 5.82784e-06
-7.5 0.0116732 5.69715e-06
-7.4 0.0116549 5.80099e-06
-7.3 0.0116305 5.82944e-06
-7.2 0.0116093 6.02171e-06
-7.1 0.011587 5.87053e-06
-7 0.011568 5.88706e-06
-6.9 0.0115488 6.13591e-06
-6.8 0.0115288 6.10661e-06
-6.7 0.0115105 6.0649e-06
-6.6 0.0114882 6.1077e-06
-6.5 0.0114655 5.77232e-06
-6.4 0.0114463 5.63798e-06
-6.3 0.0114245 5.52341e-06
-6.2 0.0114047 5.52134e-06
-6.1 0.0113801 5.54346e-06
-6 0.0113607 5.72686e-06
-5.9 0.0113368 5.5292e-06
-5.8 0.0113156 5.47581e-06
-5.7 0.0112948 5.74027e-06
-5.6 0.0112718 5.71242e-06
-5.5 0.011248 5.44192e-06
-5.4 0.0112256 5.70331e-06
-5.3 0.0112041 5.65604e-06
-5.2 0.011179 5.50907e-06
-5.1 0.0111538 5.65176e-06
-5 0.011132 5.74951e-06
-4.9 0.0111057 5.62983e-06
-4.8 0.0110801 5.78862e-06
-4.7 0.0110532 5.6268e-06
-4.6 0.0110313 5.49681e-06
-4.5 0.0110071 5.42373e-06
-4.4 0.0109787 5.58851e-06
-4.3 0.0109555 5.32326e-06
-4.2 0.0109297 5.3196e-06
-4.1 0.0109008 5.29502e-06
-4 0.0108758 5.36751e-06
-3.9 0.0108506 5.35571e-06
-3.8 0.0108223 5.20212e-06
-3.7 0.0107967 5.33533e-06
-3.6 0.01077 5.35516e-06
-3.5 0.0107428 5.2384e-06
-3.4 0.0107124 5.02389e-06
-3.3 0.0106845 4.95419e-06
-3.2 0.0106575 4.92697e-06
-3.1 0.010628 5.26324e-06
-3 0.0105981 5.21716e-06
-2.9 0.010568 5.45838e-06
-2.8 0.0105393 5.63562e-06
-2.7 0.0105112 5.41679e-06
-2.6 0.0104844 5.37885e-06
-2.5 0.0104538 5.49424e-06
-2.4 0.010425 5.42592e-06
-2.3 0.0103923 5.16552e-06
-2.2 0.0103607 4.99241e-06
-2.1 0.0103312 4.95494e-06
-2 0.0102973 5.1201e-06
-1.9 0.0102638 5.41708e-06
-1.8 0.0102305 5.272e-06
-1.7 0.0101972 5.21877e-06
-1.6 0.0101624 5.42506e-06
-1.5 0.0101264 5.61302e-06
-1.4 0.0100885 5.44757e-06
-1.3 0.0100484 5.30051e-06
-1.2 0.0100063 5.15712e-06
-1.1 0.00996372 5.24736e-06
-1 0.00991604 5.22605e-06
-0.9 0.00986102 5.1203e-06
-0.8 0.00979766 5.65911e-06
-0.7 0.00971809 5.23218e-06
-0.6 0.00961528 5.29193e-06
-0.5 0.0094615 5.26647e-06
-0.4 0.00921001 5.345e-06
-0.3 0.0087903 4.97867e-06
-0.2 0.00792963 4.4867e-06
-0.1 0.00663328 3.80154e-06
0 0.00497526 3.43589e-06
0.1 0.00333268 3.38404e-06
0.2 0.00207886 2.65671e-06
0.3 0.00136531 2.2175e-06
0.4 0.00104339 2.01443e-06
0.5 0.000910685 2.10068e-06
0.6 0.000861759 1.9174e-06
0.7 0.000842442 1.95681e-06
0.8 0.000829347 1.98481e-06
0.9 0.00081873 1.72225e-06
1 0.000809394 2.01337e-06
1.1 0.00080028 1.86628e-06
1.2 0.000788818 1.80584e-06
1.3 0.000778941 1.65966e-06
1.4 0.000770927 1.76081e-06
1.5 0.000762245 1.79257e-06
1.6 0.000755742 1.71167e-06
1.7 0.00074327 1.73425e-06
1.8 0.000735911 1.72756e-06
1.9 0.000728281 1.77371e-06
2 0.000718619 1.83593e-06
2.1 0.000710173 1.66691e-06
2.2 0.000704925 1.83334e-06
2.3 0.000695483 1.87706e-06
2.4 0.00068692 1.68455e-06
2.5 0.000679322 1.64488e-06
2.6 0.000670438 1.64084e-06
2.7 0.000663462 1.59205e-06
2.8 0.00065551 1.69446e-06
2.9 0.000647573 1.5602e-06
3 0.000641032 1.70659e-06
3.1 0.000634091 1.77934e-06
3.2 0.000627187 1.96178e-06
3.3 0.000620774 1.69149e-06
3.4 0.000613032 1.5703e-06
3.5 0.000608006 1.69394e-06
3.6 0.000601065 1.57796e-06
3.7 0.000595576 1.56532e-06
3.8 0.000586972 1.52579e-06
3.9 0.000579627 1.55015e-06
4 0.000575248 1.56519e-06
4.1 0.000568963 1.58477e-06
4.2 0.000561867 1.81992e-06
4.3 0.000554581 1.58598e-06
4.4 0.00054946 1.61125e-06
4.5 0.000544409 1.60673e-06
4.6 0.000536265 1.63327e-06
4.7 0.000531268 1.67115e-06
4.8 0.000526617 1.68373e-06
4.9 0.000519748 1.59238e-06
5 0.000512735 1.55611e-06
5.1 0.000506606 1.6128e-06
5.2 0.000502349 1.6148e-06
5.3 0.000496516 1.66602e-06
5.4 0.000490374 1.67848e-06
5.5 0.000484088 1.5737e-06
5.6 0.000479359 1.77775e-06
5.7 0.000472824 1.76007e-06
5.8 0.000468623 1.65698e-06
5.9 0.000464781 1.56539e-06
6 0.000460314 1.51285e-06
6.1 0.000454444 1.40963e-06
6.2 0.00044779 1.47336e-06
6.3 0.000442813 1.46889e-06
6.4 0.000438877 1.61734e-06
6.5 0.000433455 1.56892e-06
6.6 0.000428846 1.76405e-06
6.7 0.0004262 1.54158e-06
6.8 0.000420065 1.59089e-06
6.9 0.00041581 1.55484e-06
7 0.000411447 1.51108e-06
7.1 0.00040786 1.47797e-06
7.2 0.000402394 1.40602e-06
7.3 0.000398495 1.43368e-06
7.4 0.000393006 1.30185e-06
7.5 0.000388856 1.47853e-06
7.6 0.000386212 1.52511e-06
7.7 0.000382689 1.398e-06
7.8 0.000377795 1.35829e-06
7.9 0.000372056 1.38265e-06
8 0.000367636 1.44887e-06
8.1 0.000363048 1.35323e-06
8.2 0.000358681 1.23422e-06
8.3 0.000353125 1.22808e-06
8.4 0.000349177 1.29174e-06
8.5 0.000345123 1.22792e-06
8.6 0.000341736 1.17066e-06
8.7 0.000338632 1.32332e-06
8.8 0.000333684 1.3162e-06
8.9 0.000329282 1.24073e-06
9 0.000324696 1.23357e-06
9.1 0.000319745 1.32222e-06
9.2 0.000315505 1.13737e-06
9.3 0.000311954 1.09806e-06
9.4 0.000308409 1.2175e-06
9.5 0.000303902 1.09249e-06
9.6 0.000298244 1.13244e-06
9.7 0.000294701 1.1311e-06
9.8 0.00029062 1.21374e-06
9.9 0.000286019 1.25912e-06
10 0.00028174 1.24972e-06
10.1 0.000277283 1.13945e-06
10.2 0.000273649 1.26774e-06
10.3 0.000269263 1.19864e-06
10.4 0.000265242 1.12734e-06
10.5 0.000261678 1.1619e-06
10.6 0.000256666 1.1182e-06
10.7 0.000252833 1.03394e-06
10.8 0.000248606 1.03744e-06
10.9 0.000244376 9.9554e-07
11 0.00024068 1.09199e-06
11.1 0.000236035 1.08472e-06
11.2 0.000231558 1.07205e-06
11.3 0.000228387 1.05667e-06
11.4 0.000224531 9.44015e-07
11.5 0.000221468 9.95971e-07
11.6 0.000216704 9.69485e-07
11.7 0.000213171 9.40676e-07
11.8 0.000208564 9.26896e-07
11.9 0.000203371 9.38684e-07
12 0.000199278 9.85352e-07
12.1 0.000194711 8.78703e-07
12.2 0.00018878 8.06353e-07
