-15.4 4.01572 0.0016358
-15.3 4.06101 0.00183582
-15.2 4.09975 0.00199268
-15.1 4.13877 0.00200051
-15 4.15995 0.00183934
-14.9 4.19745 0.00243428
-14.8 4.22294 0.00211036
-14.7 4.23828 0.00209352
-14.6 4.27945 0.00223066
-14.5 4.29166 0.00232758
-14.4 4.31621 0.00216808
-14.3 4.34395 0.00195122
-14.2 4.34909 0.00195722
-14.1 4.38906 0.00205887
-14 4.39927 0.00246136
-13.9 4.42285 0.00264375
-13.8 4.44611 0.00218423
-13.7 4.4554 0.0025581
-13.6 4.49331 0.00247769
-13.5 4.49862 0.00271146
-13.4 4.52807 0.00264214
-13.3 4.54455 0.002349
-13.2 4.56374 0.00249788
-13.1 4.59531 0.00224083
-13 4.60234 0.00253265
-12.9 4.63148 0.00254866
-12.8 4.64626 0.00234633
-12.7 4.67117 0.00206246
-12.6 4.68865 0.00257167
-12.5 4.7086 0.00253477
-12.4 4.73488 0.00261277
-12.3 4.74815 0.00235303
-12.2 4.77702 0.00257374
-12.1 4.79156 0.00271062
-12 4.82453 0.00266283
-11.9 4.83607 0.00271875
-11.8 4.86439 0.00227
-11.7 4.87974 0.00254321
-11.6 4.90769 0.00272388
-11.5 4.92134 0.00272707
-11.4 4.94962 0.00281249
-11.3 4.96165 0.00277416
-11.2 4.99509 0.00291868
-11.1 5.01134 0.00256252
-11 5.04005 0.00288944
-10.9 5.05847 0.00257201
-10.8 5.08896 0.0024971
-10.7 5.10905 0.00271322
-10.6 5.13382 0.00259123
-10.5 5.15026 0.00251703
-10.4 5.18957 0.00228453
-10.3 5.19945 0.00250986
-10.2 5.23041 0.00266414
-10.1 5.24515 0.00265418
-10 5.28031 0.00257843
-9.9 5.30186 0.0027227
-9.8 5.32631 0.00269461
-9.7 5.36266 0.0026933
-9.6 5.38247 0.00269138
-9.5 5.41811 0.00263076
-9.4 5.43301 0.00289524
-9.3 5.4631 0.00304246
-9.2 5.49301 0.00279715
-9.1 5.50952 0.0027064
-9 5.55526 0.00265462
-8.9 5.57553 0.00293339
-8.8 5.60597 0.00274874
-8.7 5.64272 0.00267467
-8.6 5.66496 0.00263671
-8.5 5.69739 0.00250737
-8.4 5.73392 0.00275448
-8.3 5.76057 0.00290068
-8.2 5.79365 0.00291771
-8.1 5.83414 0.00300439
-8 5.86397 0.00318802
-7.9 5.89627 0.00289724
-7.8 5.93262 0.00280998
-7.7 5.96643 0.00299073
-7.6 5.99795 0.00259682
-7.5 6.04033 0.00297704
-7.4 6.07475 0.00245517
-7.3 6.10864 0.00296491
-7.2 6.15026 0.00274723
-7.1 6.19171 0.00327171
-7 6.23012 0.00302275
-6.9 6.26643 0.00365711
-6.8 6.31279 0.00339127
-6.7 6.3562 0.00266818
-6.6 6.40163 0.00309932
-6.5 6.44521 0.00270164
-6.4 6.49204 0.00283717
-6.3 6.54194 0.00285379
-6.2 6.5881 0.00289258
-6.1 6.6385 0.00269165
-6 6.69232 0.00289195
-5.9 6.74399 0.0033101
-5.8 6.79933 0.00306831
-5.7 6.85267 0.00283049
-5.6 6.90655 0.00298816
-5.5 6.96647 0.00278879
-5.4 7.02708 0.00286087
-5.3 7.08918 0.00320846
-5.2 7.15338 0.00353172
-5.1 7.20606 0.00318416
-5 7.2744 0.0031106
-4.9 7.34564 0.0033838
-4.8 7.41693 0.00315385
-4.7 7.4914 0.00290022
-4.6 7.57031 0.00298893
-4.5 7.64496 0.00360662
-4.4 7.7214 0.00335356
-4.3 7.80625 0.00321019
-4.2 7.89724 0.00282772
-4.1 7.98267 0.00342973
-4 8.07479 0.00308108
-3.9 8.16594 0.00352505
-3.8 8.26267 0.00289672
-3.7 8.37205 0.00347586
-3.6 8.47762 0.00305423
-3.5 8.59132 0.00305593
-3.4 8.71274 0.00360349
-3.3 8.83076 0.00326612
-3.2 8.9613 0.00327234
-3.1 9.09952 0.00318508
-3 9.24289 0.00366787
-2.9 9.39293 0.00343156
-2.8 9.54953 0.00339368
-2.7 9.7116 0.003234
-2.6 9.89436 0.00325806
-2.5 10.0781 0.00356247
-2.4 10.2843 0.00336014
-2.3 10.4979 0.00316116
-2.2 10.7259 0.0033613
-2.1 10.9754 0.00387656
-2 11.2444 0.00313663
-1.9 11.5383 0.0038933
-1.8 11.8579 0.00343862
-1.7 12.1995 0.00340135
-1.6 12.5888 0.00348824
-1.5 13.0221 0.00366642
-1.4 13.5048 0.00364497
-1.3 14.0505 0.00372238
-1.2 14.6755 0.0036914
-1.1 15.4053 0.00399575
-1 16.257 0.00347753
-0.9 17.2754 0.00406444
-0.8 18.5406 0.00488088
-0.7 20.1574 0.00539637
-0.6 22.3204 0.00711119
-0.5 25.3451 0.00807935
-0.4 29.715 0.00985398
-0.3 36.1737 0.0132768
-0.2 44.2742 0.0184579
-0.1 56.3201 0.0233719
0 69.7959 0.0313259
0.1 84.072 0.0491768
0.2 98.9049 0.0754668
0.3 111.891 0.116534
0.4 122.615 0.233516
0.5 127.551 0.496754
0.6 112.302 0.849871
0.7 70.825 1.12184
0.8 41.8323 0.851774
0.9 33.9809 0.728485
1 34.1818 0.789656
1.1 32.3699 0.707455
1.2 32.5931 0.683827
1.3 32.4008 0.671638
1.4 32.0291 0.711255
1.5 32.0558 0.697554
1.6 33.3822 0.837929
1.7 33.5163 0.811249
1.8 33.3634 0.728007
1.9 31.6675 0.718109
2 33.0279 0.775796
2.1 33.1555 0.736434
2.2 32.1152 0.812555
2.3 32.0738 0.732122
2.4 32.5264 0.802215
2.5 32.5204 0.697162
2.6 32.7585 0.833143
2.7 31.5658 0.809112
2.8 31.3588 0.788536
2.9 32.3379 0.755889
3 32.983 0.765282
3.1 32.3475 0.774064
3.2 32.4058 0.87541
3.3 31.1471 0.680191
3.4 31.681 0.759671
3.5 32.9706 0.849602
3.6 33.6863 0.739822
3.7 33.4687 0.915537
3.8 31.5676 0.943484
3.9 31.1673 0.807282
4 32.4914 0.816554
4.1 32.117 0.928956
4.2 32.5587 0.722444
4.3 31.6835 0.832276
4.4 32.6722 0.930473
4.5 32.5128 0.867782
4.6 31.7893 0.986107
4.7 31.9472 0.869684
4.8 31.006 0.944683
4.9 31.6669 0.883661
5 31.7711 1.02784
5.1 31.6814 0.910872
5.2 32.3848 0.915068
5.3 33.0236 0.998576
5.4 32.7945 0.983806
5.5 32.4569 0.969877
5.6 31.1344 0.987555
5.7 30.7901 1.1
5.8 31.8218 1.04117
5.9 30.0006 0.84056
6 31.3565 0.880176
6.1 30.079 0.986484
6.2 31.146 1.00319
6.3 30.4869 0.877541
6.4 30.4038 0.907734
6.5 29.8281 0.991747
6.6 30.8073 0.910404
6.7 29.2543 0.857223
6.8 30.4024 0.933944
6.9 31.4122 1.12696
7 30.417 1.11698
7.1 31.4092 1.02012
7.2 30.5301 1.11191
7.3 31.8207 1.03318
7.4 29.7778 1.10041
7.5 30.1907 1.09695
7.6 30.1474 1.01734
7.7 31.9272 1.14453
7.8 29.9768 1.08245
7.9 29.481 0.925365
8 29.6673 1.00062
8.1 30.7254 1.01271
8.2 30.3397 1.0086
8.3 29.2728 0.871732
8.4 29.4559 0.958264
8.5 29.4662 1.01063
8.6 28.1729 0.941234
8.7 29.0639 1.04185
8.8 29.8518 1.04233
8.9 30.2138 1.10701
9 28.2035 1.04359
9.1 27.3972 0.931341
9.2 31.001 1.10064
9.3 29.5478 0.908085
9.4 29.26 1.04518
9.5 28.7358 0.959837
9.6 29.0515 0.958964
9.7 29.0952 0.991127
9.8 28.8096 0.967458
9.9 28.9573 1.11719
10 28.2817 1.06683
10.1 29.2198 1.12949
10.2 28.0934 1.06476
10.3 29.7674 1.24351
10.4 29.4194 1.06437
10.5 30.9375 1.23453
10.6 31.4692 1.2916
10.7 30.2475 1.08575
10.8 29.7007 1.10935
10.9 29.601 1.12813
11 30.2034 1.12368
11.1 30.5511 1.19247
11.2 28.8729 1.13593
11.3 28.6267 1.16201
11.4 30.2401 1.38509
11.5 27.6057 1.14461
11.6 29.3749 1.10492
11.7 27.5145 1.12252
11.8 28.1279 1.08413
11.9 27.262 1.15525
12 28.6787 1.26845
12.1 29.1704 1.22535
12.2 27.398 1.1096
