-15.4 5.53378 3.52617e-06
-15.3 5.53382 3.55392e-06
-15.2 5.54537 3.74886e-06
-15.1 5.57262 3.7023e-06
-15 5.57268 3.71824e-06
-14.9 5.59769 4.11058e-06
-14.8 5.61183 3.97535e-06
-14.7 5.61356 4.26583e-06
-14.6 5.65069 4.24541e-06
-14.5 5.65143 4.10488e-06
-14.4 5.66969 4.83695e-06
-14.3 5.69129 4.23939e-06
-14.2 5.69218 4.45179e-06
-14.1 5.72803 5.00006e-06
-14 5.73166 4.49021e-06
-13.9 5.74996 5.5338e-06
-13.8 5.77223 4.61533e-06
-13.7 5.7752 5.29891e-06
-13.6 5.81082 5.25384e-06
-13.5 5.81344 4.7626e-06
-13.4 5.8386 6.06146e-06
-13.3 5.85472 4.80028e-06
-13.2 5.86589 6.24166e-06
-13.1 5.896 5.07649e-06
-13 5.89928 5.71373e-06
-12.9 5.93332 6.16091e-06
-12.8 5.93923 5.37055e-06
-12.7 5.96633 6.99095e-06
-12.6 5.98137 5.31616e-06
-12.5 5.99961 7.2122e-06
-12.4 6.02391 5.53448e-06
-12.3 6.03551 7.25283e-06
-12.2 6.06585 6.18592e-06
-12.1 6.07453 7.14122e-06
-12 6.10691 6.79804e-06
-11.9 6.11599 6.9269e-06
-11.8 6.14783 7.31534e-06
-11.7 6.15905 6.97693e-06
-11.6 6.1895 7.89728e-06
-11.5 6.20319 7.12776e-06
-11.4 6.23244 8.39806e-06
-11.3 6.2482 7.22065e-06
-11.2 6.27686 8.52277e-06
-11.1 6.29408 7.47608e-06
-11 6.32278 8.72914e-06
-10.9 6.34097 8.19844e-06
-10.8 6.37012 9.0823e-06
-10.7 6.38909 8.5632e-06
-10.6 6.41794 9.23285e-06
-10.5 6.43337 9.34265e-06
-10.4 6.47716 9.47452e-06
-10.3 6.48441 9.91596e-06
-10.2 6.52461 9.91285e-06
-10.1 6.54072 1.05142e-05
-10 6.57253 1.00146e-05
-9.9 6.59907 1.09811e-05
-9.8 6.62114 1.01242e-05
-9.7 6.65929 1.12515e-05
-9.6 6.67475 1.13917e-05
-9.5 6.71718 1.08725e-05
-9.4 6.73748 1.20844e-05
-9.3 6.76908 1.07943e-05
-9.2 6.8034 1.26152e-05
-9.1 6.82563 1.21148e-05
-9 6.86611 1.15449e-05
-8.9 6.89282 1.33088e-05
-8.8 6.92379 1.21914e-05
-8.7 6.96219 1.31252e-05
-8.6 6.99 1.38511e-05
-8.5 7.02589 1.32069e-05
-8.4 7.06274 1.42729e-05
-8.3 7.09419 1.48409e-05
-8.2 7.13167 1.40311e-05
-8.1 7.16944 1.48232e-05
-8 7.20446 1.58861e-05
-7.9 7.2428 1.55426e-05
-7.8 7.28244 1.59195e-05
-7.7 7.32087 1.63151e-05
-7.6 7.36062 1.68002e-05
-7.5 7.40205 1.70701e-05
-7.4 7.44372 1.74419e-05
-7.3 7.48591 1.80849e-05
-7.2 7.5293 1.8811e-05
-7.1 7.57372 1.89447e-05
-7 7.61892 1.95526e-05
-6.9 7.66503 1.99649e-05
-6.8 7.71219 2.0783e-05
-6.7 7.76042 2.16085e-05
-6.6 7.80972 2.19472e-05
-6.5 7.86013 2.24916e-05
-6.4 7.9117 2.30776e-05
-6.3 7.96448 2.38766e-05
-6.2 8.01853 2.48409e-05
-6.1 8.07388 2.87796e-05
-6 8.13064 6.51186e-05
-5.9 8.18872 2.63781e-05
-5.8 8.24833 2.6886e-05
-5.7 8.30948 2.79681e-05
-5.6 8.37225 2.88246e-05
-5.5 8.43671 2.93753e-05
-5.4 8.50293 3.14341e-05
-5.3 8.57099 3.22792e-05
-5.2 8.64099 3.28808e-05
-5.1 8.71304 3.39268e-05
-5 8.7872 3.51105e-05
-4.9 8.8636 3.59293e-05
-4.8 8.94236 3.81707e-05
-4.7 9.02359 3.94857e-05
-4.6 9.10744 4.12814e-05
-4.5 9.19406 4.37959e-05
-4.4 9.2836 5.11797e-05
-4.3 9.37624 6.48284e-05
-4.2 9.47213 7.42272e-05
-4.1 9.57143 5.18379e-05
-4 9.67453 9.28957e-05
-3.9 9.78145 7.68117e-05
-3.8 9.89262 9.74736e-05
-3.7 10.0082 7.80538e-05
-3.6 10.1286 8.61602e-05
-3.5 10.2542 7.02109e-05
-3.4 10.3854 0.000124949
-3.3 10.5225 0.000145425
-3.2 10.6659 0.000138676
-3.1 10.8163 0.000141623
-3 10.9743 0.000145168
-2.9 11.1409 0.000205135
-2.8 11.3165 0.000254493
-2.7 11.5021 0.000288342
-2.6 11.6989 0.00033671
-2.5 11.9075 0.000366789
-2.4 12.1306 0.000449746
-2.3 12.3698 0.000559016
-2.2 12.6257 0.000615652
-2.1 12.9038 0.000790693
-2 13.2031 0.000965206
-1.9 13.5309 0.00108051
-1.8 13.8948 0.00128818
-1.7 14.2954 0.00165283
-1.6 14.7468 0.00203631
-1.5 15.2543 0.00214868
-1.4 15.8383 0.00262343
-1.3 16.5089 0.00306854
-1.2 17.2951 0.00342877
-1.1 18.2337 0.00445888
-1 19.3544 0.00524219
-0.9 20.7512 0.00548124
-0.8 22.5269 0.00628504
-0.7 24.9183 0.0071193
-0.6 28.3522 0.00875972
-0.5 33.5329 0.0106408
-0.4 41.3779 0.0125907
-0.3 52.9894 0.0148673
-0.2 74.0972 0.0181115
-0.1 93.5432 0.0197303
0 111.998 0.0243411
0.1 129.274 0.0296693
0.2 145.367 0.0352208
0.3 137.737 0.0497589
0.4 147.662 0.0891231
0.5 156.404 0.147122
0.6 164.696 0.279954
0.7 173.253 0.640638
0.8 182.794 2.13539
0.9 145.134 8.05967
1 27.4752 5.40823
1.1 7.0591 2.96777
1.2 0 0
1.3 0 0
1.4 0 0
1.5 0 0
1.6 0 0
1.7 0 0
1.8 0 0
1.9 0 0
2 0 0
2.1 0 0
2.2 0 0
2.3 0 0
2.4 0 0
2.5 0 0
2.6 0 0
2.7 0 0
2.8 0 0
2.9 0 0
3 0 0
3.1 0 0
3.2 0 0
3.3 0 0
3.4 0 0
3.5 0 0
3.6 0 0
3.7 0 0
3.8 0 0
3.9 0 0
4 0 0
4.1 0 0
4.2 0 0
4.3 0 0
4.4 0 0
4.5 0 0
4.6 0 0
4.7 0 0
4.8 0 0
4.9 0 0
5 0 0
5.1 0 0
5.2 0 0
5.3 0 0
5.4 0 0
5.5 0 0
5.6 0 0
5.7 0 0
5.8 0 0
5.9 0 0
6 0 0
6.1 0 0
6.2 0 0
6.3 0 0
6.4 0 0
6.5 0 0
6.6 0 0
6.7 0 0
6.8 0 0
6.9 0 0
7 0 0
7.1 0 0
7.2 0 0
7.3 0 0
7.4 0 0
7.5 0 0
7.6 0 0
7.7 0 0
7.8 0 0
7.9 0 0
8 0 0
8.1 0 0
8.2 0 0
8.3 0 0
8.4 0 0
8.5 0 0
8.6 0 0
8.7 0 0
8.8 0 0
8.9 0 0
9 0 0
9.1 0 0
9.2 0 0
9.3 0 0
9.4 0 0
9.5 0 0
9.6 0 0
9.7 0 0
9.8 0 0
9.9 0 0
10 0 0
10.1 0 0
10.2 0 0
10.3 0 0
10.4 0 0
10.5 0 0
10.6 0 0
10.7 0 0
10.8 0 0
10.9 0 0
11 0 0
11.1 0 0
11.2 0 0
11.3 0 0
11.4 0 0
11.5 0 0
11.6 0 0
11.7 0 0
11.8 0 0
11.9 0 0
12 0 0
12.1 0 0
12.2 0 0
