-15.4 0.0665166 1.46599e-05
-15.3 0.0669727 1.48083e-05
-15.2 0.0673949 1.52971e-05
-15.1 0.0679472 1.55671e-05
-15 0.0681344 1.61389e-05
-14.9 0.0685998 1.62276e-05
-14.8 0.068872 1.58817e-05
-14.7 0.0689957 1.63037e-05
-14.6 0.0695459 1.74074e-05
-14.5 0.0696162 1.69937e-05
-14.4 0.0698904 1.74297e-05
-14.3 0.0702146 1.59145e-05
-14.2 0.0702619 1.5463e-05
-14.1 0.0707422 1.55719e-05
-14 0.0707926 1.57369e-05
-13.9 0.0710352 1.71926e-05
-13.8 0.0713341 1.68127e-05
-13.7 0.0713805 1.66522e-05
-13.6 0.0718155 1.66329e-05
-13.5 0.0718298 1.71585e-05
-13.4 0.0721363 1.79108e-05
-13.3 0.0722937 1.71273e-05
-13.2 0.0724327 1.74751e-05
-13.1 0.072781 1.78414e-05
-13 0.0727861 1.73007e-05
-12.9 0.0731669 1.78576e-05
-12.8 0.0732104 1.81852e-05
-12.7 0.0734998 1.8234e-05
-12.6 0.0736169 1.69943e-05
-12.5 0.0737845 1.75599e-05
-12.4 0.0740335 1.70613e-05
-12.3 0.0741153 1.81109e-05
-12.2 0.0744122 1.74882e-05
-12.1 0.0744537 1.7395e-05
-12 0.0748042 1.86852e-05
-11.9 0.0748337 1.99249e-05
-11.8 0.075122 1.9323e-05
-11.7 0.0751748 1.89181e-05
-11.6 0.0754548 1.92485e-05
-11.5 0.0755416 1.8295e-05
-11.4 0.0757983 1.9231e-05
-11.3 0.0758956 1.92823e-05
-11.2 0.0761569 1.86977e-05
-11.1 0.0762739 1.91961e-05
-11 0.0765072 1.87813e-05
-10.9 0.0766246 1.85832e-05
-10.8 0.0768744 1.89896e-05
-10.7 0.0769673 1.96791e-05
-10.6 0.0771932 1.97996e-05
-10.5 0.0772662 1.93894e-05
-10.4 0.0776195 2.02792e-05
-10.3 0.0775852 1.97825e-05
-10.2 0.0779093 1.99284e-05
-10.1 0.0779709 2.04344e-05
-10 0.0782001 1.95712e-05
-9.9 0.0783649 1.91963e-05
-9.8 0.07849 2.05475e-05
-9.7 0.0787714 1.94741e-05
-9.6 0.0788292 2.10915e-05
-9.5 0.0791348 2.02661e-05
-9.4 0.0791943 2.09383e-05
-9.3 0.0794087 1.98674e-05
-9.2 0.0796427 2.01084e-05
-9.1 0.0797306 1.96809e-05
-9 0.0800057 1.91462e-05
-8.9 0.0801319 1.99928e-05
-8.8 0.0802917 2.01551e-05
-8.7 0.0805329 2.06637e-05
-8.6 0.0806702 2.07516e-05
-8.5 0.0808733 2.10446e-05
-8.4 0.0810718 2.19101e-05
-8.3 0.0812121 2.17258e-05
-8.2 0.0814116 2.17545e-05
-8.1 0.0816232 2.1578e-05
-8 0.0817926 2.01381e-05
-7.9 0.0819882 2.09929e-05
-7.8 0.0822002 2.05277e-05
-7.7 0.0823983 2.17714e-05
-7.6 0.0826383 2.19814e-05
-7.5 0.0828617 2.04636e-05
-7.4 0.0831216 1.97363e-05
-7.3 0.0833845 2.00236e-05
-7.2 0.0836705 1.99895e-05
-7.1 0.0839745 2.09875e-05
-7 0.0842851 1.97907e-05
-6.9 0.0845738 2.13788e-05
-6.8 0.084877 2.16924e-05
-6.7 0.0851924 2.17688e-05
-6.6 0.0855045 2.25069e-05
-6.5 0.0858454 2.06986e-05
-6.4 0.0861901 2.01715e-05
-6.3 0.0865173 2.05622e-05
-6.2 0.0868605 2.1369e-05
-6.1 0.0872461 2.13493e-05
-6 0.0876283 2.11298e-05
-5.9 0.0880137 2.27069e-05
-5.8 0.0884199 2.18889e-05
-5.7 0.0888329 2.21386e-05
-5.6 0.0892581 2.2419e-05
-5.5 0.0896877 2.25648e-05
-5.4 0.0901208 2.07333e-05
-5.3 0.0905906 2.12784e-05
-5.2 0.0910688 2.16581e-05
-5.1 0.0915496 2.25891e-05
-5 0.0920672 2.27253e-05
-4.9 0.0925849 2.24307e-05
-4.8 0.0931019 2.3026e-05
-4.7 0.0936582 2.42815e-05
-4.6 0.0942319 2.31586e-05
-4.5 0.0948313 2.39572e-05
-4.4 0.0954378 2.47138e-05
-4.3 0.0960735 2.3195e-05
-4.2 0.0967333 2.26119e-05
-4.1 0.0974039 2.48598e-05
-4 0.0981159 2.54895e-05
-3.9 0.0988703 2.55639e-05
-3.8 0.0996636 2.43567e-05
-3.7 0.100496 2.44787e-05
-3.6 0.101369 2.45954e-05
-3.5 0.102261 2.49326e-05
-3.4 0.103189 2.47413e-05
-3.3 0.104155 2.61585e-05
-3.2 0.105194 2.39179e-05
-3.1 0.106283 2.54556e-05
-3 0.107431 2.75246e-05
-2.9 0.108649 2.74665e-05
-2.8 0.109929 2.625e-05
-2.7 0.111289 2.72696e-05
-2.6 0.112721 2.8418e-05
-2.5 0.114261 2.85849e-05
-2.4 0.115884 2.72641e-05
-2.3 0.117612 2.76046e-05
-2.2 0.119453 2.75694e-05
-2.1 0.121464 2.93344e-05
-2 0.123638 2.9025e-05
-1.9 0.126013 3.05215e-05
-1.8 0.128596 2.98559e-05
-1.7 0.131397 3.05517e-05
-1.6 0.134512 3.16238e-05
-1.5 0.137934 3.26066e-05
-1.4 0.141766 3.3769e-05
-1.3 0.146113 3.56138e-05
-1.2 0.151018 3.59125e-05
-1.1 0.156582 3.69675e-05
-1 0.162944 3.77292e-05
-0.9 0.170392 3.81915e-05
-0.8 0.179304 4.14979e-05
-0.7 0.190243 4.62611e-05
-0.6 0.203958 5.17341e-05
-0.5 0.221236 5.69718e-05
-0.4 0.242016 6.08599e-05
-0.3 0.26489 6.95249e-05
-0.2 0.27379 7.06503e-05
-0.1 0.264964 7.75423e-05
0 0.219584 7.06373e-05
0.1 0.150193 5.88607e-05
0.2 0.0824597 4.43137e-05
0.3 0.0371038 2.87675e-05
0.4 0.0144463 1.8945e-05
0.5 0.00470472 1.14867e-05
0.6 0.00133363 5.83895e-06
0.7 0.000406833 3.02523e-06
0.8 0.000200867 2.02515e-06
0.9 0.000163229 1.98245e-06
1 0.000159329 1.94253e-06
1.1 0.000154232 1.90257e-06
1.2 0.000153366 1.71554e-06
1.3 0.000150695 1.84541e-06
1.4 0.000150178 1.86709e-06
1.5 0.000147415 1.91413e-06
1.6 0.00014567 1.95476e-06
1.7 0.000144069 1.63152e-06
1.8 0.000146194 2.06761e-06
1.9 0.000143031 1.97534e-06
2 0.000143334 1.71226e-06
2.1 0.000143356 1.78536e-06
2.2 0.000138529 1.8036e-06
2.3 0.000137794 1.58082e-06
2.4 0.000137107 1.73131e-06
2.5 0.000135859 1.61626e-06
2.6 0.000132883 1.56178e-06
2.7 0.000132864 1.65996e-06
2.8 0.000130102 1.57905e-06
2.9 0.000128311 1.55572e-06
3 0.000128135 1.5811e-06
3.1 0.000125247 1.65903e-06
3.2 0.000125101 1.61973e-06
3.3 0.000122549 1.62701e-06
3.4 0.000123157 1.64323e-06
3.5 0.000122581 1.62832e-06
3.6 0.000122006 1.62499e-06
3.7 0.000119522 1.55897e-06
3.8 0.000116132 1.64143e-06
3.9 0.000116045 1.54447e-06
4 0.000116271 1.60365e-06
4.1 0.000113252 1.6417e-06
4.2 0.00011186 1.50778e-06
4.3 0.000111764 1.47504e-06
4.4 0.000110017 1.42235e-06
4.5 0.0001092 1.37936e-06
4.6 0.00010827 1.48371e-06
4.7 0.000105984 1.55253e-06
4.8 0.000105169 1.43888e-06
4.9 0.000106156 1.63691e-06
5 0.000104671 1.48686e-06
5.1 0.000104978 1.54775e-06
5.2 0.000103996 1.519e-06
5.3 0.000100875 1.55275e-06
5.4 9.84757e-05 1.53566e-06
5.5 9.71266e-05 1.40668e-06
5.6 9.65381e-05 1.47834e-06
5.7 9.57178e-05 1.34819e-06
5.8 9.76491e-05 1.48987e-06
5.9 9.64057e-05 1.48607e-06
6 9.43319e-05 1.40258e-06
6.1 9.32575e-05 1.45066e-06
6.2 9.15332e-05 1.4797e-06
6.3 9.0237e-05 1.39178e-06
6.4 8.90142e-05 1.32102e-06
6.5 8.97419e-05 1.40362e-06
6.6 8.82347e-05 1.20386e-06
6.7 8.72412e-05 1.30326e-06
6.8 8.65618e-05 1.30553e-06
6.9 8.6257e-05 1.33648e-06
7 8.59278e-05 1.36901e-06
7.1 8.48487e-05 1.32704e-06
7.2 8.44205e-05 1.2952e-06
7.3 8.32449e-05 1.26947e-06
7.4 8.37714e-05 1.3224e-06
7.5 8.34663e-05 1.249e-06
7.6 8.38505e-05 1.38754e-06
7.7 8.26326e-05 1.28779e-06
7.8 8.0333e-05 1.24303e-06
7.9 7.98511e-05 1.31954e-06
8 7.90847e-05 1.34013e-06
8.1 7.91834e-05 1.29611e-06
8.2 7.67496e-05 1.22271e-06
8.3 7.64834e-05 1.30194e-06
8.4 7.61183e-05 1.3021e-06
8.5 7.5102e-05 1.18559e-06
8.6 7.36129e-05 1.06027e-06
8.7 7.45663e-05 1.22775e-06
8.8 7.33892e-05 1.17011e-06
8.9 7.07461e-05 1.11876e-06
9 7.07899e-05 1.1908e-06
9.1 6.93701e-05 1.14891e-06
9.2 7.0073e-05 1.21564e-06
9.3 6.84568e-05 1.19087e-06
9.4 6.68274e-05 1.0632e-06
9.5 6.76312e-05 1.15421e-06
9.6 6.6727e-05 1.14354e-06
9.7 6.66105e-05 1.17415e-06
9.8 6.72874e-05 1.15434e-06
9.9 6.52908e-05 1.23365e-06
10 6.36769e-05 1.08932e-06
10.1 6.38641e-05 1.32702e-06
10.2 6.24033e-05 1.20572e-06
10.3 6.26311e-05 1.09564e-06
10.4 6.31877e-05 1.12861e-06
10.5 6.28895e-05 1.03909e-06
10.6 6.25418e-05 1.1034e-06
10.7 6.02585e-05 1.00746e-06
10.8 5.88688e-05 1.00828e-06
10.9 5.8843e-05 1.04914e-06
11 5.96053e-05 1.10661e-06
11.1 5.74833e-05 1.05027e-06
11.2 5.71698e-05 1.14217e-06
11.3 5.97276e-05 1.03958e-06
11.4 5.80106e-05 1.02861e-06
11.5 5.80777e-05 1.04257e-06
11.6 5.78715e-05 1.10633e-06
11.7 5.55767e-05 1.03821e-06
11.8 5.52581e-05 1.00044e-06
11.9 5.47315e-05 1.00238e-06
12 5.38194e-05 1.01328e-06
12.1 5.39176e-05 9.89638e-07
12.2 5.30999e-05 1.00474e-06
