-15.4 5.53382 1.54106e-05
-15.3 5.53387 1.46567e-05
-15.2 5.54534 1.51756e-05
-15.1 5.57265 1.35219e-05
-15 5.57272 1.45283e-05
-14.9 5.59766 1.36431e-05
-14.8 5.61186 1.51465e-05
-14.7 5.61358 1.67237e-05
-14.6 5.65071 1.4802e-05
-14.5 5.65147 1.50129e-05
-14.4 5.66966 1.74266e-05
-14.3 5.69133 1.45697e-05
-14.2 5.69223 1.63941e-05
-14.1 5.72803 1.56293e-05
-14 5.7317 1.45144e-05
-13.9 5.74991 1.62592e-05
-13.8 5.77226 1.58336e-05
-13.7 5.7752 1.80977e-05
-13.6 5.81082 1.80832e-05
-13.5 5.81349 1.60726e-05
-13.4 5.83851 1.93956e-05
-13.3 5.85477 1.49765e-05
-13.2 5.86584 1.83468e-05
-13.1 5.89604 1.53218e-05
-13 5.89924 1.75048e-05
-12.9 5.9333 1.9088e-05
-12.8 5.93925 1.61299e-05
-12.7 5.96623 1.90931e-05
-12.6 5.98142 1.71404e-05
-12.5 5.99949 1.9671e-05
-12.4 6.02395 1.92725e-05
-12.3 6.03539 2.08891e-05
-12.2 6.06587 1.65297e-05
-12.1 6.07447 2.21895e-05
-12 6.10686 2.05669e-05
-11.9 6.11596 2.15552e-05
-11.8 6.14775 1.93388e-05
-11.7 6.15905 2.07752e-05
-11.6 6.18939 2.19964e-05
-11.5 6.20318 1.99863e-05
-11.4 6.23233 2.33965e-05
-11.3 6.24818 2.36879e-05
-11.2 6.27673 2.22539e-05
-11.1 6.29405 2.01279e-05
-11 6.32265 2.44725e-05
-10.9 6.34092 2.27225e-05
-10.8 6.36998 2.45883e-05
-10.7 6.389 2.23299e-05
-10.6 6.41783 2.48812e-05
-10.5 6.43326 2.70881e-05
-10.4 6.47708 2.39787e-05
-10.3 6.48427 2.76123e-05
-10.2 6.52453 2.45564e-05
-10.1 6.5405 2.67992e-05
-10 6.57246 2.68794e-05
-9.9 6.59885 2.65376e-05
-9.8 6.62107 2.95066e-05
-9.7 6.65906 2.82462e-05
-9.6 6.67456 2.65814e-05
-9.5 6.71704 2.84814e-05
-9.4 6.73721 3.15531e-05
-9.3 6.76894 2.78197e-05
-9.2 6.80309 2.95219e-05
-9.1 6.82536 2.90368e-05
-9 6.86593 3.01791e-05
-8.9 6.89242 3.36548e-05
-8.8 6.92356 2.75884e-05
-8.7 6.96187 3.07065e-05
-8.6 6.98957 3.49077e-05
-8.5 7.02563 3.30851e-05
-8.4 7.06234 2.82033e-05
-8.3 7.09377 3.43816e-05
-8.2 7.13136 3.47625e-05
-8.1 7.16901 3.5838e-05
-8 7.204 3.47792e-05
-7.9 7.24237 3.73144e-05
-7.8 7.28196 3.94721e-05
-7.7 7.32034 3.9013e-05
-7.6 7.36006 3.91121e-05
-7.5 7.40149 4.25996e-05
-7.4 7.4431 4.50595e-05
-7.3 7.48529 4.2454e-05
-7.2 7.52863 4.00237e-05
-7.1 7.57298 4.27475e-05
-7 7.61815 4.32587e-05
-6.9 7.6642 4.1806e-05
-6.8 7.71132 4.55941e-05
-6.7 7.75952 4.97646e-05
-6.6 7.80873 4.70707e-05
-6.5 7.85913 4.99142e-05
-6.4 7.91062 5.13549e-05
-6.3 7.96334 5.27505e-05
-6.2 8.01729 4.81776e-05
-6.1 8.07257 4.96285e-05
-6 8.12919 5.43534e-05
-5.9 8.18726 5.30594e-05
-5.8 8.24677 5.85316e-05
-5.7 8.30781 5.95995e-05
-5.6 8.37049 5.88617e-05
-5.5 8.43476 6.28593e-05
-5.4 8.50088 6.44786e-05
-5.3 8.56882 6.74568e-05
-5.2 8.6387 6.79991e-05
-5.1 8.71057 6.92883e-05
-5 8.78461 7.38888e-05
-4.9 8.8608 7.27232e-05
-4.8 8.93939 7.68487e-05
-4.7 9.02038 8.2078e-05
-4.6 9.10402 8.7192e-05
-4.5 9.1903 8.78859e-05
-4.4 9.27961 9.35784e-05
-4.3 9.37189 8.83708e-05
-4.2 9.46743 9.89163e-05
-4.1 9.56644 9.84051e-05
-4 9.66904 0.00010007
-3.9 9.77553 0.000107344
-3.8 9.88613 0.000112865
-3.7 10.0012 0.000123089
-3.6 10.121 0.0001183
-3.5 10.2458 0.000130239
-3.4 10.3761 0.000124833
-3.3 10.5122 0.000142484
-3.2 10.6547 0.000146781
-3.1 10.8039 0.00016203
-3 10.9605 0.000183363
-2.9 11.1251 0.00020089
-2.8 11.2986 0.000231795
-2.7 11.4815 0.000252169
-2.6 11.6751 0.000281782
-2.5 11.8799 0.000299218
-2.4 12.0979 0.000307577
-2.3 12.3304 0.000345987
-2.2 12.5786 0.000392213
-2.1 12.8449 0.00042404
-2 13.1311 0.000446674
-1.9 13.4407 0.000477668
-1.8 13.777 0.000625792
-1.7 14.1441 0.000710381
-1.6 14.5479 0.000792945
-1.5 14.9933 0.00092058
-1.4 15.4886 0.00101452
-1.3 16.0441 0.00110416
-1.2 16.6741 0.00127694
-1.1 17.3958 0.00161502
-1 18.232 0.00187267
-0.9 19.2218 0.00219641
-0.8 20.4135 0.0026012
-0.7 21.8956 0.00299821
-0.6 23.7978 0.00415077
-0.5 26.3247 0.00503076
-0.4 29.7361 0.00579015
-0.3 34.3774 0.00833863
-0.2 45.4614 0.0124203
-0.1 53.9888 0.0158295
0 62.9891 0.0198549
0.1 72.0386 0.0296441
0.2 81.0427 0.042308
0.3 78.5471 0.0584713
0.4 84.9126 0.111064
0.5 91.3251 0.233872
0.6 97.0721 0.488633
0.7 104.867 1.14032
0.8 112.405 5.45054
0.9 57.2921 10.0166
1 12.1181 5.81398
1.1 4.25584 2.43895
1.2 0 0
1.3 0 0
1.4 0 0
1.5 0 0
1.6 0 0
1.7 0 0
1.8 0 0
1.9 0 0
2 0 0
2.1 0 0
2.2 0 0
2.3 0 0
2.4 0 0
2.5 0 0
2.6 0 0
2.7 0 0
2.8 0 0
2.9 0 0
3 0 0
3.1 0 0
3.2 0 0
3.3 0 0
3.4 0 0
3.5 0 0
3.6 0 0
3.7 0 0
3.8 0 0
3.9 0 0
4 0 0
4.1 0 0
4.2 0 0
4.3 0 0
4.4 0 0
4.5 0 0
4.6 0 0
4.7 0 0
4.8 0 0
4.9 0 0
5 0 0
5.1 0 0
5.2 0 0
5.3 0 0
5.4 0 0
5.5 0 0
5.6 0 0
5.7 0 0
5.8 0 0
5.9 0 0
6 0 0
6.1 0 0
6.2 0 0
6.3 0 0
6.4 0 0
6.5 0 0
6.6 0 0
6.7 0 0
6.8 0 0
6.9 0 0
7 0 0
7.1 0 0
7.2 0 0
7.3 0 0
7.4 0 0
7.5 0 0
7.6 0 0
7.7 0 0
7.8 0 0
7.9 0 0
8 0 0
8.1 0 0
8.2 0 0
8.3 0 0
8.4 0 0
8.5 0 0
8.6 0 0
8.7 0 0
8.8 0 0
8.9 0 0
9 0 0
9.1 0 0
9.2 0 0
9.3 0 0
9.4 0 0
9.5 0 0
9.6 0 0
9.7 0 0
9.8 0 0
9.9 0 0
10 0 0
10.1 0 0
10.2 0 0
10.3 0 0
10.4 0 0
10.5 0 0
10.6 0 0
10.7 0 0
10.8 0 0
10.9 0 0
11 0 0
11.1 0 0
11.2 0 0
11.3 0 0
11.4 0 0
11.5 0 0
11.6 0 0
11.7 0 0
11.8 0 0
11.9 0 0
12 0 0
12.1 0 0
12.2 0 0
