-15.4 0.0673837 1.92196e-05
-15.3 0.0678831 1.997e-05
-15.2 0.0683301 2.01802e-05
-15.1 0.0688717 2.01227e-05
-15 0.0690821 2.10467e-05
-14.9 0.0695353 2.16975e-05
-14.8 0.0698205 2.11851e-05
-14.7 0.0699471 2.00267e-05
-14.6 0.0704861 2.24167e-05
-14.5 0.0705604 2.06424e-05
-14.4 0.0708437 2.19179e-05
-14.3 0.0711548 1.97474e-05
-14.2 0.0712089 1.90172e-05
-14.1 0.071693 2.01612e-05
-14 0.0717486 1.9606e-05
-13.9 0.0720019 2.16081e-05
-13.8 0.072291 2.08526e-05
-13.7 0.0723221 2.19755e-05
-13.6 0.0727578 2.11279e-05
-13.5 0.0727733 2.04744e-05
-13.4 0.0730889 2.20097e-05
-13.3 0.0732543 2.19067e-05
-13.2 0.0734266 2.19407e-05
-13.1 0.0737177 2.19731e-05
-13 0.0737466 2.12226e-05
-12.9 0.074134 2.19864e-05
-12.8 0.07415 2.23394e-05
-12.7 0.0744579 2.37037e-05
-12.6 0.0745767 2.00055e-05
-12.5 0.074753 2.19298e-05
-12.4 0.0749962 2.27843e-05
-12.3 0.0750782 2.18481e-05
-12.2 0.0753666 2.11744e-05
-12.1 0.0754346 2.15704e-05
-12 0.0757713 2.38889e-05
-11.9 0.0758145 2.38858e-05
-11.8 0.0760991 2.49877e-05
-11.7 0.0761445 2.32666e-05
-11.6 0.0764153 2.38277e-05
-11.5 0.0765036 2.23343e-05
-11.4 0.0767597 2.31872e-05
-11.3 0.0768733 2.37524e-05
-11.2 0.0771165 2.36275e-05
-11.1 0.0772573 2.42336e-05
-11 0.0774853 2.30758e-05
-10.9 0.0776137 2.35648e-05
-10.8 0.0778612 2.33516e-05
-10.7 0.07797 2.46189e-05
-10.6 0.078183 2.5431e-05
-10.5 0.0782447 2.46875e-05
-10.4 0.0786059 2.5448e-05
-10.3 0.0785674 2.63562e-05
-10.2 0.0788775 2.55048e-05
-10.1 0.0789301 2.54724e-05
-10 0.0791744 2.4328e-05
-9.9 0.0793476 2.37261e-05
-9.8 0.079477 2.43474e-05
-9.7 0.0797618 2.42039e-05
-9.6 0.0798185 2.54226e-05
-9.5 0.0801116 2.4226e-05
-9.4 0.0801802 2.49669e-05
-9.3 0.0803758 2.35035e-05
-9.2 0.080603 2.34535e-05
-9.1 0.0807026 2.40655e-05
-9 0.0809759 2.25663e-05
-8.9 0.0811014 2.57139e-05
-8.8 0.0812759 2.37871e-05
-8.7 0.0815211 2.55032e-05
-8.6 0.0816594 2.50626e-05
-8.5 0.0818599 2.51949e-05
-8.4 0.0820437 2.56359e-05
-8.3 0.0821981 2.58624e-05
-8.2 0.0823911 2.61827e-05
-8.1 0.0826143 2.55644e-05
-8 0.0827698 2.35389e-05
-7.9 0.082968 2.47848e-05
-7.8 0.0831763 2.47003e-05
-7.7 0.0833811 2.57557e-05
-7.6 0.0836213 2.63604e-05
-7.5 0.083836 2.39098e-05
-7.4 0.084112 2.44958e-05
-7.3 0.0843812 2.44138e-05
-7.2 0.0846611 2.39398e-05
-7.1 0.0849541 2.38651e-05
-7 0.0852503 2.35703e-05
-6.9 0.0855566 2.50444e-05
-6.8 0.0858496 2.59657e-05
-6.7 0.08617 2.48881e-05
-6.6 0.0864791 2.57564e-05
-6.5 0.0868266 2.3627e-05
-6.4 0.087187 2.34727e-05
-6.3 0.0875146 2.49112e-05
-6.2 0.0878478 2.45765e-05
-6.1 0.0882413 2.59506e-05
-6 0.0886333 2.54898e-05
-5.9 0.0890167 2.70249e-05
-5.8 0.0894307 2.59105e-05
-5.7 0.089848 2.56741e-05
-5.6 0.0902588 2.62457e-05
-5.5 0.0906908 2.54796e-05
-5.4 0.0911357 2.49377e-05
-5.3 0.0915945 2.52345e-05
-5.2 0.0920973 2.69047e-05
-5.1 0.0925894 2.76582e-05
-5 0.0931118 2.76545e-05
-4.9 0.0936121 2.61461e-05
-4.8 0.0941204 2.72279e-05
-4.7 0.0946843 2.81809e-05
-4.6 0.0952609 2.74922e-05
-4.5 0.095858 2.68404e-05
-4.4 0.0964585 2.70912e-05
-4.3 0.0971155 2.68385e-05
-4.2 0.097783 2.69439e-05
-4.1 0.098457 2.9029e-05
-4 0.0991867 3.00717e-05
-3.9 0.0999232 2.92654e-05
-3.8 0.10072 2.80216e-05
-3.7 0.101549 2.78237e-05
-3.6 0.102439 2.95098e-05
-3.5 0.103347 2.88808e-05
-3.4 0.104254 2.84393e-05
-3.3 0.105231 3.01645e-05
-3.2 0.106284 2.8843e-05
-3.1 0.107373 3.14449e-05
-3 0.108521 3.36091e-05
-2.9 0.109758 3.26072e-05
-2.8 0.111046 3.19124e-05
-2.7 0.112406 3.27721e-05
-2.6 0.113852 3.39917e-05
-2.5 0.115383 3.46284e-05
-2.4 0.117036 3.2494e-05
-2.3 0.118772 3.1622e-05
-2.2 0.120625 3.24315e-05
-2.1 0.122655 3.37056e-05
-2 0.124832 3.36723e-05
-1.9 0.127228 3.64277e-05
-1.8 0.129834 3.69128e-05
-1.7 0.132658 3.59456e-05
-1.6 0.135794 3.63922e-05
-1.5 0.139233 3.75963e-05
-1.4 0.143089 3.90036e-05
-1.3 0.147475 4.23001e-05
-1.2 0.152429 4.16314e-05
-1.1 0.157985 4.28628e-05
-1 0.16436 4.36176e-05
-0.9 0.171817 4.41644e-05
-0.8 0.180719 4.80836e-05
-0.7 0.191665 5.13364e-05
-0.6 0.205333 5.83415e-05
-0.5 0.222569 6.37702e-05
-0.4 0.243263 6.64603e-05
-0.3 0.266013 7.81321e-05
-0.2 0.274643 7.82355e-05
-0.1 0.265559 8.44123e-05
0 0.219961 7.49071e-05
0.1 0.150417 6.19945e-05
0.2 0.0825995 4.86878e-05
0.3 0.0371971 3.10949e-05
0.4 0.0145256 2.07873e-05
0.5 0.00476872 1.24093e-05
0.6 0.00139375 6.56361e-06
0.7 0.000463481 3.95999e-06
0.8 0.000254357 2.7703e-06
0.9 0.000216267 2.82554e-06
1 0.000215164 2.86802e-06
1.1 0.000208242 2.99347e-06
1.2 0.000204052 2.83472e-06
1.3 0.00020084 2.76458e-06
1.4 0.000200333 2.67023e-06
1.5 0.000196405 2.72081e-06
1.6 0.000192954 2.76106e-06
1.7 0.000196498 2.66105e-06
1.8 0.000193365 2.96313e-06
1.9 0.00018917 2.72474e-06
2 0.000193533 2.8337e-06
2.1 0.000188739 2.67812e-06
2.2 0.000183408 2.69524e-06
2.3 0.000182469 2.60616e-06
2.4 0.000183802 2.57399e-06
2.5 0.000181114 2.47362e-06
2.6 0.000176644 2.59395e-06
2.7 0.000175576 2.51346e-06
2.8 0.00017051 2.50208e-06
2.9 0.000169787 2.30121e-06
3 0.000169389 2.43631e-06
3.1 0.000166498 2.45135e-06
3.2 0.000165855 2.38914e-06
3.3 0.000164883 2.35112e-06
3.4 0.000161463 2.21013e-06
3.5 0.000163623 2.5623e-06
3.6 0.000159377 2.42241e-06
3.7 0.000157645 2.49619e-06
3.8 0.000154442 2.43373e-06
3.9 0.000154372 2.28312e-06
4 0.000154312 2.46651e-06
4.1 0.000148043 2.25795e-06
4.2 0.00015017 2.35643e-06
4.3 0.000145785 2.17716e-06
4.4 0.000144916 2.30848e-06
4.5 0.000146972 2.3707e-06
4.6 0.000142748 2.27331e-06
4.7 0.000139892 2.25492e-06
4.8 0.000138629 2.17214e-06
4.9 0.000141329 2.42739e-06
5 0.000136367 2.30635e-06
5.1 0.000136227 2.20344e-06
5.2 0.000135706 2.20658e-06
5.3 0.000135135 2.23779e-06
5.4 0.00012934 2.08549e-06
5.5 0.000128366 2.10233e-06
5.6 0.000130824 2.35462e-06
5.7 0.000128354 2.18562e-06
5.8 0.000126887 2.15605e-06
5.9 0.000125619 2.31692e-06
6 0.00012269 2.17127e-06
6.1 0.000122843 2.10785e-06
6.2 0.000118634 2.07341e-06
6.3 0.000117074 2.01283e-06
6.4 0.000116725 2.01427e-06
6.5 0.000119993 2.16171e-06
6.6 0.00011715 1.93861e-06
6.7 0.000113355 1.78391e-06
6.8 0.000113715 1.99345e-06
6.9 0.000114403 2.09601e-06
7 0.000110292 2.02692e-06
7.1 0.000111395 2.00205e-06
7.2 0.00010963 1.93539e-06
7.3 0.000107698 1.86653e-06
7.4 0.000109116 1.89414e-06
7.5 0.000106729 1.82268e-06
7.6 0.000108513 2.01533e-06
7.7 0.000105916 1.86978e-06
7.8 0.000102986 1.78377e-06
7.9 0.000103957 1.97372e-06
8 0.000102781 1.97859e-06
8.1 0.000102344 1.94332e-06
8.2 0.000101369 1.91886e-06
8.3 9.81841e-05 1.83723e-06
8.4 9.97626e-05 1.88452e-06
8.5 9.64534e-05 1.76856e-06
8.6 9.35701e-05 1.59977e-06
8.7 9.55563e-05 1.6275e-06
8.8 9.62179e-05 1.9034e-06
8.9 9.3646e-05 1.72987e-06
9 9.14844e-05 1.66829e-06
9.1 9.06525e-05 1.74069e-06
9.2 8.88491e-05 1.6849e-06
9.3 8.69258e-05 1.60976e-06
9.4 8.59807e-05 1.76639e-06
9.5 8.70073e-05 1.72642e-06
9.6 8.59881e-05 1.65867e-06
9.7 8.61121e-05 1.57772e-06
9.8 8.5301e-05 1.66027e-06
9.9 8.2856e-05 1.78503e-06
10 8.22109e-05 1.50489e-06
10.1 8.21782e-05 1.68252e-06
10.2 8.05337e-05 1.57736e-06
10.3 7.99942e-05 1.60978e-06
10.4 8.11536e-05 1.75936e-06
10.5 7.87191e-05 1.47145e-06
10.6 7.83949e-05 1.57447e-06
10.7 7.60929e-05 1.44096e-06
10.8 7.80163e-05 1.56341e-06
10.9 7.48548e-05 1.52142e-06
11 7.56013e-05 1.5716e-06
11.1 7.2547e-05 1.50745e-06
11.2 7.20992e-05 1.53905e-06
11.3 7.66555e-05 1.57786e-06
11.4 7.41691e-05 1.51323e-06
11.5 7.51439e-05 1.60654e-06
11.6 7.32684e-05 1.5266e-06
11.7 6.93792e-05 1.42774e-06
11.8 6.83144e-05 1.45034e-06
11.9 6.91947e-05 1.48991e-06
12 6.87036e-05 1.5305e-06
12.1 6.85832e-05 1.53982e-06
12.2 6.80186e-05 1.38143e-06
