-15.4 4.25143
-15.3 4.30283
-15.2 4.34276
-15.1 4.38253
-15 4.40752
-14.9 4.44346
-14.8 4.47098
-14.7 4.48622
-14.6 4.52668
-14.5 4.5375
-14.4 4.56362
-14.3 4.59046
-14.2 4.60163
-14.1 4.64138
-14 4.6532
-13.9 4.67887
-13.8 4.70366
-13.7 4.71444
-13.6 4.74973
-13.5 4.76005
-13.4 4.78796
-13.3 4.80641
-13.2 4.83077
-13.1 4.8542
-13 4.86682
-12.9 4.90187
-12.8 4.90876
-12.7 4.93881
-12.6 4.95537
-12.5 4.97859
-12.4 5.00221
-12.3 5.01759
-12.2 5.04511
-12.1 5.06076
-12 5.09233
-11.9 5.10785
-11.8 5.13718
-11.7 5.15084
-11.6 5.17754
-11.5 5.1949
-11.4 5.22367
-11.3 5.24242
-11.2 5.27148
-11.1 5.29447
-11 5.32248
-10.9 5.34033
-10.8 5.37299
-10.7 5.38941
-10.6 5.41824
-10.5 5.43333
-10.4 5.47319
-10.3 5.48264
-10.2 5.51982
-10.1 5.53594
-10 5.56769
-9.9 5.59439
-9.8 5.62097
-9.7 5.65538
-9.6 5.67159
-9.5 5.70772
-9.4 5.72604
-9.3 5.75701
-9.2 5.78703
-9.1 5.80961
-9 5.84639
-8.9 5.87443
-8.8 5.90486
-8.7 5.94193
-8.6 5.97095
-8.5 6.00228
-8.4 6.03426
-8.3 6.06554
-8.2 6.09537
-8.1 6.13534
-8 6.1658
-7.9 6.20207
-7.8 6.23743
-7.7 6.27456
-7.6 6.31284
-7.5 6.34898
-7.4 6.3885
-7.3 6.42816
-7.2 6.46593
-7.1 6.50913
-7 6.54948
-6.9 6.59571
-6.8 6.63449
-6.7 6.68192
-6.6 6.72262
-6.5 6.77289
-6.4 6.82481
-6.3 nan
-6.2 6.92053
-6.1 6.97274
-6 7.0277
-5.9 7.07973
-5.8 7.13817
-5.7 7.19474
-5.6 7.25083
-5.5 7.31157
-5.4 7.3733
-5.3 7.43753
-5.2 7.50557
-5.1 7.57319
-5 7.64506
-4.9 7.71032
-4.8 7.78036
-4.7 7.85445
-4.6 7.93455
-4.5 8.01271
-4.4 8.09228
-4.3 8.18332
-4.2 8.27405
-4.1 8.36341
-4 8.45942
-3.9 8.55336
-3.8 8.65854
-3.7 8.76495
-3.6 8.88207
-3.5 8.9986
-3.4 9.11282
-3.3 9.24059
-3.2 9.37521
-3.1 9.51534
-3 9.66513
-2.9 9.82323
-2.8 9.98657
-2.7 10.1587
-2.6 10.3409
-2.5 10.5377
-2.4 10.7495
-2.3 10.9721
-2.2 11.2043
-2.1 11.4653
-2 11.7348
-1.9 12.0353
-1.8 12.3656
-1.7 12.72
-1.6 13.121
-1.5 13.5589
-1.4 14.0539
-1.3 14.6124
-1.2 15.2601
-1.1 15.9885
-1 16.8527
-0.9 17.8821
-0.8 19.1514
-0.7 20.7709
-0.6 22.9117
-0.5 25.9257
-0.4 30.251
-0.3 36.6325
-0.2 44.6925
-0.1 56.604
0 69.913
0.1 84.1765
0.2 98.9581
0.3 nan
0.4 123.745
0.5 131.428
0.6 127.09
0.7 104.269
0.8 83.9618
0.9 78.1742
1 79.8545
1.1 78.8496
1.2 77.1198
1.3 76.9852
1.4 78.5917
1.5 77.8358
1.6 77.3008
1.7 78.3398
1.8 75.1819
1.9 75.9552
2 77.9818
2.1 76.0352
2.2 74.9607
2.3 74.8505
2.4 76.2616
2.5 76.0414
2.6 73.7153
2.7 73.596
2.8 72.637
2.9 74.8565
3 73.1884
3.1 73.8172
3.2 74.4334
3.3 75.0792
3.4 73.8529
3.5 75.1681
3.6 73.2111
3.7 73.9237
3.8 73.7718
3.9 73.4907
4 73.5691
4.1 72.1036
4.2 72.5901
4.3 71.3427
4.4 72.9172
4.5 74.8288
4.6 72.8719
4.7 72.4749
4.8 71.8814
4.9 72.8022
5 71.5295
5.1 72.191
5.2 71.8292
5.3 73.834
5.4 71.5712
5.5 71.0333
5.6 70.5593
5.7 72.3933
5.8 69.3937
5.9 69.8387
6 67.2903
6.1 70.6555
6.2 68.5172
6.3 67.1251
6.4 66.5193
6.5 69.3497
6.6 70.4307
6.7 69.3354
6.8 68.2858
6.9 68.0535
7 66.8752
7.1 68.5072
7.2 67.1027
7.3 71.5321
7.4 72.3189
7.5 70.3083
7.6 70.7008
7.7 70.55
7.8 69.8474
7.9 69.7077
8 70.2709
8.1 71.5161
8.2 70.4705
8.3 67.6094
8.4 72.2643
8.5 70.0839
8.6 69.3379
8.7 69.5925
8.8 69.9944
8.9 70.0192
9 68.4409
9.1 68.7233
9.2 69.1536
9.3 66.8577
9.4 68.5481
9.5 67.747
9.6 67.3637
9.7 69.0079
9.8 67.2451
9.9 66.5024
10 67.2121
10.1 68.3085
10.2 67.5434
10.3 65.2039
10.4 67.8378
10.5 68.0162
10.6 65.3012
10.7 66.2296
10.8 68.4643
10.9 67.2927
11 65.8117
11.1 65.1478
11.2 65.6109
11.3 68.1596
11.4 67.1873
11.5 66.4105
11.6 66.899
11.7 64.1227
11.8 63.8361
11.9 65.9704
12 65.2799
12.1 66.6473
12.2 66.3186
