-15.4 6.80644 0.0251328
-15.3 7.32276 0.0258824
-15.2 7.62058 0.0281301
-15.1 7.77541 0.0274273
-15 7.98413 0.0249896
-14.9 8.13783 0.0332292
-14.8 8.26687 0.0303745
-14.7 8.38262 0.0275575
-14.6 8.49049 0.030216
-14.5 8.5731 0.0334767
-14.4 8.65084 0.0300403
-14.3 8.73403 0.0287361
-14.2 8.75133 0.0255878
-14.1 8.87237 0.0299537
-14 8.9067 0.0320902
-13.9 8.99116 0.0345739
-13.8 9.00443 0.0276632
-13.7 9.07975 0.0328924
-13.6 9.17815 0.0319834
-13.5 9.16246 0.0343475
-13.4 9.24449 0.0353778
-13.3 9.26325 0.0315276
-13.2 9.38335 0.0330742
-13.1 9.42776 0.0302572
-13 9.4375 0.0325461
-12.9 9.43376 0.030728
-12.8 9.54552 0.0285398
-12.7 9.55862 0.027127
-12.6 9.6098 0.0354303
-12.5 9.63527 0.0322463
-12.4 9.69118 0.0336483
-12.3 9.72354 0.0308236
-12.2 9.75135 0.031935
-12.1 9.80815 0.0355057
-12 9.87072 0.0333221
-11.9 9.92238 0.0327827
-11.8 9.95108 0.0279776
-11.7 10.0192 0.0329418
-11.6 10.0331 0.0322303
-11.5 10.0399 0.0329272
-11.4 10.1043 0.0346153
-11.3 10.07 0.034566
-11.2 10.174 0.0342042
-11.1 10.181 0.0315888
-11 10.239 0.0363841
-10.9 10.2465 0.0318975
-10.8 10.3427 0.0290352
-10.7 10.3772 0.0310141
-10.6 10.3736 0.0312062
-10.5 10.4325 0.0294021
-10.4 10.4546 0.0275774
-10.3 10.4849 0.0321158
-10.2 10.4712 0.0316859
-10.1 10.478 0.0309648
-10 10.599 0.031169
-9.9 10.5889 0.0330371
-9.8 10.6348 0.0312323
-9.7 10.675 0.0294887
-9.6 10.7725 0.0292712
-9.5 10.7848 0.0295715
-9.4 10.7495 0.0310556
-9.3 10.8069 0.0331225
-9.2 10.8239 0.0311038
-9.1 10.7874 0.0333465
-9 10.947 0.0295757
-8.9 10.9142 0.0334474
-8.8 10.9657 0.0301263
-8.7 11.0478 0.0312542
-8.6 11.0402 0.0304458
-8.5 11.0546 0.0276341
-8.4 11.1485 0.0316569
-8.3 11.1645 0.0296615
-8.2 11.1636 0.0314993
-8.1 11.2848 0.0318315
-8 11.2945 0.0355139
-7.9 11.3073 0.0323663
-7.8 11.368 0.0289747
-7.7 11.3905 0.0330796
-7.6 11.3625 0.0298267
-7.5 11.4778 0.0331888
-7.4 11.4816 0.0265466
-7.3 11.4875 0.0310629
-7.2 11.5526 0.026987
-7.1 11.6191 0.0344728
-7 11.6492 0.0301399
-6.9 11.6366 0.0371219
-6.8 11.7001 0.0339572
-6.7 11.7537 0.0265636
-6.6 11.814 0.0309908
-6.5 11.8425 0.0273043
-6.4 11.9084 0.0292782
-6.3 11.9883 0.0287236
-6.2 12.0057 0.0286909
-6.1 12.0579 0.0275514
-6 12.1462 0.0274982
-5.9 12.1927 0.0328655
-5.8 12.2658 0.0300463
-5.7 12.3033 0.0273525
-5.6 12.3404 0.0281325
-5.5 12.4196 0.0274098
-5.4 12.4886 0.0275493
-5.3 12.5661 0.0296438
-5.2 12.6562 0.0323674
-5.1 12.5988 0.0289753
-5 12.6708 0.0263494
-4.9 12.7648 0.0301199
-4.8 12.8275 0.0281004
-4.7 12.9232 0.0248894
-4.6 13.0477 0.0248234
-4.5 13.108 0.0302028
-4.4 13.1367 0.0281432
-4.3 13.2281 0.0275361
-4.2 13.3547 0.0255916
-4.1 13.4249 0.0306274
-4 13.5118 0.0244833
-3.9 13.5674 0.0295293
-3.8 13.631 0.0254349
-3.7 13.7657 0.0290083
-3.6 13.8395 0.0243315
-3.5 13.9463 0.0249457
-3.4 14.1053 0.0292643
-3.3 14.1734 0.0269386
-3.2 14.3022 0.0264149
-3.1 14.4492 0.0243215
-3 14.5827 0.0275293
-2.9 14.7142 0.0257101
-2.8 14.8537 0.024435
-2.7 14.9641 0.0246746
-2.6 15.1852 0.0225001
-2.5 15.3167 0.0258923
-2.4 15.5399 0.0233455
-2.3 15.7186 0.0223839
-2.2 15.9159 0.0222069
-2.1 16.1482 0.0254
-2 16.4075 0.0211482
-1.9 16.7007 0.0249012
-1.8 17.0269 0.0221927
-1.7 17.3135 0.0215952
-1.6 17.7177 0.02133
-1.5 18.1778 0.0216569
-1.4 18.6956 0.0200347
-1.3 19.283 0.0204937
-1.2 19.9766 0.0198173
-1.1 20.8362 0.0195059
-1 21.8483 0.018538
-0.9 23.0719 0.01843
-0.8 24.729 0.0216046
-0.7 26.9653 0.0217752
-0.6 30.2491 0.0247678
-0.5 35.235 0.0256403
-0.4 42.8975 0.0288846
-0.3 54.3689 0.0327781
-0.2 76.021 0.0425909
-0.1 95.624 0.0423348
0 114.237 0.049862
0.1 131.428 0.0649394
0.2 147.528 0.0891599
0.3 139.279 0.100345
0.4 148.649 0.200995
0.5 155.595 0.373746
0.6 155.274 0.642162
0.7 134.468 1.22638
0.8 95.6119 1.73414
0.9 76.1871 1.84679
1 76.9943 1.95104
1.1 74.0272 1.96096
1.2 74.6413 1.67902
1.3 74.0389 1.66865
1.4 73.0344 1.79848
1.5 72.1214 1.68609
1.6 74.5857 1.85683
1.7 76.6181 2.02978
1.8 75.7237 1.82693
1.9 71.1397 1.92232
2 72.8466 1.83967
2.1 74.3485 1.90286
2.2 71.9791 1.9077
2.3 72.435 1.7765
2.4 72.3836 2.13509
2.5 73.3766 1.83889
2.6 73.4305 2.11584
2.7 70.7742 2.10546
2.8 69.055 2.01746
2.9 73.2739 1.89873
3 73.9888 1.91144
3.1 73.7389 1.99336
3.2 71.7264 2.08937
3.3 69.7529 1.94898
3.4 71.2943 2.05195
3.5 72.4384 2.14656
3.6 76.1109 1.96206
3.7 74.864 2.24185
3.8 70.3125 2.42776
3.9 68.4468 1.99854
4 71.2078 1.93331
4.1 70.5371 2.29476
4.2 74.4818 1.94612
4.3 70.3674 2.13651
4.4 72.9332 2.1395
4.5 73.6179 2.03167
4.6 71.2056 2.35117
4.7 72.1263 2.30593
4.8 68.804 2.35366
4.9 71.2568 2.22209
5 70.9903 2.57484
5.1 70.9533 2.18708
5.2 69.9688 2.20728
5.3 73.7112 2.48907
5.4 73.1854 2.38627
5.5 72.6546 2.40017
5.6 68.5968 2.61822
5.7 67.8432 2.678
5.8 73.0071 2.59127
5.9 66.7599 2.20811
6 72.5534 2.41063
6.1 67.7121 2.72076
6.2 71.1978 2.67434
6.3 68.8455 2.21105
6.4 70.5442 2.52288
6.5 66.235 2.37244
6.6 69.8553 2.50061
6.7 65.2111 2.41069
6.8 67.509 2.51168
6.9 70.6635 2.78252
7 66.6327 2.60149
7.1 70.2806 2.65026
7.2 67.2994 2.55558
7.3 82.7839 2.72946
7.4 76.9851 3.03827
7.5 76.3184 3.26344
7.6 77.2392 2.9512
7.7 85.2194 2.93829
7.8 76.6488 3.16322
7.9 75.8964 2.86468
8 78.0029 3.13429
8.1 79.1127 3.0579
8.2 80.2197 2.70607
8.3 76.6362 2.90715
8.4 77.4673 2.70562
8.5 77.5608 3.15136
8.6 73.626 3.20885
8.7 75.1712 3.14486
8.8 77.9987 3.51875
8.9 79.0384 3.07742
9 70.8559 3.38876
9.1 69.5575 3.08841
9.2 78.7331 3.00524
9.3 78.5206 3.05566
9.4 76.0508 3.23105
9.5 72.4865 3.04777
9.6 75.6391 3.10853
9.7 75.9601 3.12574
9.8 75.8416 3.14127
9.9 74.2494 3.18407
10 72.5326 3.2245
10.1 75.2937 3.12397
10.2 69.8663 3.38154
10.3 77.0685 3.35545
10.4 75.8358 3.18593
10.5 78.8377 3.52832
10.6 80.6352 3.41826
10.7 76.4813 3.00759
10.8 76.4586 3.11044
10.9 74.3451 3.31162
11 75.4779 3.35661
11.1 78.8562 3.22417
11.2 73.7736 3.38149
11.3 72.3811 3.05362
11.4 77.0773 3.60046
11.5 67.6231 3.326
11.6 76.3161 3.22203
11.7 70.0661 3.36775
11.8 72.5513 3.39887
11.9 68.9373 3.39892
12 71.5295 3.54825
12.1 74.3483 3.5529
12.2 71.9778 3.1958
