-15.4 5.51589 0.0011852
-15.3 5.55297 0.0013785
-15.2 5.59092 0.00149656
-15.1 5.6364 0.00152788
-15 5.65451 0.00144636
-14.9 5.69731 0.00184873
-14.8 5.72512 0.00158896
-14.7 5.73946 0.00163252
-14.6 5.78959 0.0016979
-14.5 5.80115 0.00171699
-14.4 5.82967 0.00162141
-14.3 5.8625 0.00145684
-14.2 5.86795 0.00155341
-14.1 5.91547 0.00156107
-14 5.92674 0.00186852
-13.9 5.95386 0.00201124
-13.8 5.98382 0.00171903
-13.7 5.99223 0.00196356
-13.6 6.03778 0.00188277
-13.5 6.04456 0.00207342
-13.4 6.07929 0.00195055
-13.3 6.09981 0.00178132
-13.2 6.11924 0.00185761
-13.1 6.1582 0.00169602
-13 6.16655 0.00192499
-12.9 6.20416 0.00201572
-12.8 6.21828 0.00182588
-12.7 6.2496 0.00155145
-12.6 6.26986 0.00186597
-12.5 6.2938 0.00194261
-12.4 6.32506 0.00194634
-12.3 6.34039 0.00179907
-12.2 6.37563 0.00194395
-12.1 6.3913 0.00200019
-12 6.43037 0.00202545
-11.9 6.44251 0.00204972
-11.8 6.4772 0.00177098
-11.7 6.49326 0.00190473
-11.6 6.52745 0.00209267
-11.5 6.5439 0.00204881
-11.4 6.57659 0.00207796
-11.3 6.59276 0.00205936
-11.2 6.62936 0.00224028
-11.1 6.64894 0.00191817
-11 6.68151 0.00210044
-10.9 6.7034 0.00192378
-10.8 6.73669 0.00191275
-10.7 6.75941 0.00208924
-10.6 6.78927 0.00193967
-10.5 6.80666 0.00191634
-10.4 6.85264 0.00172797
-10.3 6.8628 0.00181574
-10.2 6.90027 0.00199028
-10.1 6.91734 0.00200706
-10 6.95369 0.00192907
-9.9 6.97911 0.00200585
-9.8 7.00566 0.00202852
-9.7 7.04576 0.00207752
-9.6 7.06511 0.00206488
-9.5 7.1051 0.00201718
-9.4 7.12311 0.00224044
-9.3 7.1552 0.00227892
-9.2 7.188 0.00208809
-9.1 7.20763 0.00194187
-9 7.25259 0.00199902
-8.9 7.27603 0.00217013
-8.8 7.3074 0.00205875
-8.7 7.34412 0.00198632
-8.6 7.36862 0.00195688
-8.5 7.40289 0.00187174
-8.4 7.43844 0.00201576
-8.3 7.46582 0.00223109
-8.2 7.50078 0.00214963
-8.1 7.53897 0.00221951
-8 7.56963 0.00227726
-7.9 7.60249 0.00212831
-7.8 7.63783 0.00211965
-7.7 7.67223 0.00219797
-7.6 7.70746 0.00184092
-7.5 7.74923 0.00210585
-7.4 7.78887 0.00181464
-7.3 7.82753 0.00218616
-7.2 7.87416 0.0021302
-7.1 7.92019 0.00240774
-7 7.96436 0.00226324
-6.9 8.00732 0.002639
-6.8 8.05848 0.00249955
-6.7 8.10633 0.00201923
-6.6 8.15603 0.00230111
-6.5 8.20448 0.00195924
-6.4 8.25524 0.00204566
-6.3 8.30873 0.00203202
-6.2 8.36106 0.00209781
-6.1 8.41676 0.00196045
-6 8.47491 0.00215226
-5.9 8.5327 0.00236119
-5.8 8.59323 0.00218935
-5.7 8.65292 0.00208735
-5.6 8.71313 0.00217722
-5.5 8.77827 0.00203624
-5.4 8.84435 0.00206282
-5.3 8.91113 0.00229684
-5.2 8.97993 0.00255084
-5.1 9.0429 0.00230826
-5 9.11676 0.00233403
-4.9 9.19374 0.00246589
-4.8 9.27178 0.00228871
-4.7 9.35213 0.00211891
-4.6 9.43567 0.0022384
-4.5 9.51789 0.00263308
-4.4 9.60239 0.00245164
-4.3 9.69346 0.00231578
-4.2 9.78934 0.00202157
-4.1 9.88133 0.00239661
-4 9.98036 0.00226306
-3.9 10.0809 0.00250294
-3.8 10.1874 0.00203286
-3.7 10.3042 0.00245761
-3.6 10.4203 0.00219508
-3.5 10.5433 0.00217851
-3.4 10.6718 0.00247953
-3.3 10.8007 0.00225838
-3.2 10.9396 0.0022369
-3.1 11.0859 0.00220644
-3 11.2386 0.00255286
-2.9 11.3995 0.00239423
-2.8 11.567 0.00235764
-2.7 11.742 0.00217268
-2.6 11.9325 0.00233438
-2.5 12.1277 0.00245393
-2.4 12.341 0.00232426
-2.3 12.564 0.0021344
-2.2 12.8019 0.00229588
-2.1 13.0609 0.00264899
-2 13.3391 0.00213445
-1.9 13.6413 0.00260791
-1.8 13.9681 0.00228928
-1.7 14.3176 0.00223549
-1.6 14.7087 0.00231772
-1.5 15.1407 0.00244775
-1.4 15.6197 0.00247401
-1.3 16.1592 0.0024863
-1.2 16.7693 0.00243505
-1.1 17.4661 0.00269452
-1 18.2662 0.00226771
-0.9 19.2052 0.00271758
-0.8 20.3414 0.00315549
-0.7 21.7603 0.0035821
-0.6 23.5908 0.00472022
-0.5 26.0262 0.0052825
-0.4 29.3133 0.00611181
-0.3 33.7782 0.00815417
-0.2 39.1588 0.0107483
-0.1 46.4365 0.0130928
0 54.0998 0.0164597
0.1 61.7677 0.0250417
0.2 69.288 0.0367214
0.3 75.5471 0.0571911
0.4 80.2991 0.106606
0.5 81.7343 0.234775
0.6 72.0457 0.429632
0.7 48.5667 0.613472
0.8 32.9662 0.500617
0.9 28.9098 0.443946
1 28.9388 0.473968
1.1 27.7763 0.419276
1.2 27.9603 0.41203
1.3 27.8734 0.426046
1.4 27.6118 0.440034
1.5 27.7943 0.465307
1.6 28.5211 0.518375
1.7 28.4134 0.479402
1.8 28.4396 0.456695
1.9 27.5091 0.437466
2 28.4613 0.473473
2.1 28.4326 0.458703
2.2 27.7575 0.51558
2.3 27.7121 0.461901
2.4 28.0427 0.48182
2.5 27.9908 0.434754
2.6 28.0935 0.499489
2.7 27.406 0.494902
2.8 27.4347 0.489348
2.9 27.8626 0.465075
3 28.3055 0.467099
3.1 27.7995 0.485323
3.2 27.974 0.544508
3.3 27.2277 0.41758
3.4 27.5015 0.465225
3.5 28.3517 0.518744
3.6 28.7199 0.448604
3.7 28.4869 0.57678
3.8 27.3125 0.574658
3.9 27.3289 0.522793
4 28.1653 0.524382
4.1 27.7864 0.563736
4.2 27.9706 0.450159
4.3 27.548 0.52149
4.4 28.0247 0.586433
4.5 27.9158 0.548154
4.6 27.4556 0.595215
4.7 27.5371 0.538725
4.8 27.0183 0.599951
4.9 27.3836 0.558449
5 27.3261 0.625394
5.1 27.3677 0.581476
5.2 28.1543 0.572497
5.3 28.1614 0.58531
5.4 28.0556 0.621345
5.5 27.8292 0.607276
5.6 27.0865 0.625211
5.7 26.7827 0.68913
5.8 27.1881 0.650185
5.9 26.462 0.54028
6 27.0075 0.5554
6.1 26.306 0.615671
6.2 26.8435 0.60463
6.3 26.6244 0.574016
6.4 26.3709 0.558602
6.5 26.2685 0.634172
6.6 26.7525 0.570432
6.7 25.9512 0.547627
6.8 26.6814 0.58198
6.9 26.9583 0.705241
7 26.5771 0.723234
7.1 27.1858 0.646021
7.2 26.7008 0.709353
7.3 27.3472 0.669511
7.4 26.0328 0.705964
7.5 26.4493 0.67608
7.6 26.4195 0.659553
7.7 27.1391 0.698761
7.8 26.1755 0.655125
7.9 25.9633 0.585258
8 25.9087 0.599894
8.1 26.6569 0.633589
8.2 26.3265 0.626307
8.3 25.7616 0.54428
8.4 25.8278 0.615183
8.5 25.7722 0.62543
8.6 25.0256 0.575399
8.7 25.5513 0.659704
8.8 25.9494 0.639489
8.9 26.2079 0.700352
9 25.165 0.65818
9.1 24.7412 0.594655
9.2 26.9452 0.678562
9.3 25.844 0.581051
9.4 25.6671 0.64483
9.5 25.5916 0.590539
9.6 25.6299 0.60714
9.7 25.6442 0.617795
9.8 25.4126 0.648094
9.9 25.5842 0.70714
10 25.122 0.684425
10.1 25.6954 0.730063
10.2 25.1616 0.674127
10.3 25.9057 0.804593
10.4 25.8116 0.687474
10.5 26.7106 0.776369
10.6 26.9855 0.798498
10.7 26.4944 0.703212
10.8 25.9851 0.741129
10.9 26.0701 0.716151
11 26.4506 0.690662
11.1 26.4673 0.766485
11.2 25.4285 0.73489
11.3 25.3645 0.778578
11.4 26.1483 0.841624
11.5 24.9015 0.741869
11.6 25.7153 0.720356
11.7 24.5914 0.723321
11.8 25.0201 0.700798
11.9 24.4573 0.709982
12 25.3154 0.799485
12.1 25.5452 0.774135
12.2 24.3866 0.690049
