-15.4 6.37661 0.0222494
-15.3 7.2993 0.0241438
-15.2 7.77247 0.0250133
-15.1 8.10058 0.0260086
-15 8.42573 0.0269672
-14.9 8.6854 0.0266448
-14.8 8.85212 0.0251509
-14.7 9.04114 0.0273752
-14.6 9.17651 0.031563
-14.5 9.31793 0.0335135
-14.4 9.43797 0.0315148
-14.3 9.55858 0.0285887
-14.2 9.68568 0.0261819
-14.1 9.82148 0.0293676
-14 9.85233 0.030718
-13.9 9.95351 0.0278117
-13.8 10.0374 0.0277185
-13.7 10.1649 0.0284795
-13.6 10.2554 0.0286539
-13.5 10.3246 0.0311181
-13.4 10.3413 0.0321514
-13.3 10.4208 0.0295006
-13.2 10.5632 0.0299195
-13.1 10.591 0.0282023
-13 10.642 0.0289913
-12.9 10.6679 0.0304394
-12.8 10.7574 0.0296016
-12.7 10.8397 0.0293054
-12.6 10.861 0.0284579
-12.5 10.8994 0.031262
-12.4 10.9908 0.0295072
-12.3 11.0092 0.0286506
-12.2 11.0595 0.0283062
-12.1 11.0682 0.0317553
-12 11.1811 0.0308029
-11.9 11.2554 0.0269314
-11.8 11.2621 0.0305761
-11.7 11.2713 0.0286341
-11.6 11.3216 0.0313925
-11.5 11.3401 0.0293782
-11.4 11.4302 0.0291712
-11.3 11.4246 0.0312075
-11.2 11.5201 0.0305617
-11.1 11.5925 0.0302007
-11 11.6103 0.0313256
-10.9 11.6415 0.0297662
-10.8 11.7522 0.0303722
-10.7 11.7207 0.0305373
-10.6 11.7642 0.0307032
-10.5 11.853 0.0293692
-10.4 11.7727 0.028101
-10.3 11.8679 0.0318569
-10.2 11.8937 0.0306746
-10.1 11.9366 0.0299713
-10 11.9817 0.0285382
-9.9 12.0279 0.0297137
-9.8 12.0659 0.0330896
-9.7 12.072 0.0274921
-9.6 12.1091 0.0294199
-9.5 12.1695 0.0288933
-9.4 12.066 0.027799
-9.3 12.1656 0.028184
-9.2 12.2183 0.028945
-9.1 12.2371 0.0298331
-9 12.3218 0.0276518
-8.9 12.3431 0.0322446
-8.8 12.3299 0.0275288
-8.7 12.4117 0.0282887
-8.6 12.4261 0.028237
-8.5 12.451 0.0279428
-8.4 12.4796 0.0303047
-8.3 12.4975 0.0299756
-8.2 12.5012 0.0276731
-8.1 12.5819 0.0273653
-8 12.5854 0.0294524
-7.9 12.6075 0.0296857
-7.8 12.6883 0.0256159
-7.7 12.6746 0.0282612
-7.6 12.7269 0.0286571
-7.5 12.7474 0.0299915
-7.4 12.7543 0.0279737
-7.3 12.8209 0.0268985
-7.2 12.8099 0.027738
-7.1 12.8832 0.0289072
-7 12.9432 0.0271986
-6.9 12.9918 0.0301118
-6.8 12.9886 0.0292373
-6.7 13.0197 0.027895
-6.6 13.0342 0.028587
-6.5 13.1234 0.027568
-6.4 13.209 0.0269586
-6.3 13.2234 0.0288374
-6.2 13.2302 0.0253057
-6.1 13.2665 0.0283615
-6 13.3563 0.0244296
-5.9 13.3706 0.0280158
-5.8 13.4524 0.026909
-5.7 13.4827 0.0253669
-5.6 13.5576 0.028166
-5.5 13.6215 0.0287568
-5.4 13.6149 0.0256374
-5.3 13.7254 0.0280471
-5.2 13.7726 0.0268905
-5.1 13.7618 0.0269328
-5 13.8705 0.0280748
-4.9 13.9332 0.0272139
-4.8 13.9612 0.0277516
-4.7 14.0193 0.0261647
-4.6 14.0633 0.026402
-4.5 14.1176 0.0285721
-4.4 14.2024 0.02654
-4.3 14.2778 0.0271554
-4.2 14.3204 0.0245371
-4.1 14.3735 0.027352
-4 14.4404 0.0263037
-3.9 14.5079 0.024211
-3.8 14.5709 0.0251352
-3.7 14.659 0.0252044
-3.6 14.7742 0.0255819
-3.5 14.8701 0.024289
-3.4 14.9166 0.0260179
-3.3 15.0061 0.0234766
-3.2 15.1171 0.0253161
-3.1 15.2004 0.0237992
-3 15.3344 0.0232037
-2.9 15.4693 0.0230591
-2.8 15.5804 0.0230893
-2.7 15.6937 0.0204588
-2.6 15.8281 0.0224576
-2.5 15.972 0.0235547
-2.4 16.1612 0.0220609
-2.3 16.317 0.0203131
-2.2 16.4657 0.0239035
-2.1 16.6542 0.0233177
-2 16.8656 0.0214363
-1.9 17.1189 0.0208666
-1.8 17.4114 0.0214988
-1.7 17.7065 0.0221971
-1.6 18.1205 0.0202272
-1.5 18.5328 0.0209911
-1.4 19.0743 0.0196886
-1.3 19.7269 0.020068
-1.2 20.5235 0.0189913
-1.1 21.53 0.019273
-1 22.7378 0.0209204
-0.9 24.3527 0.0189661
-0.8 26.5684 0.0219115
-0.7 29.8467 0.0222517
-0.6 34.9837 0.0245205
-0.5 43.6547 0.0277229
-0.4 58.1862 0.0319516
-0.3 81.849 0.0369645
-0.2 107.503 0.0410775
-0.1 146.675 0.0438487
0 185.124 0.0553052
0.1 222.36 0.0642868
0.2 258.222 0.0845694
0.3 286.531 0.141047
0.4 312.393 0.258578
0.5 331.164 0.424289
0.6 334.068 0.734927
0.7 289.038 1.4177
0.8 196.888 1.94236
0.9 147.834 1.91858
1 145.918 2.14623
1.1 143.67 1.86972
1.2 142.202 1.93192
1.3 143.181 2.02222
1.4 143.631 2.06509
1.5 141.825 2.08762
1.6 143.179 2.14164
1.7 139.239 2.02952
1.8 142.09 2.22335
1.9 135.592 2.12145
2 140.205 2.11467
2.1 141.568 2.07269
2.2 136.011 2.18734
2.3 138.523 2.27097
2.4 138.788 2.0994
2.5 140.859 2.15724
2.6 137.624 2.13389
2.7 137.948 2.25272
2.8 136.47 2.11583
2.9 138.391 2.0948
3 136.976 2.13315
3.1 136.902 2.30007
3.2 135.824 2.49637
3.3 135.236 2.20619
3.4 134.468 2.27752
3.5 137.32 2.33812
3.6 140.525 2.31798
3.7 137.238 2.16819
3.8 136.033 2.12504
3.9 133.537 2.22319
4 135.479 2.39363
4.1 135.688 2.35199
4.2 133.838 2.30338
4.3 135.887 2.49967
4.4 137.28 2.2863
4.5 139.294 2.50449
4.6 135.714 2.46734
4.7 131.06 2.49648
4.8 134.719 2.45741
4.9 133.902 2.59456
5 135.449 2.60761
5.1 135.208 2.55442
5.2 136.906 2.49463
5.3 134.221 2.66082
5.4 135.377 2.42531
5.5 133.664 2.7925
5.6 131.7 2.81726
5.7 132.405 2.33285
5.8 132.24 2.65055
5.9 130.718 2.47827
6 130.958 2.53319
6.1 136.375 2.39689
6.2 131.269 2.98588
6.3 128.404 2.45669
6.4 128.635 2.84261
6.5 127.707 2.64807
6.6 133.042 2.47039
6.7 131.123 2.83893
6.8 127.353 2.38465
6.9 133.377 2.94748
7 129.433 2.56429
7.1 131.291 2.78458
7.2 128.677 2.54066
7.3 125.987 2.40851
7.4 131.976 2.53921
7.5 126.896 2.71165
7.6 125.106 3.1177
7.7 135.444 2.75988
7.8 128.089 2.632
7.9 126.623 2.77051
8 127.441 2.83392
8.1 132.049 2.51678
8.2 133.344 2.60707
8.3 126.638 2.6883
8.4 128.621 2.62438
8.5 127.576 2.74516
8.6 126.419 2.50551
8.7 128.086 2.71478
8.8 131.381 2.85781
8.9 123.091 2.66335
9 124.291 2.71246
9.1 122.548 2.6305
9.2 127.134 2.5189
9.3 127.445 2.55057
9.4 124.119 2.77927
9.5 122.902 2.95358
9.6 124.332 3.02438
9.7 125.233 3.01835
9.8 129.771 2.84612
9.9 125.277 2.8504
10 120.596 2.8804
10.1 123.226 2.83182
10.2 121.098 2.89469
10.3 123.888 3.04024
10.4 121.973 2.70282
10.5 130.115 3.3732
10.6 130.298 2.87108
10.7 123.858 2.979
10.8 123.987 3.07096
10.9 122.102 2.91955
11 125.802 3.06683
11.1 122.569 3.27258
11.2 114.995 3.1181
11.3 122.679 2.97808
11.4 129.514 3.17292
11.5 120.285 3.09879
11.6 126.62 3.12851
11.7 120.718 3.14987
11.8 124.219 3.02617
11.9 122.786 3.13765
12 125.564 3.17315
12.1 116.36 3.09476
12.2 120.756 3.13333
