-15.4 3.92159 2.88692e-06
-15.3 3.92162 2.90963e-06
-15.2 3.93105 3.06872e-06
-15.1 3.95329 3.03223e-06
-15 3.95334 3.04508e-06
-14.9 3.97379 3.36972e-06
-14.8 3.98534 3.26179e-06
-14.7 3.98675 3.50121e-06
-14.6 4.01712 3.49462e-06
-14.5 4.01773 3.37954e-06
-14.4 4.03269 3.97987e-06
-14.3 4.05036 3.49152e-06
-14.2 4.0511 3.66456e-06
-14.1 4.08048 4.12355e-06
-14 4.08345 3.70261e-06
-13.9 4.09847 4.56347e-06
-13.8 4.11674 3.8078e-06
-13.7 4.11918 4.37247e-06
-13.6 4.14844 4.33645e-06
-13.5 4.15059 3.92983e-06
-13.4 4.17128 5.00759e-06
-13.3 4.18453 3.96879e-06
-13.2 4.19372 5.16259e-06
-13.1 4.2185 4.20081e-06
-13 4.2212 4.73285e-06
-12.9 4.24925 5.11031e-06
-12.8 4.25411 4.44865e-06
-12.7 4.27647 5.79937e-06
-12.6 4.28886 4.40919e-06
-12.5 4.30394 5.98438e-06
-12.4 4.32399 4.59327e-06
-12.3 4.33358 6.03189e-06
-12.2 4.35865 5.14192e-06
-12.1 4.36584 5.94537e-06
-12 4.39262 5.66123e-06
-11.9 4.40014 5.7741e-06
-11.8 4.42652 6.09405e-06
-11.7 4.43581 5.8171e-06
-11.6 4.46106 6.58539e-06
-11.5 4.47241 5.9435e-06
-11.4 4.49669 7.00917e-06
-11.3 4.50977 6.02281e-06
-11.2 4.53359 7.11277e-06
-11.1 4.5479 6.2405e-06
-11 4.57178 7.29047e-06
-10.9 4.58691 6.84564e-06
-10.8 4.61118 7.59287e-06
-10.7 4.62699 7.152e-06
-10.6 4.65104 7.71906e-06
-10.5 4.66391 7.8042e-06
-10.4 4.70045 7.91884e-06
-10.3 4.70652 8.28863e-06
-10.2 4.7401 8.30159e-06
-10.1 4.75358 8.81678e-06
-10 4.78019 8.413e-06
-9.9 4.80241 9.23172e-06
-9.8 4.8209 8.51977e-06
-9.7 4.85289 9.48585e-06
-9.6 4.86585 9.60341e-06
-9.5 4.90146 9.17245e-06
-9.4 4.91853 1.01972e-05
-9.3 4.94507 9.11776e-06
-9.2 4.97395 1.06653e-05
-9.1 4.99265 1.02346e-05
-9 5.02675 9.7557e-06
-8.9 5.04927 1.12521e-05
-8.8 5.07538 1.03108e-05
-8.7 5.1078 1.1106e-05
-8.6 5.13129 1.17385e-05
-8.5 5.16163 1.12016e-05
-8.4 5.1928 1.21016e-05
-8.3 5.21944 1.25892e-05
-8.2 5.25118 1.19119e-05
-8.1 5.28323 1.26121e-05
-8 5.31295 1.354e-05
-7.9 5.34551 1.32553e-05
-7.8 5.37921 1.35932e-05
-7.7 5.41191 1.39364e-05
-7.6 5.44576 1.43722e-05
-7.5 5.48107 1.46149e-05
-7.4 5.51662 1.49496e-05
-7.3 5.55264 1.55202e-05
-7.2 5.58973 1.61714e-05
-7.1 5.62773 1.63112e-05
-7 5.66643 1.68446e-05
-6.9 5.70595 1.7236e-05
-6.8 5.74641 1.7967e-05
-6.7 5.78784 1.86973e-05
-6.6 5.83022 1.90269e-05
-6.5 5.8736 1.95314e-05
-6.4 5.91803 2.00769e-05
-6.3 5.96355 2.08764e-05
-6.2 6.01021 2.19395e-05
-6.1 6.05806 2.69468e-05
-6 6.10725 0.000133412
-5.9 6.15748 2.30504e-05
-5.8 6.20919 2.34938e-05
-5.7 6.26229 2.44561e-05
-5.6 6.31687 2.52459e-05
-5.5 6.37299 2.57676e-05
-5.4 6.43071 2.76196e-05
-5.3 6.49012 2.83885e-05
-5.2 6.55131 2.89677e-05
-5.1 6.61437 2.99772e-05
-5 6.67937 3.10787e-05
-4.9 6.74644 3.18645e-05
-4.8 6.81567 3.39364e-05
-4.7 6.88718 3.51956e-05
-4.6 6.96112 3.69535e-05
-4.5 7.03763 3.94941e-05
-4.4 7.11684 4.91394e-05
-4.3 7.19899 0.000112654
-4.2 7.28411 0.000133725
-4.1 7.37235 4.69241e-05
-4 7.46428 0.00014989
-3.9 7.5597 0.00012667
-3.8 7.65913 0.000151662
-3.7 7.7627 0.000125881
-3.6 7.87083 0.000119586
-3.5 7.98375 6.50733e-05
-3.4 8.10238 0.00020722
-3.3 8.22648 0.000270764
-3.2 8.35629 0.000239468
-3.1 8.49292 0.000246468
-3 8.63685 0.000237039
-2.9 8.78944 0.000372469
-2.8 8.95057 0.000449464
-2.7 9.12171 0.000574025
-2.6 9.30392 0.000671068
-2.5 9.49746 0.000721368
-2.4 9.7062 0.000893695
-2.3 9.93226 0.00112783
-2.2 10.1741 0.0012148
-2.1 10.4422 0.00162128
-2 10.7313 0.00200199
-1.9 11.0517 0.00228916
-1.8 11.4178 0.00268411
-1.7 11.8237 0.0034416
-1.6 12.2974 0.00435895
-1.5 12.838 0.00460164
-1.4 13.4855 0.0055583
-1.3 14.2462 0.00654427
-1.2 15.1691 0.0074263
-1.1 16.3185 0.00967341
-1 17.7251 0.0113092
-0.9 19.5648 0.0122481
-0.8 22.0067 0.0140198
-0.7 25.4993 0.0158626
-0.6 30.9168 0.0192639
-0.5 39.8514 0.0244698
-0.4 54.6622 0.0297221
-0.3 78.5843 0.0350361
-0.2 103.01 0.038357
-0.1 141.498 0.0425897
0 179.519 0.0545021
0.1 216.524 0.0678221
0.2 252.349 0.0831762
0.3 280.697 0.141564
0.4 308.06 0.251565
0.5 332.037 0.418608
0.6 355.271 0.821986
0.7 380.103 1.89091
0.8 410.026 6.18713
0.9 379.037 47.3989
1 64.0774 13.4945
1.1 17.1935 7.79221
1.2 0 0
1.3 0 0
1.4 0 0
1.5 0 0
1.6 0 0
1.7 0 0
1.8 0 0
1.9 0 0
2 0 0
2.1 0 0
2.2 0 0
2.3 0 0
2.4 0 0
2.5 0 0
2.6 0 0
2.7 0 0
2.8 0 0
2.9 0 0
3 0 0
3.1 0 0
3.2 0 0
3.3 0 0
3.4 0 0
3.5 0 0
3.6 0 0
3.7 0 0
3.8 0 0
3.9 0 0
4 0 0
4.1 0 0
4.2 0 0
4.3 0 0
4.4 0 0
4.5 0 0
4.6 0 0
4.7 0 0
4.8 0 0
4.9 0 0
5 0 0
5.1 0 0
5.2 0 0
5.3 0 0
5.4 0 0
5.5 0 0
5.6 0 0
5.7 0 0
5.8 0 0
5.9 0 0
6 0 0
6.1 0 0
6.2 0 0
6.3 0 0
6.4 0 0
6.5 0 0
6.6 0 0
6.7 0 0
6.8 0 0
6.9 0 0
7 0 0
7.1 0 0
7.2 0 0
7.3 0 0
7.4 0 0
7.5 0 0
7.6 0 0
7.7 0 0
7.8 0 0
7.9 0 0
8 0 0
8.1 0 0
8.2 0 0
8.3 0 0
8.4 0 0
8.5 0 0
8.6 0 0
8.7 0 0
8.8 0 0
8.9 0 0
9 0 0
9.1 0 0
9.2 0 0
9.3 0 0
9.4 0 0
9.5 0 0
9.6 0 0
9.7 0 0
9.8 0 0
9.9 0 0
10 0 0
10.1 0 0
10.2 0 0
10.3 0 0
10.4 0 0
10.5 0 0
10.6 0 0
10.7 0 0
10.8 0 0
10.9 0 0
11 0 0
11.1 0 0
11.2 0 0
11.3 0 0
11.4 0 0
11.5 0 0
11.6 0 0
11.7 0 0
11.8 0 0
11.9 0 0
12 0 0
12.1 0 0
12.2 0 0
