-15.4 6.59163
-15.3 7.06197
-15.2 7.32023
-15.1 7.51511
-15 7.6919
-14.9 7.84783
-14.8 7.94991
-14.7 8.05614
-14.6 8.15851
-14.5 8.23738
-14.4 8.31365
-14.3 8.398
-14.2 8.46684
-14.1 8.56129
-14 8.59113
-13.9 8.65679
-13.8 8.72251
-13.7 8.79447
-13.6 8.8624
-13.5 8.9027
-13.4 8.93978
-13.3 8.98407
-13.2 9.06573
-13.1 9.1073
-13 9.13633
-12.9 9.17937
-12.8 9.23378
-12.7 9.29059
-12.6 9.31015
-12.5 9.34669
-12.4 9.40662
-12.3 9.43274
-12.2 9.47103
-12.1 9.48936
-12 9.57092
-11.9 9.60935
-11.8 9.63266
-11.7 9.6511
-11.6 9.69477
-11.5 9.716
-11.4 9.77338
-11.3 9.78692
-11.2 9.84743
-11.1 9.89356
-11 9.92534
-10.9 9.95117
-10.8 10.0206
-10.7 10.0202
-10.6 10.0568
-10.5 10.101
-10.4 10.1066
-10.3 10.1438
-10.2 10.1834
-10.1 10.2144
-10 10.2508
-9.9 10.2866
-9.8 10.3165
-9.7 10.3451
-9.6 10.3735
-9.5 10.4159
-9.4 10.3897
-9.3 10.4499
-9.2 10.4946
-9.1 10.5146
-9 10.5729
-8.9 10.5981
-8.8 10.6068
-8.7 10.6632
-8.6 10.688
-8.5 10.7137
-8.4 10.7437
-8.3 10.7649
-8.2 10.7836
-8.1 10.8384
-8 10.8608
-7.9 10.8817
-7.8 10.9347
-7.7 10.9497
-7.6 10.9952
-7.5 11.0221
-7.4 11.0481
-7.3 11.0956
-7.2 11.1192
-7.1 11.1756
-7 11.2326
-6.9 11.2748
-6.8 11.3008
-6.7 11.3399
-6.6 11.3729
-6.5 11.4404
-6.4 11.5083
-6.3 11.5347
-6.2 11.5686
-6.1 11.6188
-6 11.6865
-5.9 11.7268
-5.8 11.7948
-5.7 11.8401
-5.6 11.9071
-5.5 11.968
-5.4 12.0041
-5.3 12.0868
-5.2 12.1436
-5.1 12.1797
-5 12.2659
-4.9 12.3339
-4.8 12.3857
-4.7 12.4531
-4.6 12.5204
-4.5 12.589
-4.4 12.6705
-4.3 12.7504
-4.2 12.8193
-4.1 12.8907
-4 12.9751
-3.9 13.0584
-3.8 13.1466
-3.7 13.2486
-3.6 13.3614
-3.5 13.4658
-3.4 13.5579
-3.3 13.6624
-3.2 13.789
-3.1 13.9038
-3 14.0446
-2.9 14.1901
-2.8 14.3295
-2.7 14.4771
-2.6 14.6347
-2.5 14.808
-2.4 15.0024
-2.3 15.1909
-2.2 15.3847
-2.1 15.6093
-2 15.8555
-1.9 16.1331
-1.8 16.4364
-1.7 16.7617
-1.6 17.158
-1.5 17.5767
-1.4 18.0783
-1.3 18.6642
-1.2 19.3507
-1.1 20.1698
-1 21.135
-0.9 22.3488
-0.8 23.9225
-0.7 26.0864
-0.6 29.2222
-0.5 34.0253
-0.4 41.3429
-0.3 52.2301
-0.2 63.6957
-0.1 79.8632
0 95.1068
0.1 109.285
0.2 122.392
0.3 132.765
0.4 141.557
0.5 147.755
0.6 147.74
0.7 129.226
0.8 93.6469
0.9 74.9883
1 74.275
1.1 72.9739
1.2 72.8315
1.3 72.7258
1.4 73.2543
1.5 72.4627
1.6 72.8584
1.7 71.5547
1.8 72.6095
1.9 70.1967
2 72.0897
2.1 72.707
2.2 70.4039
2.3 71.4504
2.4 71.3144
2.5 72.0474
2.6 70.8198
2.7 71.0629
2.8 70.4809
2.9 71.1454
3 70.7677
3.1 70.3718
3.2 70.225
3.3 69.8383
3.4 69.7392
3.5 70.7216
3.6 72.0361
3.7 70.6321
3.8 70.0193
3.9 69.111
4 70.1962
4.1 70.0549
4.2 69.5001
4.3 70.4087
4.4 70.5871
4.5 71.4208
4.6 70.1264
4.7 68.2293
4.8 69.2876
4.9 69.4824
5 69.6684
5.1 69.9343
5.2 70.669
5.3 69.7603
5.4 69.9494
5.5 68.8694
5.6 67.8814
5.7 68.622
5.8 68.7528
5.9 68.1617
6 68.2896
6.1 70.1182
6.2 68.1521
6.3 67.0309
6.4 66.9861
6.5 66.811
6.6 68.5684
6.7 67.6868
6.8 66.7932
6.9 68.5773
7 67.3742
7.1 67.9415
7.2 67.1254
7.3 66.3287
7.4 68.2268
7.5 66.5291
7.6 65.9008
7.7 69.8214
7.8 66.7555
7.9 66.2531
8 66.471
8.1 68.5419
8.2 68.428
8.3 66.0136
8.4 66.8412
8.5 66.6468
8.6 66.2411
8.7 66.7201
8.8 67.9115
8.9 64.9398
9 65.0978
9.1 64.7798
9.2 66.391
9.3 66.2794
9.4 64.9284
9.5 64.5743
9.6 65.1089
9.7 65.7422
9.8 67.3629
9.9 65.6966
10 63.4809
10.1 64.5255
10.2 63.7574
10.3 64.8321
10.4 64.399
10.5 67.636
10.6 67.5554
10.7 64.8541
10.8 64.9001
10.9 64.1837
11 65.7227
11.1 64.2472
11.2 61.2476
11.3 64.6975
11.4 66.5397
11.5 63.6451
11.6 66.0738
11.7 63.4658
11.8 65.0647
11.9 64.7162
12 65.2089
12.1 62.1475
12.2 63.3685
