-15.4 5.58694 0.00221597
-15.3 5.62776 0.00246347
-15.2 5.66572 0.00253747
-15.1 5.71014 0.00225201
-15 5.7326 0.00225816
-14.9 5.7739 0.00278886
-14.8 5.80525 0.002369
-14.7 5.81727 0.00228012
-14.6 5.86617 0.00238993
-14.5 5.8786 0.00247818
-14.4 5.90728 0.00223434
-14.3 5.93899 0.00217564
-14.2 5.94319 0.00233289
-14.1 5.99489 0.00253188
-14 6.00482 0.00259045
-13.9 6.03282 0.00269992
-13.8 6.06448 0.00260274
-13.7 6.06818 0.00274784
-13.6 6.11605 0.00271143
-13.5 6.12344 0.00280501
-13.4 6.15785 0.002889
-13.3 6.17975 0.00265343
-13.2 6.20142 0.00247728
-13.1 6.23517 0.00220377
-13 6.24843 0.00276154
-12.9 6.2827 0.00272444
-12.8 6.29706 0.00248233
-12.7 6.3292 0.00237877
-12.6 6.35083 0.00295729
-12.5 6.37621 0.00251862
-12.4 6.40568 0.00271251
-12.3 6.42237 0.00253389
-12.2 6.45666 0.00264536
-12.1 6.47348 0.00284754
-12 6.51193 0.00295263
-11.9 6.52331 0.00267581
-11.8 6.55776 0.0026021
-11.7 6.57429 0.00241259
-11.6 6.6087 0.00289992
-11.5 6.62782 0.00292405
-11.4 6.65921 0.00270711
-11.3 6.67408 0.00265128
-11.2 6.71155 0.00282352
-11.1 6.73255 0.00274035
-11 6.76453 0.00279313
-10.9 6.78874 0.00263987
-10.8 6.82027 0.00280562
-10.7 6.84473 0.00280597
-10.6 6.87362 0.00281062
-10.5 6.89205 0.00280806
-10.4 6.93722 0.00253799
-10.3 6.95085 0.00261001
-10.2 6.9809 0.00283749
-10.1 6.99862 0.0028335
-10 7.03841 0.00273472
-9.9 7.06369 0.00277993
-9.8 7.09436 0.00283993
-9.7 7.13154 0.00268143
-9.6 7.15407 0.00284158
-9.5 7.19264 0.00305695
-9.4 7.21008 0.00298369
-9.3 7.24179 0.00313854
-9.2 7.27524 0.00278455
-9.1 7.29395 0.00268251
-9 7.33587 0.00264556
-8.9 7.3606 0.00283192
-8.8 7.39538 0.00285932
-8.7 7.43355 0.00269303
-8.6 7.4561 0.00281812
-8.5 7.49094 0.00243294
-8.4 7.52495 0.00257634
-8.3 7.55334 0.00295044
-8.2 7.58915 0.00276831
-8.1 7.62799 0.00291749
-8 7.6593 0.00325376
-7.9 7.68892 0.00275028
-7.8 7.72436 0.00308834
-7.7 7.76025 0.00297549
-7.6 7.796 0.00286274
-7.5 7.83774 0.00283352
-7.4 7.87789 0.00266211
-7.3 7.91667 0.00310767
-7.2 7.96577 0.00287973
-7.1 8.01129 0.00308737
-7 8.05253 0.00324835
-6.9 8.09661 0.00343577
-6.8 8.14624 0.00310951
-6.7 8.19769 0.0027671
-6.6 8.24794 0.00325372
-6.5 8.29782 0.00295234
-6.4 8.34987 0.00311467
-6.3 8.40287 0.00289567
-6.2 8.45458 0.00285593
-6.1 8.50969 0.00275128
-6 8.57135 0.00303949
-5.9 8.62577 0.00331976
-5.8 8.68714 0.00330955
-5.7 8.74941 0.00276738
-5.6 8.80566 0.00293809
-5.5 8.87211 0.00260701
-5.4 8.9403 0.00325516
-5.3 9.008 0.0032525
-5.2 9.07971 0.003775
-5.1 9.14077 0.00327116
-5 9.21367 0.00337814
-4.9 9.29001 0.00351885
-4.8 9.36856 0.0033171
-4.7 9.453 0.00303744
-4.6 9.53948 0.00307388
-4.5 9.62049 0.00366426
-4.4 9.7015 0.00333019
-4.3 9.79567 0.00344665
-4.2 9.89164 0.00276548
-4.1 9.98683 0.00366283
-4 10.0868 0.00309268
-3.9 10.1854 0.0034567
-3.8 10.2914 0.00275793
-3.7 10.4127 0.00367753
-3.6 10.5281 0.00327684
-3.5 10.6502 0.00313936
-3.4 10.7771 0.00303166
-3.3 10.9071 0.00293546
-3.2 11.05 0.00347763
-3.1 11.1993 0.00282555
-3 11.3509 0.00340706
-2.9 11.5141 0.00332528
-2.8 11.6795 0.00321368
-2.7 11.8551 0.00305059
-2.6 12.0479 0.00317288
-2.5 12.2418 0.00335916
-2.4 12.4638 0.00335668
-2.3 12.6867 0.00317638
-2.2 12.9261 0.00313043
-2.1 13.1869 0.00356839
-2 13.468 0.00297578
-1.9 13.7719 0.00371904
-1.8 14.1036 0.00354211
-1.7 14.4517 0.00341111
-1.6 14.8451 0.00319693
-1.5 15.2799 0.00340612
-1.4 15.7588 0.003481
-1.3 16.3024 0.00371047
-1.2 16.9221 0.00341542
-1.1 17.6196 0.0040093
-1 18.4203 0.00345444
-0.9 19.3572 0.00357411
-0.8 20.4969 0.00400498
-0.7 21.9188 0.00437949
-0.6 23.7451 0.00544511
-0.5 26.1784 0.00589967
-0.4 29.4631 0.00672234
-0.3 33.9143 0.00839778
-0.2 39.2762 0.0106756
-0.1 46.5371 0.0132379
0 54.1862 0.0166972
0.1 61.8536 0.0252853
0.2 69.3847 0.036819
0.3 75.7069 0.05893
0.4 80.6505 0.107121
0.5 82.5995 0.228404
0.6 74.8632 0.477234
0.7 55.1907 0.712074
0.8 41.6644 0.826628
0.9 36.9473 0.711165
1 38.6925 0.884319
1.1 37.4878 0.828276
1.2 37.2367 0.842503
1.3 37.254 0.809685
1.4 37.4714 0.823702
1.5 36.9112 0.795662
1.6 36.948 0.808042
1.7 39.4932 1.13153
1.8 38.2393 1.00158
1.9 37.0617 0.87739
2 38.6733 0.926092
2.1 37.2234 0.828603
2.2 36.1119 0.855897
2.3 37.8256 1.07717
2.4 37.7506 0.845967
2.5 38.3055 1.04028
2.6 37.354 0.961808
2.7 36.2877 0.875237
2.8 35.6953 0.827279
2.9 36.8776 0.898848
3 36.9112 0.976758
3.1 36.7201 0.826422
3.2 36.9125 1.02099
3.3 36.6034 1.05096
3.4 35.3159 0.756433
3.5 36.4745 0.87617
3.6 36.0255 0.908974
3.7 37.7586 0.950385
3.8 35.7115 0.873017
3.9 36.0204 0.879981
4 37.5924 0.99295
4.1 36.1377 1.02034
4.2 37.1154 1.00689
4.3 35.8655 0.90136
4.4 36.6918 1.08254
4.5 36.5897 1.1038
4.6 37.5924 1.16566
4.7 37.2244 1.0831
4.8 35.9298 1.02922
4.9 35.8377 1.05365
5 36.9297 1.1798
5.1 35.9427 1.02013
5.2 36.9354 1.05232
5.3 38.8663 1.1234
5.4 36.8589 1.02637
5.5 37.4725 1.13661
5.6 36.5442 1.12425
5.7 36.2566 1.1932
5.8 35.2279 1.02766
5.9 35.0372 1.0934
6 34.4976 0.898483
6.1 35.3622 1.09767
6.2 35.3109 1.14081
6.3 35.1129 1.0654
6.4 34.4747 0.987427
6.5 34.109 1.06873
6.6 35.3745 1.01834
6.7 33.924 0.927185
6.8 34.9163 1.06082
6.9 34.8621 1.12889
7 34.2298 1.08233
7.1 35.9917 1.06397
7.2 33.6111 0.996518
7.3 35.3596 1.1432
7.4 34.9426 1.37076
7.5 34.1031 1.20365
7.6 33.3296 0.997614
7.7 34.6739 1.15238
7.8 34.5771 0.974929
7.9 35.1436 1.19648
8 33.2681 0.962005
8.1 34.8968 1.25831
8.2 33.2328 0.995898
8.3 35.1847 1.1545
8.4 34.3963 1.15037
8.5 34.0751 1.1249
8.6 33.5731 1.04132
8.7 32.9196 0.952584
8.8 35.5964 1.42999
8.9 34.6691 1.42705
9 33.479 1.17926
9.1 33.3018 1.03191
9.2 33.4377 1.01064
9.3 33.1388 1.15296
9.4 33.699 1.14439
9.5 33.6682 1.0958
9.6 34.8147 1.1181
9.7 34.278 1.08507
9.8 34.2762 1.12081
9.9 31.7692 1.1145
10 32.1869 1.12017
10.1 33.2908 1.06456
10.2 33.0712 1.03258
10.3 33.0903 1.17425
10.4 34.4089 1.30363
10.5 34.5163 1.42636
10.6 35.0067 1.35029
10.7 34.8952 1.23273
10.8 34.2391 1.0929
10.9 33.2117 0.977603
11 34.7644 1.41509
11.1 32.5039 1.04292
11.2 32.1917 1.13265
11.3 34.2447 1.41028
11.4 34.1482 1.36205
11.5 32.7527 1.21733
11.6 32.7964 1.15323
11.7 32.1326 1.09032
11.8 31.5984 1.2798
11.9 32.1006 1.19501
12 33.1375 1.11309
12.1 33.6534 1.56752
12.2 31.5911 1.16922
