-15.4 5.67735 0.002312
-15.3 5.71947 0.00256163
-15.2 5.75689 0.00264186
-15.1 5.7988 0.0023424
-15 5.82203 0.0023425
-14.9 5.86126 0.00290066
-14.8 5.89183 0.00246104
-14.7 5.90387 0.00236981
-14.6 5.9497 0.0024838
-14.5 5.9624 0.00257711
-14.4 5.98972 0.00231998
-14.3 6.01981 0.00226536
-14.2 6.02401 0.00242837
-14.1 6.07317 0.00264209
-14 6.08292 0.00269752
-13.9 6.10977 0.00280754
-13.8 6.13983 0.00270776
-13.7 6.14327 0.00285838
-13.6 6.18879 0.0028236
-13.5 6.19605 0.00291296
-13.4 6.22894 0.00300943
-13.3 6.24976 0.00275991
-13.2 6.27103 0.00257922
-13.1 6.30265 0.00229
-13 6.31618 0.00286991
-12.9 6.34811 0.00282654
-12.8 6.36238 0.00258045
-12.7 6.39312 0.00247796
-12.6 6.41404 0.00307494
-12.5 6.43868 0.00262316
-12.4 6.46696 0.0028217
-12.3 6.48329 0.00262572
-12.2 6.51619 0.00274587
-12.1 6.53293 0.00296458
-12 6.57019 0.00307394
-11.9 6.58123 0.00278484
-11.8 6.61474 0.00271032
-11.7 6.63106 0.00251116
-11.6 6.66474 0.00302064
-11.5 6.68368 0.00304339
-11.4 6.71447 0.00281602
-11.3 6.72891 0.0027551
-11.2 6.76626 0.00292883
-11.1 6.78718 0.00285362
-11 6.81897 0.00290633
-10.9 6.84334 0.00275065
-10.8 6.87498 0.00292199
-10.7 6.89963 0.00291563
-10.6 6.92873 0.00293089
-10.5 6.94741 0.0029215
-10.4 6.99324 0.00264301
-10.3 7.00732 0.00271896
-10.2 7.03783 0.00295831
-10.1 7.05611 0.00294475
-10 7.09714 0.00285397
-9.9 7.12348 0.00289957
-9.8 7.15525 0.0029558
-9.7 7.19415 0.00279062
-9.6 7.21782 0.00295772
-9.5 7.25856 0.00317392
-9.4 7.27719 0.00309994
-9.3 7.31081 0.00327024
-9.2 7.3468 0.00289868
-9.1 7.36702 0.00279065
-9 7.41218 0.00275278
-8.9 7.43927 0.0029472
-8.8 7.47692 0.00297201
-8.7 7.51897 0.00280465
-8.6 7.54422 0.00294087
-8.5 7.58285 0.00253058
-8.4 7.62106 0.00267764
-8.3 7.65323 0.00306782
-8.2 7.69358 0.00288332
-8.1 7.73757 0.00303769
-8 7.77358 0.00338561
-7.9 7.80807 0.00285979
-7.8 7.84901 0.00320593
-7.7 7.88967 0.0030991
-7.6 7.92922 0.00298813
-7.5 7.97467 0.00294917
-7.4 8.01592 0.00277806
-7.3 8.05585 0.00322711
-7.2 8.10516 0.00299421
-7.1 8.1509 0.0032101
-7 8.19223 0.0033766
-6.9 8.23682 0.00357218
-6.8 8.28743 0.00323005
-6.7 8.34019 0.00287145
-6.6 8.39186 0.00338675
-6.5 8.4434 0.00307857
-6.4 8.49722 0.00324026
-6.3 8.55186 0.00301325
-6.2 8.60483 0.00297681
-6.1 8.6612 0.00286627
-6 8.72409 0.00315316
-5.9 8.77922 0.00346645
-5.8 8.8417 0.00344455
-5.7 8.9052 0.00288079
-5.6 8.96239 0.00305576
-5.5 9.03052 0.00271071
-5.4 9.10059 0.00339326
-5.3 9.17015 0.00338203
-5.2 9.24414 0.00393539
-5.1 9.3067 0.0034037
-5 9.38136 0.00351959
-4.9 9.45924 0.00365725
-4.8 9.5393 0.00345158
-4.7 9.6255 0.00316236
-4.6 9.71384 0.0031995
-4.5 9.79669 0.00381559
-4.4 9.87962 0.0034711
-4.3 9.97659 0.00359481
-4.2 10.0756 0.00288352
-4.1 10.1736 0.00381731
-4 10.2762 0.00322076
-3.9 10.3767 0.00360169
-3.8 10.4842 0.0028779
-3.7 10.6072 0.00382429
-3.6 10.7236 0.00342161
-3.5 10.8471 0.00326965
-3.4 10.9758 0.00316052
-3.3 11.108 0.00305479
-3.2 11.2539 0.00361734
-3.1 11.4062 0.00294652
-3 11.5601 0.00354355
-2.9 11.7255 0.00346594
-2.8 11.8925 0.00335267
-2.7 12.07 0.00317705
-2.6 12.2654 0.00330288
-2.5 12.4626 0.0034968
-2.4 12.6896 0.00350144
-2.3 12.9176 0.00331123
-2.2 13.1623 0.00326132
-2.1 13.4276 0.00372755
-2 13.7126 0.00310089
-1.9 14.0205 0.00387637
-1.8 14.3576 0.00370507
-1.7 14.7122 0.00355995
-1.6 15.1143 0.00333647
-1.5 15.5582 0.00355676
-1.4 16.0456 0.0036273
-1.3 16.5979 0.0038646
-1.2 17.2288 0.00356698
-1.1 17.9428 0.0041883
-1 18.7682 0.00360604
-0.9 19.7387 0.00372667
-0.8 20.9204 0.0041772
-0.7 22.3914 0.00456889
-0.6 24.2751 0.00567287
-0.5 26.7812 0.0061397
-0.4 30.1704 0.00701982
-0.3 34.7827 0.00879266
-0.2 45.9576 0.0125916
-0.1 54.5137 0.0156333
0 63.5434 0.0197519
0.1 72.6109 0.0299356
0.2 81.5336 0.0436401
0.3 78.6877 0.0622841
0.4 83.9265 0.113439
0.5 86.0173 0.240991
0.6 77.9116 0.501399
0.7 57.2093 0.746024
0.8 42.9708 0.867288
0.9 37.9901 0.74023
1 39.8223 0.925643
1.1 38.5583 0.863976
1.2 38.2963 0.876758
1.3 38.3269 0.847288
1.4 38.5522 0.865109
1.5 37.9718 0.830223
1.6 37.9843 0.845321
1.7 40.6322 1.18044
1.8 39.3818 1.04917
1.9 38.0961 0.915449
2 39.8126 0.967168
2.1 38.2797 0.867879
2.2 37.1108 0.892667
2.3 38.9326 1.12975
2.4 38.8444 0.882993
2.5 39.4206 1.0889
2.6 38.431 1.00709
2.7 37.3285 0.917883
2.8 36.6743 0.862448
2.9 37.9475 0.940599
3 37.9885 1.02661
3.1 37.771 0.866955
3.2 38.001 1.06461
3.3 37.6257 1.10059
3.4 36.2886 0.791278
3.5 37.5175 0.918791
3.6 37.027 0.946692
3.7 38.8339 0.991903
3.8 36.6774 0.914235
3.9 37.0203 0.917784
4 38.6977 1.03904
4.1 37.1335 1.06681
4.2 38.1991 1.05029
4.3 36.8424 0.945749
4.4 37.7205 1.135
4.5 37.6081 1.15388
4.6 38.6942 1.21967
4.7 38.2735 1.13305
4.8 36.9677 1.07616
4.9 36.8317 1.1023
5 38.0011 1.2357
5.1 36.9894 1.06465
5.2 38.0186 1.1039
5.3 39.9704 1.17215
5.4 37.913 1.07571
5.5 38.5383 1.19132
5.6 37.6356 1.18225
5.7 37.2787 1.24974
5.8 36.222 1.07424
5.9 36.0546 1.14467
6 35.4704 0.938395
6.1 36.3476 1.14827
6.2 36.3144 1.19334
6.3 36.1349 1.11623
6.4 35.4666 1.03857
6.5 35.0461 1.11836
6.6 36.4023 1.0674
6.7 34.8692 0.968589
6.8 35.9009 1.10843
6.9 35.8683 1.18364
7 35.1758 1.12734
7.1 37.0062 1.11407
7.2 34.5343 1.04189
7.3 41.6202 1.35125
7.4 41.0715 1.61456
7.5 40.116 1.4208
7.6 39.2045 1.18037
7.7 40.7541 1.35878
7.8 40.6747 1.14925
7.9 41.3029 1.41732
8 39.1287 1.13635
8.1 41.0347 1.48742
8.2 39.0824 1.17422
8.3 41.3813 1.36414
8.4 40.4922 1.35933
8.5 40.1225 1.33624
8.6 39.5418 1.23089
8.7 38.73 1.12492
8.8 41.8934 1.69258
8.9 40.8039 1.68858
9 39.3751 1.39543
9.1 39.178 1.2175
9.2 39.323 1.19441
9.3 38.9972 1.36713
9.4 39.6878 1.35616
9.5 39.6134 1.29375
9.6 40.9501 1.31661
9.7 40.3069 1.27937
9.8 40.3643 1.32503
9.9 37.3801 1.3162
10 37.8592 1.3251
10.1 39.2026 1.25953
10.2 38.9502 1.22352
10.3 38.9289 1.38639
10.4 40.4652 1.53558
10.5 40.6391 1.69387
10.6 41.1687 1.6005
10.7 41.0408 1.45687
10.8 40.2831 1.28947
10.9 39.0689 1.15346
11 40.934 1.68523
11.1 38.2499 1.23055
11.2 37.8818 1.33749
11.3 40.3077 1.66653
11.4 40.1577 1.60577
11.5 38.4973 1.43929
11.6 38.6145 1.36543
11.7 37.8155 1.28765
11.8 37.1531 1.51719
11.9 37.776 1.41019
12 38.9345 1.31923
12.1 39.6088 1.85244
12.2 37.1717 1.38408
