-15.4 5.44791 3.86585e-06
-15.3 5.44795 3.90213e-06
-15.2 5.46065 4.12495e-06
-15.1 5.49082 4.1261e-06
-15 5.49089 4.14366e-06
-14.9 5.51817 4.54931e-06
-14.8 5.53373 4.32186e-06
-14.7 5.53558 4.64983e-06
-14.6 5.57604 4.61392e-06
-14.5 5.57686 4.45473e-06
-14.4 5.5966 5.25233e-06
-14.3 5.62018 4.63285e-06
-14.2 5.62114 4.88255e-06
-14.1 5.65997 5.46824e-06
-14 5.66396 4.85776e-06
-13.9 5.68363 5.97143e-06
-13.8 5.70784 4.95744e-06
-13.7 5.71098 5.72112e-06
-13.6 5.74939 5.7131e-06
-13.5 5.75226 5.18466e-06
-13.4 5.77914 6.64148e-06
-13.3 5.7966 5.2349e-06
-13.2 5.8084 6.82491e-06
-13.1 5.84075 5.5512e-06
-13 5.84419 6.208e-06
-12.9 5.88041 6.64539e-06
-12.8 5.88678 5.70919e-06
-12.7 5.91535 7.53695e-06
-12.6 5.93146 5.74647e-06
-12.5 5.95051 7.76073e-06
-12.4 5.97633 5.94821e-06
-12.3 5.98833 7.72327e-06
-12.2 6.02029 6.5352e-06
-12.1 6.02926 7.53847e-06
-12 6.06307 7.24395e-06
-11.9 6.07251 7.37711e-06
-11.8 6.10548 7.82135e-06
-11.7 6.11715 7.26301e-06
-11.6 6.14842 8.24363e-06
-11.5 6.16261 7.309e-06
-11.4 6.19242 8.58298e-06
-11.3 6.20865 7.33215e-06
-11.2 6.23765 8.69399e-06
-11.1 6.25525 7.5806e-06
-11 6.28409 8.86201e-06
-10.9 6.30251 8.07873e-06
-10.8 6.33161 9.10772e-06
-10.7 6.35063 8.57295e-06
-10.6 6.37927 9.28212e-06
-10.5 6.39458 9.02477e-06
-10.4 6.43779 9.29219e-06
-10.3 6.44481 9.71723e-06
-10.2 6.48421 9.56453e-06
-10.1 6.4997 1.02326e-05
-10 6.53071 9.71391e-06
-9.9 6.55606 1.06461e-05
-9.8 6.57746 9.75478e-06
-9.7 6.61367 1.0796e-05
-9.6 6.62841 1.07775e-05
-9.5 6.66859 1.02286e-05
-9.4 6.68741 1.14396e-05
-9.3 6.71725 9.99603e-06
-9.2 6.74884 1.15884e-05
-9.1 6.76948 1.11657e-05
-9 6.80676 1.06389e-05
-8.9 6.83086 1.21061e-05
-8.8 6.85923 1.10469e-05
-8.7 6.89371 1.18493e-05
-8.6 6.91851 1.24406e-05
-8.5 6.95069 1.16697e-05
-8.4 6.98308 1.25525e-05
-8.3 7.01067 1.29403e-05
-8.2 7.04351 1.22372e-05
-8.1 7.07611 1.27995e-05
-8 7.10621 1.33777e-05
-7.9 7.13927 1.31658e-05
-7.8 7.17326 1.35277e-05
-7.7 7.2067 1.44372e-05
-7.6 7.24251 1.53386e-05
-7.5 7.2802 1.62785e-05
-7.4 7.32069 1.71726e-05
-7.3 7.36159 1.80413e-05
-7.2 7.40501 1.8509e-05
-7.1 7.44922 1.87966e-05
-7 7.49412 1.93181e-05
-6.9 7.53963 1.96163e-05
-6.8 7.58591 2.02233e-05
-6.7 7.63298 2.08055e-05
-6.6 7.68084 2.1136e-05
-6.5 7.72961 2.15726e-05
-6.4 7.77943 2.21312e-05
-6.3 7.8305 2.26629e-05
-6.2 7.88307 2.33795e-05
-6.1 7.93713 2.42347e-05
-6 7.9928 2.51175e-05
-5.9 8.04997 2.59791e-05
-5.8 8.10855 2.66044e-05
-5.7 8.16853 2.74059e-05
-5.6 8.22991 2.80644e-05
-5.5 8.29276 2.90678e-05
-5.4 8.35714 3.02402e-05
-5.3 8.42318 3.10284e-05
-5.2 8.49104 3.18799e-05
-5.1 8.561 3.27918e-05
-5 8.63321 3.39964e-05
-4.9 8.70787 3.49675e-05
-4.8 8.78497 3.64028e-05
-4.7 8.86453 3.79328e-05
-4.6 8.94652 3.95369e-05
-4.5 9.03095 4.08111e-05
-4.4 9.11791 4.31335e-05
-4.3 9.2076 4.49117e-05
-4.2 9.30027 4.69686e-05
-4.1 9.39636 4.82021e-05
-4 9.49635 5.08478e-05
-3.9 9.60071 5.26936e-05
-3.8 9.70975 5.52355e-05
-3.7 9.82357 5.65698e-05
-3.6 9.94219 5.90331e-05
-3.5 10.0656 6.2373e-05
-3.4 10.1941 6.5707e-05
-3.3 10.3279 6.88997e-05
-3.2 10.4676 7.27445e-05
-3.1 10.6141 7.65336e-05
-3 10.7682 8.25885e-05
-2.9 10.9308 9.08191e-05
-2.8 11.1024 9.61708e-05
-2.7 11.2836 0.00010051
-2.6 11.4746 0.000109442
-2.5 11.6761 0.000118714
-2.4 11.8895 0.00012996
-2.3 12.1166 0.000139014
-2.2 12.3597 0.000156631
-2.1 12.6215 0.000172611
-2 12.904 0.000187781
-1.9 13.2098 0.000207836
-1.8 13.5413 0.000239889
-1.7 13.9016 0.00029468
-1.6 14.2961 0.000335206
-1.5 14.7324 0.000366874
-1.4 15.2193 0.00042705
-1.3 15.7666 0.00048952
-1.2 16.3857 0.000595518
-1.1 17.0906 0.000746514
-1 17.9028 0.000850888
-0.9 18.8577 0.000926407
-0.8 20.0077 0.00109834
-0.7 21.4396 0.00134737
-0.6 23.2856 0.00179868
-0.5 25.7394 0.00205961
-0.4 29.0444 0.00267446
-0.3 33.5206 0.00386457
-0.2 38.8638 0.00453231
-0.1 46.0971 0.00613423
0 53.7099 0.00791473
0.1 61.402 0.0110482
0.2 68.9777 0.015104
0.3 75.635 0.0258084
0.4 81.4852 0.0470249
0.5 87.1358 0.0895245
0.6 92.6198 0.17708
0.7 98.6268 0.435591
0.8 106.844 1.51392
0.9 98.5274 6.15182
1 19.0363 3.88232
1.1 5.26852 2.34997
1.2 0 0
1.3 0 0
1.4 0 0
1.5 0 0
1.6 0 0
1.7 0 0
1.8 0 0
1.9 0 0
2 0 0
2.1 0 0
2.2 0 0
2.3 0 0
2.4 0 0
2.5 0 0
2.6 0 0
2.7 0 0
2.8 0 0
2.9 0 0
3 0 0
3.1 0 0
3.2 0 0
3.3 0 0
3.4 0 0
3.5 0 0
3.6 0 0
3.7 0 0
3.8 0 0
3.9 0 0
4 0 0
4.1 0 0
4.2 0 0
4.3 0 0
4.4 0 0
4.5 0 0
4.6 0 0
4.7 0 0
4.8 0 0
4.9 0 0
5 0 0
5.1 0 0
5.2 0 0
5.3 0 0
5.4 0 0
5.5 0 0
5.6 0 0
5.7 0 0
5.8 0 0
5.9 0 0
6 0 0
6.1 0 0
6.2 0 0
6.3 0 0
6.4 0 0
6.5 0 0
6.6 0 0
6.7 0 0
6.8 0 0
6.9 0 0
7 0 0
7.1 0 0
7.2 0 0
7.3 0 0
7.4 0 0
7.5 0 0
7.6 0 0
7.7 0 0
7.8 0 0
7.9 0 0
8 0 0
8.1 0 0
8.2 0 0
8.3 0 0
8.4 0 0
8.5 0 0
8.6 0 0
8.7 0 0
8.8 0 0
8.9 0 0
9 0 0
9.1 0 0
9.2 0 0
9.3 0 0
9.4 0 0
9.5 0 0
9.6 0 0
9.7 0 0
9.8 0 0
9.9 0 0
10 0 0
10.1 0 0
10.2 0 0
10.3 0 0
10.4 0 0
10.5 0 0
10.6 0 0
10.7 0 0
10.8 0 0
10.9 0 0
11 0 0
11.1 0 0
11.2 0 0
11.3 0 0
11.4 0 0
11.5 0 0
11.6 0 0
11.7 0 0
11.8 0 0
11.9 0 0
12 0 0
12.1 0 0
12.2 0 0
