-15.4 5.49071 0.000664551
-15.3 5.49106 0.000645675
-15.2 5.50428 0.000713176
-15.1 5.53389 0.000705429
-15 5.53329 0.000712467
-14.9 5.56184 0.00062873
-14.8 5.57723 0.000707059
-14.7 5.57989 0.000709677
-14.6 5.62053 0.000699674
-14.5 5.62169 0.000689858
-14.4 5.64062 0.000729281
-14.3 5.66435 0.000664837
-14.2 5.66709 0.000667603
-14.1 5.70441 0.000669305
-14 5.70836 0.000691879
-13.9 5.7289 0.00062948
-13.8 5.75417 0.000652434
-13.7 5.75694 0.000683862
-13.6 5.79478 0.000645569
-13.5 5.79888 0.000696285
-13.4 5.82518 0.000651337
-13.3 5.84445 0.000698857
-13.2 5.85757 0.000723782
-13.1 5.88906 0.000710489
-13 5.89025 0.000706855
-12.9 5.92945 0.000656721
-12.8 5.93559 0.000676088
-12.7 5.96474 0.000738486
-12.6 5.98178 0.000689007
-12.5 5.99984 0.000710717
-12.4 6.02688 0.000664817
-12.3 6.03818 0.000729713
-12.2 6.07041 0.000754078
-12.1 6.08054 0.000787937
-12 6.11356 0.000750364
-11.9 6.12304 0.000738787
-11.8 6.15778 0.000690998
-11.7 6.17047 0.000728148
-11.6 6.20062 0.000712659
-11.5 6.21478 0.000752743
-11.4 6.24584 0.000670127
-11.3 6.26177 0.000778291
-11.2 6.29154 0.000731694
-11.1 6.31039 0.00078659
-11 6.33907 0.000727343
-10.9 6.35887 0.000739341
-10.8 6.38783 0.00074002
-10.7 6.40508 0.000675145
-10.6 6.4361 0.000723579
-10.5 6.45215 0.000791043
-10.4 6.49657 0.000806303
-10.3 6.50241 0.000769081
-10.2 6.54192 0.000761369
-10.1 6.55776 0.000801079
-10 6.59006 0.00078431
-9.9 6.61533 0.000753001
-9.8 6.63868 0.000820331
-9.7 6.67383 0.000776028
-9.6 6.68998 0.000748736
-9.5 6.72951 0.000719736
-9.4 6.75011 0.000783264
-9.3 6.77722 0.000715851
-9.2 6.81147 0.000799351
-9.1 6.83258 0.000760279
-9 6.87057 0.000770143
-8.9 6.89599 0.00079742
-8.8 6.9233 0.00081187
-8.7 6.96004 0.000846339
-8.6 6.98393 0.000745255
-8.5 7.01668 0.000753648
-8.4 7.05097 0.00077177
-8.3 7.07781 0.000759681
-8.2 7.11253 0.000782313
-8.1 7.1447 0.000865752
-8 7.17624 0.000804186
-7.9 7.21007 0.000837534
-7.8 7.24422 0.000764626
-7.7 7.27804 0.00079394
-7.6 7.31436 0.000807163
-7.5 7.35368 0.000783366
-7.4 7.39385 0.00082431
-7.3 7.43651 0.00081259
-7.2 7.47998 0.000859499
-7.1 7.52334 0.000809301
-7 7.57018 0.000781217
-6.9 7.61634 0.000788776
-6.8 7.66209 0.000794937
-6.7 7.71096 0.000815069
-6.6 7.75949 0.000876625
-6.5 7.81001 0.000824424
-6.4 7.85913 0.000862006
-6.3 7.91209 0.000853626
-6.2 7.96521 0.000801214
-6.1 8.01965 0.00082396
-6 8.07532 0.000890904
-5.9 8.13591 0.000854044
-5.8 8.19389 0.000825702
-5.7 8.25363 0.000873523
-5.6 8.31703 0.000868433
-5.5 8.37751 0.000813694
-5.4 8.4447 0.000868643
-5.3 8.51148 0.000850818
-5.2 8.58219 0.000823934
-5.1 8.65041 0.000761643
-5 8.72448 0.000880991
-4.9 8.79971 0.000856361
-4.8 8.87924 0.000821137
-4.7 8.96005 0.000808571
-4.6 9.04406 0.000889259
-4.5 9.12822 0.000893622
-4.4 9.21588 0.000856303
-4.3 9.30614 0.000814033
-4.2 9.40145 0.000822264
-4.1 9.49768 0.000824525
-4 9.59937 0.000843522
-3.9 9.70502 0.000870923
-3.8 9.81608 0.000863192
-3.7 9.9317 0.000878765
-3.6 10.0514 0.000856963
-3.5 10.1755 0.000801712
-3.4 10.3053 0.000818576
-3.3 10.4395 0.000904593
-3.2 10.5816 0.00080048
-3.1 10.7294 0.000752643
-3 10.8851 0.000841056
-2.9 11.0489 0.000853706
-2.8 11.2238 0.000932384
-2.7 11.4086 0.000806808
-2.6 11.6036 0.000914441
-2.5 11.808 0.000865014
-2.4 12.0291 0.000959292
-2.3 12.2631 0.000996293
-2.2 12.5135 0.00105058
-2.1 12.7865 0.00119409
-2 13.0823 0.00114328
-1.9 13.4061 0.00121177
-1.8 13.7634 0.00152127
-1.7 14.157 0.0018022
-1.6 14.5965 0.00212467
-1.5 15.0919 0.00224801
-1.4 15.6643 0.00264303
-1.3 16.3198 0.003154
-1.2 17.0857 0.0034441
-1.1 17.9978 0.00460621
-1 19.0785 0.00520744
-0.9 20.4225 0.00551983
-0.8 22.1251 0.0063138
-0.7 24.4245 0.007015
-0.6 27.7339 0.0087099
-0.5 32.7025 0.0108953
-0.4 40.2229 0.0130554
-0.3 51.3192 0.0145919
-0.2 62.5347 0.0150028
-0.1 78.6319 0.0167315
0 93.8725 0.020211
0.1 108.1 0.0259875
0.2 121.308 0.0300457
0.3 131.859 0.0499609
0.4 141.3 0.0875487
0.5 149.474 0.144267
0.6 157.611 0.283428
0.7 165.623 0.672742
0.8 174.571 2.12288
0.9 136.643 8.14718
1 24.1182 5.09535
1.1 6.01573 2.83563
1.2 0 0
1.3 0 0
1.4 0 0
1.5 0 0
1.6 0 0
1.7 0 0
1.8 0 0
1.9 0 0
2 0 0
2.1 0 0
2.2 0 0
2.3 0 0
2.4 0 0
2.5 0 0
2.6 0 0
2.7 0 0
2.8 0 0
2.9 0 0
3 0 0
3.1 0 0
3.2 0 0
3.3 0 0
3.4 0 0
3.5 0 0
3.6 0 0
3.7 0 0
3.8 0 0
3.9 0 0
4 0 0
4.1 0 0
4.2 0 0
4.3 0 0
4.4 0 0
4.5 0 0
4.6 0 0
4.7 0 0
4.8 0 0
4.9 0 0
5 0 0
5.1 0 0
5.2 0 0
5.3 0 0
5.4 0 0
5.5 0 0
5.6 0 0
5.7 0 0
5.8 0 0
5.9 0 0
6 0 0
6.1 0 0
6.2 0 0
6.3 0 0
6.4 0 0
6.5 0 0
6.6 0 0
6.7 0 0
6.8 0 0
6.9 0 0
7 0 0
7.1 0 0
7.2 0 0
7.3 0 0
7.4 0 0
7.5 0 0
7.6 0 0
7.7 0 0
7.8 0 0
7.9 0 0
8 0 0
8.1 0 0
8.2 0 0
8.3 0 0
8.4 0 0
8.5 0 0
8.6 0 0
8.7 0 0
8.8 0 0
8.9 0 0
9 0 0
9.1 0 0
9.2 0 0
9.3 0 0
9.4 0 0
9.5 0 0
9.6 0 0
9.7 0 0
9.8 0 0
9.9 0 0
10 0 0
10.1 0 0
10.2 0 0
10.3 0 0
10.4 0 0
10.5 0 0
10.6 0 0
10.7 0 0
10.8 0 0
10.9 0 0
11 0 0
11.1 0 0
11.2 0 0
11.3 0 0
11.4 0 0
11.5 0 0
11.6 0 0
11.7 0 0
11.8 0 0
11.9 0 0
12 0 0
12.1 0 0
12.2 0 0
