-15.4 0.0654943 1.5571e-05
-15.3 0.0659462 1.58386e-05
-15.2 0.0663503 1.64034e-05
-15.1 0.0668574 1.6842e-05
-15 0.0670456 1.71378e-05
-14.9 0.0674757 1.69158e-05
-14.8 0.067725 1.7676e-05
-14.7 0.0678451 1.71126e-05
-14.6 0.0683403 1.82378e-05
-14.5 0.0684156 1.81656e-05
-14.4 0.0686623 1.82834e-05
-14.3 0.0689573 1.66234e-05
-14.2 0.0690008 1.64228e-05
-14.1 0.0694386 1.69414e-05
-14 0.069493 1.70707e-05
-13.9 0.0697092 1.87343e-05
-13.8 0.0699749 1.78075e-05
-13.7 0.0700136 1.79717e-05
-13.6 0.0703993 1.86074e-05
-13.5 0.0704134 1.85128e-05
-13.4 0.0706942 1.81663e-05
-13.3 0.0708387 1.80225e-05
-13.2 0.0709716 1.85105e-05
-13.1 0.0712762 1.91394e-05
-13 0.0712821 1.81652e-05
-12.9 0.0716265 1.83132e-05
-12.8 0.0716639 1.87902e-05
-12.7 0.0719296 1.94461e-05
-12.6 0.0720324 1.77788e-05
-12.5 0.0721856 1.85391e-05
-12.4 0.0724157 1.84394e-05
-12.3 0.072489 1.88209e-05
-12.2 0.0727594 1.87707e-05
-12.1 0.0727987 1.83712e-05
-12 0.0731254 2.0152e-05
-11.9 0.0731542 2.1899e-05
-11.8 0.0734174 2.09854e-05
-11.7 0.0734601 2.04787e-05
-11.6 0.0737195 2.08988e-05
-11.5 0.0737994 1.94418e-05
-11.4 0.0740462 2.04798e-05
-11.3 0.0741387 2.08744e-05
-11.2 0.0743872 2.02215e-05
-11.1 0.0744969 2.04516e-05
-11 0.0747255 1.98677e-05
-10.9 0.0748383 1.98928e-05
-10.8 0.0750815 2.02602e-05
-10.7 0.0751783 2.12471e-05
-10.6 0.0753941 2.1537e-05
-10.5 0.0754622 2.13465e-05
-10.4 0.0758094 2.26057e-05
-10.3 0.0757778 2.19865e-05
-10.2 0.0761001 2.14541e-05
-10.1 0.0761627 2.25254e-05
-10 0.0763984 2.14415e-05
-9.9 0.0765696 2.0632e-05
-9.8 0.0766949 2.16792e-05
-9.7 0.076992 2.12087e-05
-9.6 0.0770576 2.28348e-05
-9.5 0.0773768 2.17097e-05
-9.4 0.077447 2.22028e-05
-9.3 0.0776728 2.07938e-05
-9.2 0.0779252 2.14218e-05
-9.1 0.0780258 2.14924e-05
-9 0.0783321 2.07137e-05
-8.9 0.0784782 2.13987e-05
-8.8 0.0786643 2.13291e-05
-8.7 0.0789304 2.23574e-05
-8.6 0.0790913 2.25184e-05
-8.5 0.07933 2.26148e-05
-8.4 0.0795674 2.30605e-05
-8.3 0.0797331 2.28673e-05
-8.2 0.0799756 2.30873e-05
-8.1 0.0802309 2.32289e-05
-8 0.0804399 2.11026e-05
-7.9 0.0806795 2.1722e-05
-7.8 0.0809406 2.13177e-05
-7.7 0.0811806 2.31556e-05
-7.6 0.0814467 2.29484e-05
-7.5 0.0816999 2.21586e-05
-7.4 0.0819633 2.1563e-05
-7.3 0.0822292 2.11427e-05
-7.2 0.0825001 2.1258e-05
-7.1 0.082795 2.22128e-05
-7 0.083087 2.1419e-05
-6.9 0.0833697 2.26149e-05
-6.8 0.0836721 2.25122e-05
-6.7 0.0839851 2.23349e-05
-6.6 0.0843009 2.3258e-05
-6.5 0.0846466 2.16105e-05
-6.4 0.0849933 2.13446e-05
-6.3 0.0853268 2.17615e-05
-6.2 0.0856688 2.21698e-05
-6.1 0.0860496 2.28023e-05
-6 0.0864238 2.22321e-05
-5.9 0.0868055 2.38407e-05
-5.8 0.087217 2.32858e-05
-5.7 0.0876184 2.36244e-05
-5.6 0.0880376 2.39407e-05
-5.5 0.088464 2.36248e-05
-5.4 0.0888914 2.15288e-05
-5.3 0.0893689 2.22391e-05
-5.2 0.0898504 2.30767e-05
-5.1 0.0903292 2.42862e-05
-5 0.0908452 2.42987e-05
-4.9 0.0913597 2.39527e-05
-4.8 0.091867 2.4386e-05
-4.7 0.0924203 2.56261e-05
-4.6 0.0929871 2.45578e-05
-4.5 0.0935801 2.53276e-05
-4.4 0.0941836 2.56617e-05
-4.3 0.0948235 2.40679e-05
-4.2 0.0954817 2.41497e-05
-4.1 0.0961545 2.65488e-05
-4 0.0968695 2.68666e-05
-3.9 0.097614 2.67784e-05
-3.8 0.0983947 2.56306e-05
-3.7 0.0992091 2.58182e-05
-3.6 0.100063 2.60212e-05
-3.5 0.100936 2.63854e-05
-3.4 0.101844 2.60136e-05
-3.3 0.102795 2.76097e-05
-3.2 0.103826 2.62915e-05
-3.1 0.104897 2.81909e-05
-3 0.106027 3.01009e-05
-2.9 0.107218 2.99131e-05
-2.8 0.108469 2.86758e-05
-2.7 0.109798 3.0091e-05
-2.6 0.111207 3.10549e-05
-2.5 0.112721 3.20478e-05
-2.4 0.114329 3.01042e-05
-2.3 0.116044 2.9729e-05
-2.2 0.117865 3.03954e-05
-2.1 0.119846 3.21293e-05
-2 0.121981 3.16203e-05
-1.9 0.124312 3.36451e-05
-1.8 0.126853 3.29491e-05
-1.7 0.129626 3.3324e-05
-1.6 0.132719 3.44797e-05
-1.5 0.136107 3.57169e-05
-1.4 0.139882 3.68399e-05
-1.3 0.144167 3.89473e-05
-1.2 0.149001 3.93095e-05
-1.1 0.154523 3.99699e-05
-1 0.160884 4.09047e-05
-0.9 0.168379 4.19764e-05
-0.8 0.177344 4.52734e-05
-0.7 0.188335 4.98012e-05
-0.6 0.202063 5.58662e-05
-0.5 0.219322 6.19302e-05
-0.4 0.240161 6.53574e-05
-0.3 0.263293 7.68427e-05
-0.2 0.269211 7.62666e-05
-0.1 0.260796 8.34764e-05
0 0.216354 7.35911e-05
0.1 0.148138 6.1232e-05
0.2 0.0814212 4.78755e-05
0.3 0.0373863 3.13091e-05
0.4 0.0145805 2.064e-05
0.5 0.00475488 1.23855e-05
0.6 0.0013494 6.2647e-06
0.7 0.000408335 3.35146e-06
0.8 0.000201019 2.07187e-06
0.9 0.000163008 2.13008e-06
1 0.000160399 2.04717e-06
1.1 0.000154248 2.10165e-06
1.2 0.000153371 1.80763e-06
1.3 0.0001505 1.96804e-06
1.4 0.000149603 1.98301e-06
1.5 0.000147139 2.05319e-06
1.6 0.000144966 2.03643e-06
1.7 0.000143998 1.79046e-06
1.8 0.00014598 2.20852e-06
1.9 0.000142326 2.04063e-06
2 0.000143015 1.85195e-06
2.1 0.000143496 1.93999e-06
2.2 0.000138203 1.93917e-06
2.3 0.000137243 1.73527e-06
2.4 0.000136272 1.82123e-06
2.5 0.000135594 1.75642e-06
2.6 0.000132645 1.70677e-06
2.7 0.000132432 1.71926e-06
2.8 0.000129867 1.6154e-06
2.9 0.000127344 1.6066e-06
3 0.000127744 1.66028e-06
3.1 0.0001249 1.71897e-06
3.2 0.000123825 1.74897e-06
3.3 0.000121863 1.66531e-06
3.4 0.000122278 1.68682e-06
3.5 0.00012245 1.67717e-06
3.6 0.000121794 1.71275e-06
3.7 0.000118815 1.65322e-06
3.8 0.000116208 1.74053e-06
3.9 0.000115505 1.65415e-06
4 0.00011581 1.67774e-06
4.1 0.000113315 1.70014e-06
4.2 0.000112228 1.59418e-06
4.3 0.000111909 1.60311e-06
4.4 0.000108748 1.53615e-06
4.5 0.000108149 1.41025e-06
4.6 0.000107855 1.56364e-06
4.7 0.00010539 1.64235e-06
4.8 0.000104059 1.48183e-06
4.9 0.000104892 1.75092e-06
5 0.000103403 1.55822e-06
5.1 0.000103604 1.60178e-06
5.2 0.000103743 1.59453e-06
5.3 0.000100756 1.61857e-06
5.4 9.84853e-05 1.6258e-06
5.5 9.7056e-05 1.49213e-06
5.6 9.66488e-05 1.55671e-06
5.7 9.56387e-05 1.45228e-06
5.8 9.76065e-05 1.5952e-06
5.9 9.51891e-05 1.55961e-06
6 9.32079e-05 1.48345e-06
6.1 9.26525e-05 1.53941e-06
6.2 9.03852e-05 1.54219e-06
6.3 8.9267e-05 1.47322e-06
6.4 8.8342e-05 1.36997e-06
6.5 8.98278e-05 1.4865e-06
6.6 8.76738e-05 1.2924e-06
6.7 8.69976e-05 1.35852e-06
6.8 8.62338e-05 1.38182e-06
6.9 8.64056e-05 1.46452e-06
7 8.55181e-05 1.46972e-06
7.1 8.42365e-05 1.36159e-06
7.2 8.37697e-05 1.37813e-06
7.3 8.16624e-05 1.33676e-06
7.4 8.27352e-05 1.32491e-06
7.5 8.23089e-05 1.22959e-06
7.6 8.24544e-05 1.38338e-06
7.7 8.11509e-05 1.33511e-06
7.8 7.88657e-05 1.29385e-06
7.9 7.89924e-05 1.36504e-06
8 7.82629e-05 1.39653e-06
8.1 7.78162e-05 1.34653e-06
8.2 7.5871e-05 1.30089e-06
8.3 7.5624e-05 1.39624e-06
8.4 7.45965e-05 1.36608e-06
8.5 7.3298e-05 1.24771e-06
8.6 7.19741e-05 1.12286e-06
8.7 7.2964e-05 1.25657e-06
8.8 7.2502e-05 1.24008e-06
8.9 7.00158e-05 1.19417e-06
9 6.96351e-05 1.24815e-06
9.1 6.81275e-05 1.21715e-06
9.2 6.88014e-05 1.27517e-06
9.3 6.74468e-05 1.21592e-06
9.4 6.5727e-05 1.12024e-06
9.5 6.63402e-05 1.22412e-06
9.6 6.52e-05 1.21513e-06
9.7 6.52837e-05 1.19339e-06
9.8 6.5874e-05 1.20098e-06
9.9 6.402e-05 1.21788e-06
10 6.28723e-05 1.10641e-06
10.1 6.33612e-05 1.40508e-06
10.2 6.14836e-05 1.24123e-06
10.3 6.14716e-05 1.13518e-06
10.4 6.17513e-05 1.1974e-06
10.5 6.14046e-05 1.04959e-06
10.6 6.12063e-05 1.08837e-06
10.7 5.90183e-05 1.05421e-06
10.8 5.83052e-05 1.03891e-06
10.9 5.78683e-05 1.10443e-06
11 5.87091e-05 1.15195e-06
11.1 5.65263e-05 1.14473e-06
11.2 5.6059e-05 1.21064e-06
11.3 5.87438e-05 1.09453e-06
11.4 5.6941e-05 1.08119e-06
11.5 5.65537e-05 1.08602e-06
11.6 5.58884e-05 1.09129e-06
11.7 5.33385e-05 1.05602e-06
11.8 5.3495e-05 1.04838e-06
11.9 5.31778e-05 1.02234e-06
12 5.24343e-05 1.0528e-06
12.1 5.2063e-05 1.0508e-06
12.2 5.1441e-05 1.0137e-06
