-15.4 0.0122383 2.28288e-06
-15.3 0.0122698 2.27693e-06
-15.2 0.0122932 2.31518e-06
-15.1 0.0123115 2.34702e-06
-15 0.0123278 2.3458e-06
-14.9 0.0123407 2.32331e-06
-14.8 0.0123525 2.38515e-06
-14.7 0.0123627 2.33171e-06
-14.6 0.0123713 2.35787e-06
-14.5 0.0123786 2.37008e-06
-14.4 0.0123855 2.30075e-06
-14.3 0.0123905 2.40324e-06
-14.2 0.012396 2.43207e-06
-14.1 0.0123995 2.42906e-06
-14 0.0124015 2.40243e-06
-13.9 0.0124034 2.47886e-06
-13.8 0.0124061 2.4866e-06
-13.7 0.0124068 2.4502e-06
-13.6 0.012406 2.4048e-06
-13.5 0.0124046 2.42502e-06
-13.4 0.0124032 2.40784e-06
-13.3 0.0124017 2.47534e-06
-13.2 0.012401 2.43542e-06
-13.1 0.0123984 2.44974e-06
-13 0.0123957 2.39976e-06
-12.9 0.0123915 2.44259e-06
-12.8 0.0123866 2.44065e-06
-12.7 0.0123832 2.52672e-06
-12.6 0.0123766 2.46676e-06
-12.5 0.0123707 2.48059e-06
-12.4 0.0123645 2.41406e-06
-12.3 0.0123572 2.4343e-06
-12.2 0.0123502 2.41549e-06
-12.1 0.0123445 2.52552e-06
-12 0.0123364 2.53763e-06
-11.9 0.012328 2.62468e-06
-11.8 0.0123212 2.58208e-06
-11.7 0.0123117 2.54031e-06
-11.6 0.0123015 2.49555e-06
-11.5 0.0122917 2.56484e-06
-11.4 0.0122823 2.57947e-06
-11.3 0.0122725 2.54067e-06
-11.2 0.0122621 2.55028e-06
-11.1 0.0122508 2.55723e-06
-11 0.0122405 2.50898e-06
-10.9 0.0122275 2.46799e-06
-10.8 0.012216 2.40586e-06
-10.7 0.0122028 2.41808e-06
-10.6 0.0121912 2.41135e-06
-10.5 0.0121768 2.53712e-06
-10.4 0.0121632 2.58183e-06
-10.3 0.012149 2.56579e-06
-10.2 0.0121366 2.58268e-06
-10.1 0.0121216 2.62965e-06
-10 0.0121076 2.59638e-06
-9.9 0.0120937 2.61173e-06
-9.8 0.0120785 2.54728e-06
-9.7 0.012063 2.53004e-06
-9.6 0.0120488 2.51131e-06
-9.5 0.0120337 2.55862e-06
-9.4 0.0120164 2.58698e-06
-9.3 0.012001 2.52122e-06
-9.2 0.0119847 2.52916e-06
-9.1 0.0119677 2.33898e-06
-9 0.0119514 2.36646e-06
-8.9 0.0119347 2.52249e-06
-8.8 0.0119167 2.51975e-06
-8.7 0.0118998 2.60423e-06
-8.6 0.0118835 2.54558e-06
-8.5 0.0118658 2.57467e-06
-8.4 0.011848 2.5401e-06
-8.3 0.0118288 2.43245e-06
-8.2 0.0118103 2.43388e-06
-8.1 0.0117924 2.48443e-06
-8 0.0117728 2.4953e-06
-7.9 0.0117533 2.5727e-06
-7.8 0.0117353 2.52882e-06
-7.7 0.0117157 2.54049e-06
-7.6 0.0116966 2.49818e-06
-7.5 0.0116754 2.49044e-06
-7.4 0.0116563 2.46758e-06
-7.3 0.0116352 2.44009e-06
-7.2 0.0116149 2.5591e-06
-7.1 0.0115938 2.50849e-06
-7 0.0115733 2.4689e-06
-6.9 0.0115513 2.49854e-06
-6.8 0.0115307 2.52631e-06
-6.7 0.0115112 2.41067e-06
-6.6 0.011489 2.48301e-06
-6.5 0.0114687 2.44452e-06
-6.4 0.0114473 2.39053e-06
-6.3 0.0114254 2.49506e-06
-6.2 0.0114041 2.48074e-06
-6.1 0.011382 2.44453e-06
-6 0.01136 2.49535e-06
-5.9 0.0113371 2.46286e-06
-5.8 0.0113158 2.45379e-06
-5.7 0.0112926 2.51056e-06
-5.6 0.0112704 2.53895e-06
-5.5 0.0112467 2.42496e-06
-5.4 0.011223 2.46547e-06
-5.3 0.0112007 2.36823e-06
-5.2 0.0111782 2.53656e-06
-5.1 0.0111546 2.57349e-06
-5 0.0111296 2.54377e-06
-4.9 0.0111047 2.44022e-06
-4.8 0.011079 2.38139e-06
-4.7 0.0110546 2.5038e-06
-4.6 0.0110296 2.35812e-06
-4.5 0.0110047 2.44234e-06
-4.4 0.010978 2.48259e-06
-4.3 0.010953 2.39874e-06
-4.2 0.0109274 2.37157e-06
-4.1 0.010901 2.45824e-06
-4 0.0108749 2.47471e-06
-3.9 0.0108495 2.4342e-06
-3.8 0.0108226 2.42163e-06
-3.7 0.0107961 2.42255e-06
-3.6 0.0107688 2.475e-06
-3.5 0.0107409 2.40231e-06
-3.4 0.0107118 2.34561e-06
-3.3 0.0106841 2.38307e-06
-3.2 0.0106567 2.31139e-06
-3.1 0.0106281 2.35819e-06
-3 0.0105992 2.34843e-06
-2.9 0.0105707 2.33582e-06
-2.8 0.010542 2.41207e-06
-2.7 0.0105136 2.37102e-06
-2.6 0.0104833 2.31944e-06
-2.5 0.0104545 2.27389e-06
-2.4 0.0104238 2.22176e-06
-2.3 0.0103921 2.22539e-06
-2.2 0.01036 2.2655e-06
-2.1 0.0103288 2.28174e-06
-2 0.0102964 2.22299e-06
-1.9 0.0102641 2.21943e-06
-1.8 0.0102296 2.15442e-06
-1.7 0.0101961 2.13854e-06
-1.6 0.0101605 2.22421e-06
-1.5 0.0101256 2.14726e-06
-1.4 0.0100882 2.21227e-06
-1.3 0.010049 2.26596e-06
-1.2 0.0100081 2.21001e-06
-1.1 0.00996461 2.207e-06
-1 0.00991699 2.1561e-06
-0.9 0.00986207 2.156e-06
-0.8 0.00979731 2.1748e-06
-0.7 0.0097189 2.17237e-06
-0.6 0.00961584 2.22703e-06
-0.5 0.00946234 2.20788e-06
-0.4 0.00921018 2.13637e-06
-0.3 0.00878831 2.0717e-06
-0.2 0.00792891 1.98243e-06
-0.1 0.00663243 1.79915e-06
0 0.00497524 1.5466e-06
0.1 0.00333274 1.38143e-06
0.2 0.00207844 1.11586e-06
0.3 0.0013658 9.28624e-07
0.4 0.00104383 9.1718e-07
0.5 0.000911085 9.35383e-07
0.6 0.000861969 9.13837e-07
0.7 0.000841157 8.51825e-07
0.8 0.000829041 8.30143e-07
0.9 0.000818936 8.34394e-07
1 0.00080982 8.79869e-07
1.1 0.000799053 8.47953e-07
1.2 0.000789866 8.26376e-07
1.3 0.000780431 8.08947e-07
1.4 0.000770571 8.13471e-07
1.5 0.000761917 8.10709e-07
1.6 0.00075406 7.58953e-07
1.7 0.000744433 7.41843e-07
1.8 0.000736036 7.00958e-07
1.9 0.000727871 7.06405e-07
2 0.000719514 7.69412e-07
2.1 0.000711295 7.53527e-07
2.2 0.000703784 7.86424e-07
2.3 0.000695004 7.6476e-07
2.4 0.000686797 7.2836e-07
2.5 0.000680288 7.59532e-07
2.6 0.000671805 7.99927e-07
2.7 0.000664541 7.34149e-07
2.8 0.000656927 7.54487e-07
2.9 0.000649217 7.52766e-07
3 0.000641608 7.51947e-07
3.1 0.000634129 7.99651e-07
3.2 0.000627493 8.35393e-07
3.3 0.0006209 7.77673e-07
3.4 0.000614334 7.28273e-07
3.5 0.000607982 7.35287e-07
3.6 0.000600854 6.96827e-07
3.7 0.000594364 7.10509e-07
3.8 0.000587209 7.15183e-07
3.9 0.000580871 7.35306e-07
4 0.000574811 6.9598e-07
4.1 0.000568308 7.00247e-07
4.2 0.000561517 7.21199e-07
4.3 0.000555654 6.89208e-07
4.4 0.000549619 6.86908e-07
4.5 0.000543551 7.0056e-07
4.6 0.000536583 6.8253e-07
4.7 0.000531066 6.97953e-07
4.8 0.000525111 6.6663e-07
4.9 0.00051973 6.88215e-07
5 0.000514041 6.87618e-07
5.1 0.000508093 6.75434e-07
5.2 0.000502465 6.69438e-07
5.3 0.000496791 6.60211e-07
5.4 0.000491293 6.69003e-07
5.5 0.000486064 6.53704e-07
5.6 0.000480781 6.98289e-07
5.7 0.000475091 6.57127e-07
5.8 0.000469861 6.28754e-07
5.9 0.000464354 6.04899e-07
6 0.000459329 6.15756e-07
6.1 0.000454399 5.77094e-07
6.2 0.000448826 5.90668e-07
6.3 0.000443665 6.56676e-07
6.4 0.000439007 6.50161e-07
6.5 0.000434694 6.42396e-07
6.6 0.00042911 6.47966e-07
6.7 0.000425396 6.29738e-07
6.8 0.00042038 6.67875e-07
6.9 0.000415875 6.38034e-07
7 0.000411631 6.1734e-07
7.1 0.000407477 6.12987e-07
7.2 0.000402532 5.97883e-07
7.3 0.000398051 6.01656e-07
7.4 0.000392889 6.20804e-07
7.5 0.000388555 5.95434e-07
7.6 0.000384657 6.19609e-07
7.7 0.000380006 6.04778e-07
7.8 0.00037489 5.65365e-07
7.9 0.000370783 5.89247e-07
8 0.000366143 5.87504e-07
8.1 0.000361964 5.62008e-07
8.2 0.000357461 5.93058e-07
8.3 0.000353162 5.51976e-07
8.4 0.000349365 5.67027e-07
8.5 0.000345157 5.44334e-07
8.6 0.000340745 5.29377e-07
8.7 0.000336638 5.27481e-07
8.8 0.000332418 5.57133e-07
8.9 0.000327912 5.42616e-07
9 0.000323582 5.51037e-07
9.1 0.000319278 5.51891e-07
9.2 0.000314851 5.14028e-07
9.3 0.000310112 5.46991e-07
9.4 0.000306525 5.36347e-07
9.5 0.000302442 4.89941e-07
9.6 0.000298023 5.00047e-07
9.7 0.000294237 4.9202e-07
9.8 0.000290059 4.76878e-07
9.9 0.000285598 5.3133e-07
10 0.000282107 5.24111e-07
10.1 0.000277905 5.18445e-07
10.2 0.000274332 4.96645e-07
10.3 0.000270289 4.89653e-07
10.4 0.000266105 4.7598e-07
10.5 0.000261746 4.55438e-07
10.6 0.000257517 4.71525e-07
10.7 0.000253332 4.49257e-07
10.8 0.000249332 4.68258e-07
10.9 0.00024526 4.39117e-07
11 0.000241395 4.36872e-07
11.1 0.000237115 4.23586e-07
11.2 0.000233744 4.49958e-07
11.3 0.000230052 4.33904e-07
11.4 0.000225566 4.25127e-07
11.5 0.000221849 4.37137e-07
11.6 0.000217257 3.70432e-07
11.7 0.000213264 3.84192e-07
11.8 0.000208954 3.69838e-07
11.9 0.00020422 3.52153e-07
12 0.00019982 3.63854e-07
12.1 0.000195086 3.55144e-07
12.2 0.000189671 3.35937e-07
