-15.4 3.92472 0.000110764
-15.3 3.9248 0.000102883
-15.2 3.93409 0.000108505
-15.1 3.95637 0.000100938
-15 3.95647 0.00010718
-14.9 3.9769 9.55069e-05
-14.8 3.98849 0.000105248
-14.7 3.99001 0.000112092
-14.6 4.02034 9.8052e-05
-14.5 4.02103 0.000108251
-14.4 4.0361 0.000112478
-14.3 4.05376 9.41633e-05
-14.2 4.05465 0.000106643
-14.1 4.08394 9.75811e-05
-14 4.08697 0.00010455
-13.9 4.10195 0.000102405
-13.8 4.12015 9.83885e-05
-13.7 4.12275 0.000111985
-13.6 4.15204 0.00011682
-13.5 4.15428 0.000103182
-13.4 4.17472 0.000119243
-13.3 4.18831 0.000111868
-13.2 4.19762 0.00012087
-13.1 4.22227 0.000112283
-13 4.22466 0.000114226
-12.9 4.25319 0.000124635
-12.8 4.25793 0.000110643
-12.7 4.28029 9.49715e-05
-12.6 4.29289 0.000113855
-12.5 4.30774 0.000124858
-12.4 4.328 0.00011833
-12.3 4.33736 0.000104741
-12.2 4.36285 0.000110996
-12.1 4.36982 0.000129585
-12 4.39655 0.000117125
-11.9 4.4043 0.000119863
-11.8 4.43061 0.000124435
-11.7 4.4402 0.000135504
-11.6 4.46533 0.000129877
-11.5 4.47688 0.00012063
-11.4 4.50095 0.000123982
-11.3 4.51414 0.000129928
-11.2 4.53797 0.000115381
-11.1 4.55246 0.000132402
-11 4.57624 0.000127521
-10.9 4.59149 0.000126454
-10.8 4.61565 0.000132723
-10.7 4.6316 0.000127821
-10.6 4.65574 0.000120423
-10.5 4.66853 0.000134627
-10.4 4.7053 0.000128425
-10.3 4.71142 0.000136398
-10.2 4.74499 0.000142747
-10.1 4.75831 0.000114417
-10 4.78531 0.000134858
-9.9 4.80746 0.000119228
-9.8 4.82617 0.000143311
-9.7 4.85793 0.000137045
-9.6 4.87095 0.000126252
-9.5 4.9067 0.000128023
-9.4 4.92387 0.000136182
-9.3 4.95028 0.000145623
-9.2 4.97917 0.000139618
-9.1 4.99792 0.000123355
-9 5.03235 0.000136873
-8.9 5.05463 0.000133014
-8.8 5.08096 0.000143461
-8.7 5.11373 0.000140923
-8.6 5.13684 0.000135066
-8.5 5.1676 0.000145736
-8.4 5.19867 0.00013754
-8.3 5.22543 0.000150089
-8.2 5.25749 0.000155235
-8.1 5.28951 0.000150909
-8 5.31915 0.000134607
-7.9 5.3518 0.000141272
-7.8 5.3856 0.000170115
-7.7 5.41845 0.000174254
-7.6 5.45202 0.000163552
-7.5 5.48752 0.000179288
-7.4 5.52318 0.000169989
-7.3 5.55966 0.000168844
-7.2 5.59652 0.000150322
-7.1 5.6344 0.000153696
-7 5.6732 0.000161405
-6.9 5.71294 0.000149483
-6.8 5.75336 0.00016016
-6.7 5.79498 0.000174629
-6.6 5.837 0.000179588
-6.5 5.88095 0.000184346
-6.4 5.92528 0.000185863
-6.3 5.97096 0.000216396
-6.2 6.01748 0.000177202
-6.1 6.06558 0.000181416
-6 6.11455 0.00020715
-5.9 6.16505 0.000193588
-5.8 6.21672 0.000201445
-5.7 6.26994 0.000214635
-5.6 6.32462 0.000190102
-5.5 6.38034 0.000199809
-5.4 6.43812 0.000199262
-5.3 6.49774 0.000224404
-5.2 6.55926 0.000209931
-5.1 6.62193 0.000190939
-5 6.68735 0.000219513
-4.9 6.75424 0.000205883
-4.8 6.8238 0.000213145
-4.7 6.89524 0.000243862
-4.6 6.96954 0.000234417
-4.5 7.04523 0.000228331
-4.4 7.12497 0.000243058
-4.3 7.2068 0.000193778
-4.2 7.2917 0.000240192
-4.1 7.38024 0.000220744
-4 7.47178 0.000221225
-3.9 7.56693 0.00022346
-3.8 7.66599 0.000239984
-3.7 7.76955 0.0002514
-3.6 7.87715 0.000253026
-3.5 7.98989 0.000263905
-3.4 8.10734 0.000248095
-3.3 8.23071 0.000287468
-3.2 8.36022 0.000252948
-3.1 8.49592 0.000266273
-3 8.63886 0.000329269
-2.9 8.78908 0.000322123
-2.8 8.94844 0.000359886
-2.7 9.11699 0.000387774
-2.6 9.29542 0.000391214
-2.5 9.48513 0.000407386
-2.4 9.68769 0.000411502
-2.3 9.90493 0.000403632
-2.2 10.1366 0.000481801
-2.1 10.3869 0.000494005
-2 10.6576 0.000539412
-1.9 10.952 0.000563569
-1.8 11.2723 0.000750556
-1.7 11.6255 0.000872626
-1.6 12.0161 0.000962383
-1.5 12.4502 0.00117587
-1.4 12.9374 0.00131133
-1.3 13.4871 0.00141871
-1.2 14.1191 0.0015915
-1.1 14.8532 0.0020656
-1 15.7134 0.00243487
-0.9 16.7491 0.00292857
-0.8 18.0229 0.00354193
-0.7 19.6511 0.00412827
-0.6 21.8213 0.00575119
-0.5 24.8571 0.00744267
-0.4 29.2366 0.00890913
-0.3 35.6898 0.0128912
-0.2 43.6245 0.0177648
-0.1 55.5051 0.0236089
0 68.8113 0.0318243
0.1 82.9569 0.0492143
0.2 97.826 0.073483
0.3 111.236 0.114588
0.4 124.13 0.231802
0.5 137.351 0.49378
0.6 149.706 1.03168
0.7 167.389 2.49581
0.8 194.119 13.1644
0.9 124.992 28.9971
1 30.3811 18.5826
1.1 7.27727 4.18048
1.2 0 0
1.3 0 0
1.4 0 0
1.5 0 0
1.6 0 0
1.7 0 0
1.8 0 0
1.9 0 0
2 0 0
2.1 0 0
2.2 0 0
2.3 0 0
2.4 0 0
2.5 0 0
2.6 0 0
2.7 0 0
2.8 0 0
2.9 0 0
3 0 0
3.1 0 0
3.2 0 0
3.3 0 0
3.4 0 0
3.5 0 0
3.6 0 0
3.7 0 0
3.8 0 0
3.9 0 0
4 0 0
4.1 0 0
4.2 0 0
4.3 0 0
4.4 0 0
4.5 0 0
4.6 0 0
4.7 0 0
4.8 0 0
4.9 0 0
5 0 0
5.1 0 0
5.2 0 0
5.3 0 0
5.4 0 0
5.5 0 0
5.6 0 0
5.7 0 0
5.8 0 0
5.9 0 0
6 0 0
6.1 0 0
6.2 0 0
6.3 0 0
6.4 0 0
6.5 0 0
6.6 0 0
6.7 0 0
6.8 0 0
6.9 0 0
7 0 0
7.1 0 0
7.2 0 0
7.3 0 0
7.4 0 0
7.5 0 0
7.6 0 0
7.7 0 0
7.8 0 0
7.9 0 0
8 0 0
8.1 0 0
8.2 0 0
8.3 0 0
8.4 0 0
8.5 0 0
8.6 0 0
8.7 0 0
8.8 0 0
8.9 0 0
9 0 0
9.1 0 0
9.2 0 0
9.3 0 0
9.4 0 0
9.5 0 0
9.6 0 0
9.7 0 0
9.8 0 0
9.9 0 0
10 0 0
10.1 0 0
10.2 0 0
10.3 0 0
10.4 0 0
10.5 0 0
10.6 0 0
10.7 0 0
10.8 0 0
10.9 0 0
11 0 0
11.1 0 0
11.2 0 0
11.3 0 0
11.4 0 0
11.5 0 0
11.6 0 0
11.7 0 0
11.8 0 0
11.9 0 0
12 0 0
12.1 0 0
12.2 0 0
